0.21
0.35
0.49
0.56
0.765
0.885
1.035
1.165
1.24
1.395
1.475
1.555
1.66
1.835
2.11
2.205
2.375
2.525
2.615
2.74
3.065
3.175
3.305
3.465
3.5
3.835
4.055
4.14
4.39
4.53
4.825
4.925
5.08
5.36
5.375
5.445
5.5
5.59
5.84
5.98
6.09
6.21
6.46
6.725
6.815
6.86
7.005
7.225
7.26
7.38
7.54
7.62
7.825
7.91
8.175
8.365
8.725
8.91
8.99
9.165
9.245
9.565
9.735
9.81
9.99
10.085
10.52
10.655
10.895
11.045
11.18
11.43
11.605
11.7
11.975
11.995
12.15
12.28
12.425
12.53
12.69
12.825
13.06
13.24
13.51
13.595
13.77
13.895
14.04
14.295
14.445
14.64
14.955
15.12
15.365
15.78
15.93
16.025
16.18
16.285
16.445
16.805
16.985
17.095
17.365
17.525
17.645
17.79
18.065
18.15
18.405
18.6
18.675
18.935
18.965
19.11
19.245
19.38
19.515
19.65
19.795
19.93
20.065
20.24
20.5
20.55
20.735
20.86
21.08
21.295
21.615
21.655
21.84
22.155
22.34
22.42
22.5
22.62
22.685
22.705
22.865
23.155
23.21
23.28
23.41
23.69
23.745
23.935
24.015
24.275
24.57
24.72
24.86
24.98
25.12
25.345
25.535
25.665
25.88
26.07
26.415
26.615
26.72
26.885
26.95
27.01
27.135
27.275
27.48
27.68
27.78
27.97
28.025
28.225
28.335
28.47
28.605
28.755
29.02
29.085
29.3
29.39
29.565
29.63
29.69
29.81
29.945
