0.335
0.7
1.06
1.16
1.49
1.82
2.21
2.58
2.97
3.29
3.35
3.725
3.975
4.075
4.11
4.375
4.395
4.485
4.675
4.85
4.89
5.25
5.62
6.005
6.375
6.755
7.145
7.5
7.89
8.295
8.49
8.65
8.68
9.04
9.41
9.46
9.58
9.67
9.81
9.895
10.19
10.415
10.935
11.33
11.515
11.54
11.715
12.39
12.46
12.77
12.86
13.05
13.075
13.23
13.425
13.545
13.575
13.61
13.98
14.71
14.745
15.1
15.325
15.5
16.08
16.265
16.47
16.84
16.875
17.03
17.06
17.305
17.685
17.82
18.175
18.54
18.785
19.305
19.495
19.815
20.06
20.095
20.45
20.815
20.84
21.06
21.18
21.215
21.58
21.63
22.345
22.62
22.735
23.11
23.145
23.41
23.71
23.865
24.245
24.525
24.54
24.62
24.88
25.38
25.765
26.13
26.525
26.895
27.285
27.655
28.045
28.42
28.725
28.825
28.99
29.175
29.2
