0.16
0.33
0.665
0.895
1.28
1.46
1.845
2.01
2.385
2.58
2.955
3.115
3.145
3.5
3.69
3.71
4.08
4.25
4.655
4.795
5.12
5.145
5.4
5.72
5.95
5.98
6.0
6.315
6.515
6.56
6.9
6.935
7.115
7.485
7.655
8.05
8.23
8.255
8.535
8.605
8.79
9.12
9.19
9.365
9.405
9.74
9.95
10.525
10.9
11.08
11.45
11.655
12.195
12.215
12.635
12.76
12.8
13.16
13.2
13.335
13.72
13.91
14.19
14.48
14.845
15.055
15.425
15.605
15.965
16.155
16.18
16.505
16.575
16.725
17.105
17.31
17.685
17.84
17.875
18.225
18.43
18.985
19.32
19.35
19.57
19.91
19.98
20.12
20.15
20.49
20.52
20.695
21.255
21.305
21.62
21.78
21.83
22.08
22.205
22.415
22.78
22.95
23.175
23.38
23.515
23.925
24.105
24.385
24.49
24.655
25.045
25.16
25.235
25.63
25.755
25.795
26.155
26.265
26.315
26.39
26.65
26.73
26.895
27.32
27.455
27.5
27.875
28.025
28.06
28.415
28.455
28.585
28.64
28.965
29.16
29.21
29.57
29.725
29.76
29.775
