0.35
0.745
0.965
1.155
1.175
1.385
1.585
1.785
2.005
2.22
2.405
2.61
2.815
3.02
3.22
3.44
3.64
3.875
4.05
4.26
4.455
4.875
5.09
5.295
5.695
5.895
6.11
6.31
6.51
6.735
6.94
7.33
7.565
7.74
7.77
8.18
8.395
8.6
8.82
9.005
9.2
9.41
9.615
9.805
10.02
10.23
10.64
10.86
11.07
11.28
11.475
11.7
11.895
12.29
12.505
12.72
12.9
13.145
13.345
13.525
13.745
13.94
14.15
14.355
14.57
14.77
14.985
15.175
15.4
15.59
15.785
16.0
16.195
16.395
16.61
16.82
17.2
17.22
17.425
17.635
17.84
18.045
18.265
18.465
18.87
19.05
19.28
19.465
19.69
19.895
20.095
20.3
20.495
20.71
20.925
21.115
21.32
21.555
21.75
22.065
22.145
22.36
22.74
23.125
23.165
23.35
23.555
24.145
24.365
24.53
24.95
25.14
25.555
25.735
26.14
26.37
26.55
26.745
27.37
27.585
27.76
28.19
28.345
28.555
28.755
28.96
29.165
29.205
29.38
29.775
