0.11
0.335
0.565
0.8
0.955
1.045
1.255
1.28
1.5
1.735
1.88
1.98
2.205
2.43
2.665
2.805
2.895
3.12
3.35
3.58
3.82
4.045
4.065
4.3
4.48
4.54
4.745
4.905
4.985
5.135
5.2
5.45
5.58
5.675
5.9
6.13
6.365
6.51
6.595
6.82
7.05
7.285
7.52
7.725
7.985
8.165
8.225
8.415
8.46
8.68
8.905
9.14
9.38
9.6
9.83
10.065
10.19
10.295
10.52
10.75
10.985
11.22
11.445
11.47
11.68
11.925
12.15
12.4
12.57
12.64
12.84
12.985
13.08
13.305
13.53
13.765
13.895
13.995
14.22
14.45
14.69
14.925
15.15
15.375
15.61
15.77
15.85
16.305
16.545
16.765
17.21
17.67
17.885
17.92
18.155
18.37
18.83
19.0
19.07
19.51
20.0
20.47
20.67
20.925
21.4
21.605
21.865
22.09
22.315
22.54
22.77
23.015
23.25
23.48
23.695
23.985
24.165
24.39
24.555
24.625
24.86
24.92
25.1
25.325
25.55
25.785
26.035
26.25
26.475
26.71
26.89
27.175
27.395
27.835
28.1
28.3
28.32
28.565
28.76
29.02
29.26
29.49
29.715
29.94
