0.08
0.245
0.275
0.445
0.63
0.835
1.045
1.23
1.455
1.645
1.86
2.055
2.265
2.46
2.675
2.87
3.07
3.265
3.47
3.675
3.87
4.065
4.465
4.7
4.88
4.905
5.305
5.725
5.915
6.11
6.31
6.325
6.525
6.74
6.93
7.125
7.14
7.155
7.345
7.735
7.975
8.15
8.565
8.97
9.19
9.39
9.795
10.205
10.545
10.615
10.82
11.015
11.225
11.25
11.415
11.63
11.805
12.0
12.205
12.595
12.83
13.01
13.415
13.435
13.64
13.83
14.05
14.235
14.43
14.645
14.85
15.035
15.26
15.455
15.66
15.855
16.055
16.25
16.47
16.66
16.87
17.075
17.28
17.48
17.68
17.89
18.1
18.29
18.51
18.695
19.09
19.32
19.505
19.53
19.72
19.91
20.14
20.325
20.55
20.73
20.94
21.155
21.35
21.545
21.76
21.955
22.16
22.35
22.565
22.76
22.97
23.155
23.39
23.58
23.79
23.98
24.185
24.39
24.59
24.785
25.015
25.185
25.64
25.83
25.88
26.05
26.31
26.45
26.865
26.91
27.305
27.5
27.695
28.12
28.52
28.93
29.34
29.745
