0.41
0.72
0.86
1.0
1.165
1.295
1.595
1.875
1.92
2.2
2.515
2.78
3.085
3.105
3.25
3.41
3.575
3.7
3.985
4.05
4.29
4.475
4.585
4.885
5.185
5.445
5.495
5.645
5.78
5.94
6.06
6.345
6.515
6.665
6.93
7.375
7.8
7.96
8.245
8.4
8.67
8.825
8.98
9.23
10.15
10.57
10.72
10.99
11.275
11.335
11.595
12.125
12.28
12.87
13.205
13.485
13.69
13.805
14.105
14.59
14.715
15.035
15.235
15.65
15.94
16.225
16.545
16.935
17.11
17.155
17.375
17.775
17.995
18.365
18.545
18.665
18.99
19.19
19.3
19.575
19.725
19.95
20.195
20.5
20.79
21.095
21.38
22.005
22.61
22.92
23.075
23.21
23.51
23.805
24.125
24.425
24.74
24.97
25.23
25.35
25.635
25.9
25.955
26.065
26.2
26.22
26.675
26.84
27.145
27.31
27.43
27.74
28.03
28.345
28.5
28.655
28.935
29.015
29.26
29.56
