0.235
0.71
1.185
1.66
1.91
2.13
2.41
2.61
3.09
3.565
4.045
4.215
4.505
4.98
5.21
5.295
5.455
5.945
6.415
6.645
6.74
6.9
7.375
7.595
7.845
8.315
8.795
9.265
9.54
9.745
10.01
10.23
10.39
10.705
11.005
11.175
11.665
11.965
12.13
12.375
12.605
12.82
13.08
13.345
13.565
14.035
14.23
14.33
14.515
14.99
15.02
15.235
15.46
15.63
15.93
16.325
16.6
16.745
16.88
17.05
17.37
17.625
17.845
18.145
18.32
18.795
19.05
19.275
19.575
19.75
19.99
20.235
20.465
20.71
21.195
21.655
21.9
22.13
22.605
22.845
23.085
23.56
23.795
24.04
24.275
24.49
24.745
24.99
25.47
25.525
25.705
25.935
26.19
26.415
26.665
26.895
27.37
27.615
27.855
28.085
28.32
28.37
28.575
28.795
29.08
29.175
29.21
29.405
29.635
29.855
