0.28
0.425
0.49
0.7
0.9
1.13
1.705
1.785
2.015
2.425
2.63
3.0
3.505
3.74
3.945
4.15
4.36
4.585
5.03
5.24
5.455
5.68
5.885
6.07
6.31
6.345
6.765
6.87
6.97
7.18
7.405
7.615
7.825
8.04
8.695
8.925
9.13
9.15
9.21
9.56
9.675
9.815
10.04
10.46
10.92
11.34
11.575
11.795
12.005
12.23
12.445
12.69
12.88
13.09
13.315
13.56
13.77
13.955
14.18
14.405
14.615
14.745
14.835
15.06
15.095
15.295
15.485
15.695
15.91
15.95
16.17
16.38
16.565
16.615
16.775
16.8
17.05
17.135
17.245
17.445
17.66
17.69
17.865
17.925
18.12
18.305
18.35
18.555
18.79
19.18
19.395
19.625
19.835
20.05
20.255
20.54
20.675
20.74
20.93
21.145
21.35
21.41
21.605
21.79
22.02
22.275
22.425
22.47
22.625
22.665
22.875
22.95
23.07
23.105
23.335
23.515
23.69
23.74
23.945
24.005
24.195
24.39
24.61
24.82
24.875
25.055
25.25
25.305
25.475
25.68
25.75
25.82
25.9
26.02
26.12
26.34
26.545
26.76
26.98
27.22
27.45
27.62
27.83
28.06
28.275
28.49
28.69
28.72
28.745
28.915
29.175
29.365
29.575
29.805
29.885
