0.1
0.29
0.455
0.63
0.835
0.98
1.165
1.24
1.325
1.66
1.68
1.85
2.045
2.205
2.375
2.555
2.63
2.73
2.9
2.915
3.06
3.095
3.265
3.585
3.78
4.05
4.14
4.34
4.49
4.65
4.855
5.17
5.38
5.465
5.54
5.725
5.9
6.075
6.24
6.44
6.545
6.765
6.94
7.27
7.305
7.49
7.64
8.015
8.165
8.19
8.35
8.525
8.71
8.87
9.05
9.265
9.39
9.755
9.95
10.11
10.305
10.515
10.815
11.155
11.335
11.515
11.685
11.85
12.2
12.38
12.555
12.81
12.915
13.08
13.265
13.625
13.765
13.83
13.965
14.14
14.32
14.49
14.66
14.685
15.005
15.19
15.35
15.595
15.725
15.885
16.075
16.43
16.545
16.77
16.955
17.13
17.305
17.47
17.825
18.0
18.17
18.53
18.695
18.88
19.235
19.49
19.58
19.76
19.915
19.94
20.1
20.27
20.455
20.63
20.775
20.955
20.975
21.335
21.5
21.535
21.685
22.04
22.39
22.565
22.745
22.92
23.08
23.115
23.435
23.61
23.795
24.15
24.315
24.345
24.475
24.855
25.095
25.2
25.375
25.39
25.55
25.725
25.895
26.09
26.245
26.425
26.595
26.965
27.12
27.15
27.305
27.665
27.805
28.005
28.18
28.36
28.53
28.71
29.05
29.255
29.4
29.64
29.765
29.93
29.965
