0.26
0.52
0.74
0.97
1.19
1.425
1.66
1.86
2.08
2.3
2.36
2.465
2.58
2.81
3.025
3.055
3.265
3.49
3.725
3.95
4.105
4.18
4.645
4.875
5.115
5.345
5.545
5.575
5.64
5.785
6.035
6.21
6.31
6.47
6.685
6.9
7.16
7.38
7.605
7.7
7.85
8.075
8.255
8.3
8.52
8.71
8.975
9.0
9.19
9.425
9.665
9.77
9.925
10.12
10.335
10.57
10.585
10.8
11.005
11.24
11.47
11.715
11.785
11.935
12.145
12.18
12.41
12.625
12.845
13.005
13.05
13.07
13.155
13.295
13.505
13.69
13.755
14.0
14.225
14.46
14.48
14.71
14.905
15.145
15.82
16.29
16.5
16.72
16.86
16.945
17.175
17.52
17.64
17.855
18.105
18.28
18.555
18.785
18.955
19.055
19.175
19.46
19.645
19.77
20.135
20.38
20.44
20.555
21.04
21.195
21.295
21.75
21.93
21.945
22.2
22.43
22.54
22.645
22.7
22.845
22.89
22.95
23.11
23.395
23.56
23.72
24.01
24.245
24.475
24.69
24.905
25.155
25.37
25.43
25.595
25.84
26.06
26.2
26.285
26.52
26.735
26.935
26.955
27.205
27.265
27.425
27.645
27.885
28.115
28.34
28.565
28.795
29.02
29.1
29.255
29.475
29.875
