0.02
0.08
0.19
0.44
0.775
0.85
0.985
1.25
1.515
1.8
2.06
2.505
2.585
2.87
2.99
3.125
3.405
3.655
3.95
4.19
4.465
4.66
4.73
5.01
5.14
5.275
5.54
5.8
6.075
6.265
6.34
6.615
6.74
6.865
7.15
7.28
7.415
7.69
7.86
7.94
8.23
8.35
8.48
8.755
9.015
9.205
9.425
9.56
9.825
10.085
10.38
10.635
11.03
11.16
11.44
11.57
11.705
11.975
12.225
12.505
12.77
13.04
13.17
13.295
13.6
13.72
13.84
14.11
14.37
14.655
14.91
15.2
15.445
15.65
15.725
15.855
15.99
16.195
16.26
16.52
16.835
17.055
17.34
17.495
17.59
17.865
17.9
17.995
18.135
18.405
18.66
18.95
19.21
19.47
19.735
20.015
20.14
20.28
20.55
20.81
21.085
21.35
21.635
21.88
22.165
22.295
22.415
22.675
22.95
23.23
23.49
23.76
24.02
24.305
24.425
24.57
24.835
25.09
25.375
25.63
25.925
26.17
26.455
26.575
26.715
26.99
27.24
27.53
27.79
28.05
28.31
28.585
28.85
29.12
29.39
29.66
29.93
