0.33
0.47
0.61
0.755
0.88
1.02
1.16
1.355
1.465
1.605
1.71
1.84
2.03
2.12
2.295
2.535
2.6
2.675
2.745
2.82
2.88
3.015
3.145
3.29
3.43
3.71
3.87
3.965
4.295
4.43
4.565
4.665
4.86
5.005
5.14
5.3
5.41
5.555
5.695
5.8
5.99
6.14
6.26
6.365
6.56
6.705
6.835
6.93
7.13
7.27
7.415
7.68
7.7
7.82
7.97
8.06
8.255
8.4
8.52
8.565
8.82
8.96
9.1
9.375
9.535
9.675
9.81
9.94
10.0
10.09
10.235
10.33
10.525
10.67
10.785
10.9
11.095
11.22
11.365
11.44
11.575
11.665
11.74
11.8
11.94
12.09
12.225
12.35
12.49
12.605
12.785
12.935
13.065
13.095
13.16
13.35
13.485
13.63
13.73
13.915
14.065
14.205
14.475
14.615
14.755
14.865
15.06
15.2
15.325
15.435
15.62
15.75
15.89
16.195
16.335
16.47
16.605
16.755
16.885
17.025
17.135
17.32
17.465
17.585
17.605
17.91
18.055
18.185
18.33
18.46
18.62
18.745
18.9
19.025
19.17
19.195
19.305
19.585
20.185
20.33
20.6
20.715
20.755
20.9
21.0
21.28
21.315
21.465
21.56
21.685
21.84
22.105
22.42
22.56
22.695
22.835
22.97
23.135
23.265
23.53
23.7
23.815
23.935
24.095
24.235
24.695
24.8
24.94
25.11
25.22
25.26
25.405
25.51
25.635
25.785
25.97
26.065
26.195
26.35
26.505
26.62
27.06
27.2
27.345
27.475
27.64
27.76
27.905
28.04
28.18
28.21
28.32
28.6
28.74
29.2
29.455
