0.265
0.515
0.765
0.83
1.13
1.31
1.415
1.64
1.735
2.025
2.05
2.325
2.61
2.635
2.95
3.22
3.24
3.525
3.865
4.115
4.425
4.72
5.025
5.085
5.33
5.62
5.925
6.12
6.23
6.84
7.13
7.445
7.465
7.72
7.865
8.025
8.05
8.07
8.325
8.615
8.92
9.215
9.255
9.505
9.83
10.15
10.42
10.695
11.01
11.305
11.565
11.645
12.155
12.215
12.5
12.855
13.06
13.1
13.405
13.43
13.695
13.995
14.29
14.34
14.75
14.805
14.87
15.155
15.23
15.47
15.675
15.7
15.78
16.055
16.085
16.37
16.64
16.97
17.27
17.86
18.155
18.455
18.75
18.955
19.235
19.35
19.385
19.65
19.94
19.97
20.225
20.54
20.825
21.015
21.125
21.405
21.725
22.005
22.3
22.32
22.485
22.505
22.61
22.72
23.02
23.185
23.765
24.075
24.14
24.375
24.56
24.675
24.96
25.265
25.555
25.855
26.15
26.44
26.745
27.325
27.64
28.235
28.545
28.905
29.135
29.43
29.725
29.96
