0.225
0.41
0.455
0.64
0.69
0.86
1.315
1.5
1.565
1.73
1.97
2.16
2.375
2.585
2.805
3.025
3.235
3.29
3.45
3.685
3.825
3.905
4.145
4.33
4.755
4.8
4.97
5.015
5.195
5.39
5.63
6.05
6.48
6.685
6.91
7.1
7.145
7.275
7.38
7.635
7.79
8.02
8.23
8.425
8.635
8.885
8.975
9.51
9.77
10.365
10.595
10.81
10.865
11.055
11.25
11.46
11.68
11.885
12.1
12.345
12.545
12.685
12.98
13.205
13.415
13.84
14.06
14.28
14.3
14.515
14.715
15.05
15.16
15.37
15.405
15.59
15.805
15.825
16.035
16.46
16.7
16.9
17.115
17.33
17.53
17.555
17.735
17.935
18.005
18.21
18.555
18.66
18.84
18.875
18.92
19.08
19.3
19.51
19.945
20.175
20.385
20.6
20.82
21.035
21.29
21.71
21.93
22.15
22.365
22.59
22.81
23.04
23.26
23.485
23.915
24.13
24.175
24.34
24.6
24.805
25.225
25.44
25.665
25.885
26.105
26.325
26.495
26.555
26.79
26.98
27.415
27.63
27.665
27.855
28.055
28.3
28.73
29.185
29.44
29.865
