0.14
0.285
0.415
0.565
0.645
0.865
1.03
1.135
1.365
1.6
1.825
1.855
2.095
2.305
2.325
2.565
2.795
3.045
3.28
3.525
3.57
3.775
3.85
4.065
4.485
4.72
4.945
4.96
5.2
5.395
5.68
5.9
6.165
6.4
6.63
7.1
7.35
7.575
7.82
7.99
8.055
8.25
8.32
8.53
8.615
8.99
9.015
9.28
9.395
9.495
9.74
9.85
9.975
10.21
10.445
10.83
10.9
11.335
11.415
11.665
11.89
12.14
12.375
12.625
12.85
13.105
13.335
13.585
13.82
14.06
14.28
14.75
15.15
15.165
15.255
15.49
15.625
15.715
15.965
16.195
16.44
16.67
16.915
16.985
17.145
17.375
17.525
17.63
17.855
17.885
17.99
18.005
18.09
18.55
18.92
19.07
19.29
19.54
19.78
19.8
20.005
20.25
20.48
20.96
21.145
21.33
21.45
21.695
21.81
21.905
22.15
22.325
22.385
22.785
22.89
23.145
23.365
23.625
23.85
24.325
24.54
24.81
25.045
25.165
25.27
25.535
25.75
25.975
26.22
26.485
26.77
26.96
27.355
27.45
27.685
28.185
28.43
28.675
28.935
29.165
29.41
29.66
29.785
29.885
