0.26
0.375
0.73
0.8
0.99
1.18
1.42
1.5
1.535
1.62
1.88
2.03
2.095
2.265
2.335
2.565
2.655
2.81
2.84
2.985
3.15
3.19
3.46
3.755
3.775
3.91
4.155
4.255
4.4
4.505
4.675
4.85
5.315
5.43
5.765
6.04
6.225
6.455
6.48
6.695
7.16
7.36
7.54
7.63
7.835
8.025
8.345
8.545
8.815
9.01
9.24
9.47
9.745
9.945
10.16
10.325
10.415
10.79
10.865
11.14
11.285
11.555
11.78
12.015
12.235
12.445
12.7
12.93
13.155
13.39
13.625
13.865
14.07
14.275
14.535
14.815
14.97
15.0
15.015
15.25
15.485
15.895
16.145
16.365
16.595
16.82
17.02
17.28
17.48
17.63
17.97
18.2
18.365
18.625
18.855
19.09
19.565
20.035
20.27
20.485
20.67
20.93
21.16
21.405
21.66
21.845
22.065
22.3
22.54
22.765
22.925
23.015
23.205
23.39
23.525
23.69
23.975
24.13
24.23
24.35
24.6
24.82
25.07
25.255
25.29
25.475
25.745
25.76
25.99
26.14
26.365
26.515
26.915
26.93
27.125
27.34
27.425
27.855
28.03
28.305
28.485
28.535
28.735
29.03
29.155
29.34
29.645
