0.095
0.37
0.455
0.595
0.855
0.99
1.1
1.36
1.475
1.61
2.025
2.1
2.36
2.6
2.72
2.85
3.095
3.51
3.6
3.825
3.99
4.085
4.285
4.485
4.595
4.845
5.085
5.35
5.48
5.59
5.84
5.975
6.085
6.35
6.475
6.6
6.72
6.845
6.975
7.09
7.475
7.565
7.605
8.005
8.095
8.35
8.595
8.84
8.96
9.085
9.36
9.595
9.765
9.83
10.085
10.37
10.59
10.78
10.84
11.0
11.085
11.355
11.41
11.59
12.0
12.085
12.34
12.585
12.815
12.85
12.98
13.08
13.315
13.585
13.955
14.085
14.21
14.295
14.585
14.805
15.075
15.335
15.58
15.99
16.08
16.33
16.575
16.825
17.015
17.075
17.325
17.445
17.49
17.58
17.8
17.96
18.075
18.575
18.745
18.825
18.84
19.075
19.35
19.415
19.58
20.065
20.33
20.415
20.57
20.8
21.065
21.28
21.34
21.455
21.575
21.795
21.955
22.065
22.27
22.57
22.76
23.06
23.45
23.565
24.06
24.325
24.575
24.7
25.06
25.445
25.57
25.845
25.955
26.06
26.315
26.45
26.57
26.815
26.94
27.06
27.34
27.435
27.565
27.825
28.055
28.445
28.565
28.805
29.055
29.365
29.565
29.805
29.95
