0.14
0.39
0.47
0.535
0.8
1.045
1.185
1.37
1.425
1.66
2.05
2.475
2.695
3.08
3.275
3.33
3.555
3.72
3.905
3.955
4.265
4.36
4.585
5.215
5.25
5.375
5.515
5.85
6.04
6.255
6.49
6.62
7.09
7.48
7.71
7.82
7.975
8.315
8.53
8.545
8.575
8.715
8.805
8.945
9.135
9.15
9.455
9.54
9.91
10.17
10.535
10.82
11.11
11.225
11.4
11.655
12.075
12.205
12.35
12.695
13.795
14.01
14.41
14.8
14.995
15.4
15.645
16.285
16.725
16.935
17.375
17.585
17.75
17.865
18.175
18.49
18.655
18.79
19.095
19.395
20.015
20.32
20.545
20.965
21.17
21.52
21.68
21.765
21.97
22.1
22.425
22.995
23.53
23.745
24.125
24.545
24.675
24.735
25.06
25.285
25.515
25.69
25.915
26.58
27.225
27.265
27.52
27.57
28.035
28.575
28.75
28.81
29.265
