0.065
0.095
0.2
0.335
0.47
0.6
0.735
1.015
1.265
1.4
1.53
1.67
1.815
2.065
2.33
2.47
2.6
2.74
3.135
3.405
3.535
3.67
3.935
4.205
4.335
4.465
4.6
4.73
4.87
5.0
5.265
5.4
5.535
5.67
5.805
5.94
6.07
6.335
6.47
6.605
6.735
6.865
7.01
7.14
7.405
7.675
7.805
7.945
8.205
8.47
8.605
8.74
8.87
9.005
9.145
9.275
9.54
9.675
9.81
9.94
10.075
10.21
10.345
10.61
10.74
10.875
11.01
11.14
11.28
11.41
11.68
11.95
12.075
12.215
12.475
12.745
12.875
13.015
13.145
13.28
13.415
13.55
13.815
13.945
14.08
14.215
14.355
14.485
14.615
14.885
15.015
15.15
15.285
15.415
15.555
15.685
15.95
16.22
16.35
16.485
16.75
17.02
17.145
17.285
17.415
17.55
17.69
17.82
18.08
18.215
18.35
18.485
18.625
18.755
18.885
19.155
19.285
19.42
19.55
19.685
19.825
19.955
20.22
20.49
20.62
20.76
21.02
21.29
21.42
21.555
21.69
21.82
21.965
22.09
22.355
22.49
22.625
22.755
22.895
23.03
23.16
23.43
23.56
23.695
23.825
23.96
24.1
24.23
24.495
24.575
24.77
24.895
25.035
25.17
25.295
25.435
25.565
25.695
25.835
25.965
26.1
26.24
26.365
26.635
26.77
26.84
26.905
27.035
27.17
27.31
27.435
27.575
27.705
27.84
27.97
28.105
28.235
28.375
28.505
28.775
28.85
29.045
29.175
29.31
29.45
29.575
29.71
29.845
29.975
