0.14
0.37
0.505
0.685
0.88
1.04
1.205
1.23
1.415
1.59
1.76
2.03
2.175
2.375
2.6
2.615
3.06
3.24
3.75
3.97
4.305
4.855
5.03
5.34
5.405
5.55
5.825
5.895
6.075
6.525
6.605
6.98
7.155
7.69
8.06
8.245
8.585
8.78
9.12
9.3
9.335
9.69
9.855
10.215
10.38
10.835
10.93
11.29
11.315
11.48
12.0
12.365
12.56
12.905
13.075
13.265
13.435
13.59
13.96
14.03
14.125
14.34
14.465
14.655
15.025
15.105
15.19
15.555
15.735
16.255
16.62
16.81
17.14
17.33
17.675
17.875
18.4
18.78
18.925
19.315
19.395
19.48
19.825
20.025
20.55
20.925
21.075
21.42
21.61
21.935
22.135
22.48
22.66
23.02
23.185
23.595
23.73
24.075
24.61
24.795
25.115
25.18
25.345
25.7
25.755
25.875
26.24
26.415
26.955
27.27
27.475
27.545
28.02
28.375
28.58
28.825
28.935
29.09
29.39
29.77
29.89
