0.27
0.455
0.635
0.8
0.97
1.08
1.14
1.315
1.515
1.69
1.865
2.22
2.435
2.465
2.565
3.455
3.61
3.68
3.865
3.975
4.045
4.22
4.385
4.57
4.745
4.94
5.115
5.35
5.365
5.68
5.925
6.055
6.32
6.44
6.655
6.73
6.905
7.015
7.07
7.44
7.49
7.6
7.695
7.77
8.14
8.24
8.29
8.49
8.55
8.85
9.11
9.195
9.23
9.39
9.57
9.61
9.795
9.94
9.97
10.155
10.275
10.345
10.46
10.535
10.72
10.9
11.09
11.23
11.415
11.71
11.8
12.045
12.16
12.535
12.575
12.7
12.905
13.26
13.645
13.88
13.975
13.995
14.185
14.31
14.38
14.61
14.75
14.79
14.95
15.145
15.515
15.6
15.7
15.875
16.14
16.42
16.475
16.65
16.825
16.855
17.025
17.415
17.535
17.785
17.82
17.955
18.175
18.38
18.935
19.315
19.455
19.49
19.67
19.835
20.015
20.515
20.565
20.9
21.085
21.26
21.485
21.6
21.63
21.785
21.965
22.095
22.175
22.355
22.54
22.725
22.91
23.155
23.255
23.44
23.58
23.625
23.78
23.975
24.14
24.335
24.585
24.685
24.925
25.085
25.21
25.39
25.54
25.755
25.955
26.145
26.175
26.49
26.62
26.745
26.825
26.885
27.075
27.19
27.335
27.55
27.88
27.94
28.085
28.28
28.435
28.625
29.03
29.15
29.255
29.365
29.52
29.71
29.865
