0.125
0.5
0.705
1.1
1.205
1.47
1.695
2.19
2.68
2.93
3.085
3.175
3.425
3.55
3.66
3.68
3.925
4.17
4.41
4.92
5.145
5.4
5.9
5.975
6.13
6.155
6.395
6.62
6.875
7.125
7.375
7.88
8.105
8.59
8.85
9.085
9.335
9.58
9.825
10.06
10.39
10.57
10.75
10.815
10.95
11.06
11.31
11.41
11.5
11.56
11.805
12.02
12.31
12.4
12.54
12.765
13.01
13.255
13.57
13.775
14.005
14.255
14.55
14.75
15.0
15.495
15.745
15.77
15.98
16.475
16.725
16.97
17.225
17.47
17.725
17.96
18.23
18.455
18.645
18.695
18.82
18.93
19.195
19.425
19.685
19.915
20.165
20.415
20.66
20.895
21.145
21.345
21.65
21.885
22.165
22.395
22.65
22.885
23.395
23.875
24.13
24.625
24.86
25.17
25.36
25.375
25.63
25.845
26.105
26.365
26.515
26.84
27.09
27.34
27.835
28.09
28.585
28.82
29.075
29.285
29.31
29.805
