0.1
0.26
0.505
0.625
0.97
1.14
1.34
1.5
1.915
2.06
2.375
2.745
2.785
2.97
3.14
3.335
3.47
3.835
3.995
4.355
4.745
5.265
5.445
5.63
5.81
5.96
6.165
6.34
6.64
6.795
6.865
7.245
7.58
7.76
8.135
8.335
8.49
8.71
8.855
9.05
9.215
9.585
9.74
9.945
10.055
10.12
10.4
10.415
10.48
10.64
10.865
11.35
11.705
11.91
12.075
12.615
12.97
13.29
13.335
13.48
13.71
14.06
14.21
14.58
14.77
14.96
15.5
15.855
16.23
16.395
17.135
17.46
17.63
17.83
18.38
18.56
18.715
18.99
19.105
19.585
19.62
19.995
20.365
20.55
20.72
21.065
21.265
21.615
22.005
22.18
22.88
22.91
23.255
23.425
23.59
23.97
24.505
24.715
24.87
25.055
25.415
25.765
26.055
26.48
26.85
27.015
27.37
27.755
27.92
28.27
28.65
29.02
29.23
29.375
29.76
29.9
29.925
