0.46
0.56
0.935
1.005
1.22
1.38
1.455
1.675
1.895
2.105
2.305
2.785
2.995
3.23
3.435
3.665
3.865
4.09
4.52
4.535
4.76
4.945
4.975
5.165
5.205
5.405
5.435
5.635
5.83
5.855
6.08
6.285
6.52
6.735
6.945
7.015
7.03
7.165
7.365
7.6
8.06
8.275
8.495
8.725
8.925
9.15
9.385
9.575
9.605
9.765
9.805
10.02
10.18
10.24
10.455
10.67
10.71
10.88
11.115
11.555
11.78
12.0
12.22
12.435
12.655
12.86
12.885
13.11
13.245
13.315
13.505
13.755
13.95
14.18
14.39
14.61
15.05
15.26
15.49
15.71
15.91
16.125
16.345
16.545
16.75
16.86
16.95
17.05
17.16
17.35
17.605
17.75
17.84
17.955
18.135
18.155
18.225
18.365
18.57
18.82
19.245
19.415
19.59
19.71
20.175
20.34
20.485
20.575
20.82
21.01
21.44
21.655
21.82
21.89
22.095
22.255
22.315
22.33
22.535
22.745
22.79
22.945
22.985
23.18
23.215
23.67
23.89
24.12
24.33
24.555
24.76
24.995
25.425
25.445
25.47
25.66
25.9
26.32
26.43
26.745
27.19
27.525
27.615
27.83
27.9
28.055
28.295
28.49
28.705
28.865
28.885
28.945
29.155
29.37
29.605
29.75
29.83
