0.775
1.25
1.72
2.145
2.425
2.65
3.14
3.365
3.59
3.81
4.035
4.54
5.425
5.495
5.695
5.955
6.225
6.445
6.93
7.15
7.39
7.61
7.885
8.35
8.6
8.825
8.845
9.305
10.03
10.19
10.26
10.72
10.755
10.945
11.19
11.435
11.675
11.94
12.125
12.35
12.605
13.035
13.1
13.36
13.85
14.055
14.31
14.525
14.565
14.75
14.97
15.22
15.455
15.92
16.425
16.88
17.14
17.59
17.84
18.335
18.54
18.765
19.005
19.245
19.7
20.18
20.635
20.85
21.335
21.555
21.875
22.025
22.225
22.545
22.67
23.38
23.625
23.89
24.335
24.59
24.825
25.285
25.775
26.225
26.675
27.19
27.665
28.13
28.845
29.06
29.37
29.725
