0.22
0.32
0.38
0.615
0.735
1.015
1.15
1.305
1.41
1.57
1.82
2.235
2.365
2.615
2.77
2.845
2.915
3.055
3.15
3.45
3.58
3.995
4.24
4.28
4.39
4.66
5.075
5.495
5.605
5.68
5.915
6.015
6.3
6.42
6.695
6.75
6.815
6.98
7.065
7.1
7.22
7.485
7.68
7.89
8.17
8.27
8.66
8.755
9.115
9.505
9.63
9.88
9.905
10.265
10.305
10.405
10.46
10.845
10.915
11.105
11.225
11.445
11.505
11.92
11.975
12.315
12.435
12.705
12.77
13.105
13.235
13.515
13.635
13.935
14.05
14.335
14.73
15.15
15.265
15.525
15.555
15.675
15.945
16.085
16.345
16.485
16.765
16.89
17.17
17.3
17.565
17.96
18.11
18.385
18.8
18.92
19.14
19.2
19.325
19.59
19.615
19.735
20.02
20.14
20.175
20.375
20.585
20.815
21.005
21.15
21.23
21.56
21.635
21.775
21.945
22.04
22.16
22.4
22.44
22.565
22.855
22.965
23.03
23.19
23.25
23.37
23.64
23.67
23.77
24.05
24.18
24.46
24.49
24.88
24.985
25.275
25.385
25.655
25.785
26.06
26.185
26.475
26.595
26.87
26.98
27.24
27.61
28.06
28.465
28.595
28.865
28.985
29.275
29.375
29.655
