0.59
0.615
0.95
1.425
1.715
2.115
2.5
2.815
2.915
2.985
3.545
3.89
4.035
4.09
4.22
4.315
4.765
5.125
5.5
5.875
6.23
6.525
6.62
6.9
6.98
7.385
7.78
8.055
8.42
8.82
9.04
9.245
9.52
9.615
9.975
10.28
10.33
10.625
10.72
10.955
11.18
11.345
11.46
11.565
11.81
12.13
12.575
12.87
12.94
13.21
13.29
13.69
13.92
13.945
14.145
14.345
14.415
14.69
14.91
15.145
15.185
15.45
15.51
15.815
15.845
16.2
16.265
16.555
16.635
16.94
17.26
17.665
18.04
18.385
18.48
18.865
19.145
19.24
19.61
19.69
19.915
20.015
20.28
20.355
20.645
21.025
21.095
21.83
22.06
22.475
22.825
22.85
23.22
23.3
23.51
23.575
23.925
24.005
24.39
24.66
24.755
25.03
25.13
25.49
25.735
25.77
25.91
26.24
26.535
26.865
27.25
27.565
27.955
28.345
28.715
29.105
29.445
