0.185
0.44
0.7
0.97
1.23
1.37
1.48
1.74
2.0
2.135
2.255
2.405
2.51
2.78
3.04
3.3
3.43
3.555
3.81
4.075
4.325
4.59
4.74
4.855
4.995
5.115
5.375
5.51
5.63
5.885
6.15
6.28
6.41
6.555
6.66
6.92
7.06
7.19
7.455
7.585
7.705
7.945
8.15
8.225
8.48
8.735
9.0
9.13
9.27
9.525
9.665
9.78
10.045
10.3
10.425
10.535
10.565
10.7
10.81
11.09
11.335
11.6
11.73
11.855
12.115
12.375
12.63
12.885
13.04
13.16
13.27
13.415
13.675
13.805
13.93
14.195
14.45
14.57
14.705
14.85
14.96
15.245
15.485
15.745
15.89
16.005
16.255
16.52
16.79
17.035
17.3
17.565
17.825
17.965
18.08
18.325
18.595
18.73
18.85
19.015
19.11
19.38
19.635
19.9
20.035
20.15
20.4
20.44
20.67
20.93
21.185
21.465
21.71
21.975
22.105
22.23
22.47
22.49
22.745
22.86
22.99
23.145
23.255
23.515
23.78
24.045
24.17
24.3
24.55
24.82
25.075
25.335
25.59
25.86
26.11
26.25
26.375
26.63
26.9
27.025
27.16
27.31
27.405
27.685
27.93
28.205
28.33
28.45
28.705
28.97
29.225
29.37
29.425
29.495
