0.21
0.5
0.68
1.16
1.61
1.65
2.1
2.335
2.555
2.81
3.03
3.5
3.745
3.98
4.44
4.705
4.93
5.075
5.405
5.875
6.135
6.33
6.6
6.815
7.29
7.535
7.765
8.145
8.225
8.255
8.48
8.71
8.95
9.18
9.65
10.05
10.125
10.385
10.58
10.86
11.075
11.545
12.02
12.265
12.485
12.97
13.415
13.66
13.905
14.155
14.34
14.37
14.76
14.86
15.08
15.3
15.325
15.78
16.04
16.25
16.28
16.5
16.715
16.75
17.095
17.22
17.695
17.94
18.155
18.645
18.88
19.105
19.35
19.585
19.835
20.045
20.28
20.52
20.74
20.755
20.865
20.99
21.475
21.72
21.81
21.945
22.16
22.405
22.655
22.86
22.895
23.33
23.6
23.815
24.04
24.29
24.715
24.745
25.02
25.17
25.255
25.5
25.565
25.72
25.975
26.175
26.19
26.43
26.665
26.89
26.92
27.14
27.385
27.615
27.85
28.105
28.155
28.55
29.03
29.285
29.5
29.71
29.75
29.975
