0.645
1.23
1.595
1.775
2.34
2.885
2.92
3.275
3.44
4.025
4.56
5.1
5.665
6.195
6.765
6.83
7.2
7.31
7.785
7.905
8.235
8.4
8.475
8.955
8.98
9.275
9.385
9.925
10.06
10.66
11.17
11.785
12.15
12.29
12.495
12.755
12.82
13.02
13.35
13.4
13.43
13.915
14.315
14.505
15.025
15.09
15.58
15.955
16.15
16.7
17.24
17.31
17.68
17.82
17.945
18.235
18.345
18.53
18.905
19.325
19.435
19.52
19.99
20.075
20.585
21.11
21.165
21.525
21.65
21.81
22.195
22.775
23.33
24.475
24.825
24.9
25.02
25.38
25.545
25.965
26.665
26.685
27.04
27.195
27.77
28.16
28.32
28.86
28.9
29.48
