0.29
0.34
0.46
0.765
0.905
1.225
1.36
1.7
1.82
2.145
2.3
2.32
2.54
2.63
2.77
3.04
3.235
3.525
3.675
3.95
4.01
4.145
4.455
4.605
4.91
5.065
5.37
5.515
5.82
5.985
6.065
6.295
6.455
6.78
7.225
7.355
7.645
7.82
8.15
8.27
8.56
8.74
9.045
9.2
9.505
9.665
9.71
9.99
10.13
10.415
10.595
10.905
11.035
11.375
11.505
11.69
11.825
11.97
12.265
12.425
12.75
12.885
13.185
13.355
13.425
13.675
13.83
14.13
14.285
14.595
14.73
15.02
15.235
15.515
15.655
15.895
15.955
16.145
16.205
16.47
16.59
16.9
16.925
16.94
17.055
17.395
17.545
18.035
18.335
18.36
18.485
18.78
18.945
19.25
19.275
19.385
19.47
19.6
19.69
19.855
19.885
20.175
20.31
20.605
20.765
21.09
21.225
21.475
21.545
21.685
21.725
21.98
22.135
22.155
22.3
22.4
22.59
22.865
23.025
23.245
23.31
23.325
23.46
23.785
23.93
24.23
24.39
24.445
24.67
24.74
24.89
25.19
25.355
25.37
25.655
25.83
26.115
26.29
26.57
26.745
27.035
27.2
27.51
27.655
27.99
28.11
28.44
28.595
28.9
28.925
29.08
29.365
29.51
29.805
29.98
