0.245
0.45
0.685
0.905
1.14
1.195
1.37
1.82
2.295
2.525
2.75
2.98
3.225
3.475
3.685
3.905
4.155
4.395
4.62
4.855
5.06
5.09
5.365
5.545
5.81
6.265
6.475
6.7
6.93
7.19
7.385
7.625
7.66
7.865
8.1
8.12
8.21
8.32
8.435
8.54
8.645
8.765
9.025
9.23
9.465
9.59
9.705
9.92
9.99
10.155
10.38
10.53
10.555
10.62
11.08
11.31
11.36
11.55
11.79
11.825
11.995
12.23
12.455
12.69
12.91
13.07
13.15
13.38
13.83
14.125
14.305
14.53
14.755
14.99
15.23
15.68
15.92
16.155
16.6
16.84
17.07
17.52
17.75
17.995
18.435
18.895
18.925
19.29
19.395
19.62
19.84
20.1
20.33
20.535
20.56
20.72
21.025
21.165
21.255
21.55
21.845
21.935
22.155
22.39
22.615
22.975
23.08
23.31
23.55
23.795
24.025
24.255
24.475
24.68
24.86
24.965
25.195
25.405
25.56
25.665
25.885
26.115
26.35
26.715
26.815
27.045
27.285
27.4
27.51
27.95
28.2
28.44
28.55
28.605
28.89
29.235
29.35
29.58
29.805
29.985
