0.345
0.92
1.415
1.905
2.405
2.89
3.445
3.76
3.83
4.145
4.45
4.89
5.425
5.885
6.245
6.275
6.395
6.695
6.71
6.905
7.405
7.91
8.315
9.44
9.955
10.47
10.835
11.52
11.84
12.495
13.035
13.405
13.535
14.04
14.43
14.645
14.91
15.135
15.6
15.945
16.075
16.12
16.57
16.965
17.095
17.445
17.565
17.65
17.965
18.065
18.555
18.585
18.64
18.97
19.05
19.195
19.45
19.695
19.95
20.05
20.175
20.55
20.695
20.9
21.05
21.565
21.78
21.945
22.1
22.545
22.84
23.095
23.425
23.53
24.035
24.45
24.635
24.925
25.155
25.41
25.52
25.87
26.02
26.36
26.515
26.655
27.005
27.03
27.365
27.395
27.595
27.83
28.005
28.055
28.35
28.5
28.795
28.82
29.03
29.335
29.5
29.825
