0.075
0.2
0.305
0.575
0.895
1.115
1.365
1.53
1.655
1.92
1.945
2.105
2.21
2.475
2.745
3.01
3.04
3.29
3.55
3.825
4.095
4.265
4.31
4.375
4.66
4.85
4.915
5.17
5.315
5.455
5.995
6.27
6.545
6.81
7.085
7.36
7.63
8.18
8.46
8.655
8.74
9.01
9.28
9.565
9.825
9.855
10.135
10.37
10.635
10.905
11.175
11.445
11.71
11.97
12.53
12.795
13.07
13.35
13.63
13.9
14.155
14.725
15.005
15.27
15.525
15.805
16.08
16.35
16.905
17.19
17.47
17.725
17.99
18.405
18.525
19.075
19.35
19.61
19.875
20.145
20.415
20.68
21.235
21.5
21.765
21.905
22.03
22.31
22.64
22.82
23.11
23.385
23.65
24.435
24.84
24.95
25.52
25.765
25.8
26.055
26.315
26.59
26.83
27.1
27.13
27.68
27.95
28.215
28.49
28.76
29.015
29.29
29.735
29.84
