0.245
0.49
0.72
1.2
1.42
1.45
1.71
1.94
2.18
2.42
2.665
3.125
3.86
4.1
4.355
4.61
5.08
5.16
5.36
5.855
6.085
6.345
7.075
7.595
8.06
8.57
9.06
9.3
9.535
9.61
10.055
10.285
10.515
10.605
10.885
11.04
11.29
11.515
12.025
12.275
12.525
13.01
13.25
13.275
13.5
13.995
14.24
14.495
14.575
14.725
14.83
14.935
14.98
15.18
15.42
15.85
15.915
16.355
16.59
17.1
17.34
17.575
17.625
17.815
18.06
18.32
18.78
19.04
19.285
19.52
19.69
19.77
20.01
20.275
20.715
20.97
21.2
21.685
21.945
22.395
22.64
22.91
23.125
23.385
23.6
23.875
24.125
24.575
24.845
25.045
25.335
25.575
25.825
26.3
26.54
26.795
27.04
27.28
27.515
27.75
28.475
28.715
28.96
29.225
29.44
29.47
29.69
