0.14
0.37
0.45
0.655
0.74
0.935
1.05
1.195
1.325
1.375
1.625
1.91
2.21
2.495
2.805
2.965
3.095
3.275
3.405
3.55
3.67
3.71
3.82
3.965
3.985
4.27
4.565
4.84
5.075
5.165
5.375
5.45
5.65
5.765
5.91
6.025
6.325
6.62
6.925
7.185
7.52
7.675
7.8
7.985
8.115
8.265
8.45
8.575
8.68
8.98
9.275
9.55
9.785
9.87
10.095
10.16
10.39
10.47
10.62
10.74
10.805
11.035
11.11
11.33
11.625
11.895
12.225
12.37
12.51
12.825
12.84
12.97
13.14
13.28
13.385
13.685
13.98
14.255
14.585
14.795
14.87
15.065
15.18
15.33
15.45
15.745
15.82
16.04
16.32
16.335
16.61
16.935
17.22
17.535
17.68
17.905
18.035
18.1
18.23
18.39
18.695
18.975
19.225
19.27
19.575
19.72
19.81
19.89
20.005
20.035
20.165
20.47
20.545
20.75
20.93
21.045
21.22
21.335
21.515
21.64
21.77
21.93
22.24
22.365
22.675
22.805
22.98
23.105
23.305
23.405
23.68
23.98
24.29
24.565
24.595
24.615
24.735
24.98
25.155
25.46
25.76
26.015
26.335
26.495
26.63
26.77
27.055
27.21
27.25
27.49
27.535
27.795
27.82
28.11
28.275
28.38
28.64
28.705
28.77
28.995
29.31
29.455
29.515
29.545
29.815
