0.445
0.92
1.135
1.375
1.61
1.84
2.32
2.745
3.015
3.24
3.485
3.735
3.755
3.945
4.19
4.675
4.88
5.365
5.615
6.105
6.84
7.075
7.32
7.57
8.03
8.525
8.75
9.005
9.49
9.74
9.96
10.465
10.695
10.94
11.175
11.425
11.93
12.6
12.665
12.905
13.13
13.37
13.865
14.335
14.58
14.82
15.07
15.315
15.555
15.8
16.285
16.535
16.77
17.26
17.76
18.495
19.0
19.23
19.35
19.735
20.445
20.93
21.17
21.42
21.66
22.38
22.87
23.125
23.35
23.61
24.355
24.835
25.065
25.54
25.595
26.035
26.275
26.515
27.02
27.25
27.495
27.965
28.215
28.7
28.935
29.445
29.925
