0.495
0.655
0.855
1.23
1.415
1.595
1.965
2.165
2.36
2.475
2.73
2.92
3.105
3.385
3.47
3.665
3.845
4.21
4.295
4.405
4.59
4.765
4.965
5.15
5.33
5.5
5.675
5.865
6.055
6.23
6.46
6.57
6.64
6.795
7.165
7.36
7.54
7.725
7.895
8.1
8.29
8.405
8.645
8.845
9.02
9.39
9.565
9.59
9.725
9.77
10.0
10.14
10.33
10.51
10.705
10.92
11.065
11.255
11.455
11.625
11.985
12.02
12.185
12.375
12.535
12.575
12.75
12.965
13.115
13.31
13.495
13.69
13.855
14.05
14.245
14.375
14.61
14.79
14.98
15.33
15.54
15.73
15.875
15.925
16.09
16.21
16.285
16.48
16.65
16.84
17.03
17.225
17.405
17.59
17.775
17.96
18.145
18.31
18.39
18.51
18.88
19.08
19.29
19.65
19.845
20.02
20.205
20.38
20.555
20.735
20.915
21.28
21.47
21.66
21.685
22.02
22.06
22.35
22.4
22.575
22.765
22.94
23.045
23.12
23.29
23.485
23.68
23.865
24.215
24.415
24.62
24.81
24.97
25.16
25.175
25.38
25.665
25.74
25.93
26.105
26.12
26.29
26.485
26.86
27.04
27.1
27.225
27.425
27.61
27.79
27.985
28.17
28.365
28.55
29.105
29.48
29.665
