0.665
0.69
1.105
1.445
1.75
1.79
2.15
2.225
2.38
2.62
3.105
3.395
3.545
3.8
4.0
4.485
4.605
4.81
4.965
5.085
5.425
5.775
6.02
6.185
6.35
6.39
6.595
6.88
7.025
7.325
7.59
7.86
8.165
8.46
8.75
9.05
9.345
9.61
9.895
10.245
10.35
10.385
10.495
10.855
11.065
11.425
11.93
12.225
12.765
12.865
13.45
13.665
13.905
14.01
14.09
14.46
14.49
14.555
14.785
14.95
15.055
15.325
15.62
15.91
16.085
16.425
16.71
17.015
17.135
17.58
17.85
17.925
18.045
18.175
18.455
18.585
18.625
19.045
19.335
19.375
19.495
19.51
19.9
20.05
20.315
20.355
20.45
20.855
20.905
21.075
21.41
21.555
21.715
22.065
22.175
22.245
22.725
22.875
22.94
22.975
23.12
23.335
23.515
23.645
23.85
24.16
24.375
24.625
24.85
25.25
25.67
25.885
26.065
26.21
26.37
26.715
26.85
26.905
27.06
27.405
27.66
28.46
29.07
29.39
29.535
