0.245
0.37
0.9
1.195
1.445
1.715
1.885
1.975
2.265
2.52
2.805
3.06
3.335
3.49
3.59
3.87
4.13
4.415
4.66
4.95
5.19
5.545
5.74
5.96
6.025
6.275
6.545
6.82
7.095
7.175
7.35
7.62
7.905
8.05
8.175
8.41
8.44
8.69
8.865
8.98
9.28
9.395
9.515
9.725
9.795
10.07
10.355
10.605
10.87
11.15
11.285
11.41
11.555
11.68
11.815
11.955
12.085
12.22
12.355
12.485
12.63
12.76
12.895
13.025
13.17
13.29
13.58
13.61
13.845
14.12
14.385
14.67
14.945
15.1
15.215
15.275
15.48
15.635
15.755
15.79
16.025
16.185
16.3
16.44
16.565
16.84
16.985
17.11
17.26
17.375
17.51
17.645
17.915
18.19
18.49
18.595
18.725
18.995
19.02
19.265
19.535
19.61
19.81
19.945
20.08
20.335
20.49
20.615
20.76
20.87
21.155
21.285
21.415
21.575
21.68
21.825
21.945
22.2
22.495
22.775
23.03
23.305
23.44
23.575
23.815
23.855
23.985
24.115
24.25
24.365
24.645
24.785
24.925
24.99
25.06
25.185
25.455
25.72
26.0
26.125
26.245
26.535
26.675
26.77
27.06
27.075
27.305
27.585
27.73
27.855
28.125
28.145
28.395
28.66
28.93
29.135
29.2
29.33
29.46
29.73
29.865
