0.16
0.19
0.655
1.09
1.12
1.37
1.595
1.81
2.035
2.3
2.54
2.73
2.985
3.225
3.445
3.68
3.985
4.15
4.37
4.575
4.835
5.08
5.3
5.51
5.54
5.77
6.025
6.225
6.52
6.685
6.835
6.91
7.075
7.155
7.385
7.61
7.835
8.085
8.28
8.545
8.905
9.02
9.24
9.485
9.7
9.95
10.21
10.4
10.655
10.89
11.11
11.425
11.585
11.815
11.995
12.05
12.275
12.76
12.995
13.185
13.445
13.695
13.915
14.155
14.395
14.63
14.865
15.1
15.51
15.57
15.77
16.025
16.26
16.485
16.68
16.745
16.955
17.425
17.61
17.87
18.11
18.33
18.565
18.805
19.275
19.47
19.73
19.75
19.965
20.195
20.425
20.88
21.14
21.355
21.575
21.61
21.82
22.035
22.29
22.51
22.975
23.2
23.47
23.685
23.895
24.13
24.165
24.595
24.825
25.035
25.3
25.535
25.565
25.76
25.995
26.225
26.68
26.915
27.15
27.395
27.63
27.86
28.585
29.505
