0.2
0.475
0.65
0.74
1.01
1.15
1.285
1.32
1.44
1.68
1.82
1.98
2.095
2.365
2.53
2.635
2.81
2.9
3.17
3.44
3.84
3.98
4.135
4.25
4.52
4.69
4.79
4.95
5.055
5.2
5.33
5.465
5.595
5.75
5.89
5.995
6.14
6.29
6.405
6.675
6.85
6.945
7.12
7.215
7.36
7.485
7.645
7.755
7.91
8.05
8.155
8.295
8.325
8.45
8.565
8.835
9.0
9.105
9.265
9.375
9.515
9.64
9.78
9.915
10.07
10.21
10.315
10.455
10.495
10.61
10.725
10.88
10.995
11.015
11.155
11.265
11.53
11.675
11.8
11.955
12.07
12.22
12.365
12.475
12.615
12.65
12.765
12.88
13.035
13.15
13.325
13.42
13.69
13.83
13.96
13.98
14.095
14.23
14.385
14.52
14.63
14.805
14.925
15.04
15.195
15.315
15.485
15.58
15.845
15.99
16.115
16.27
16.385
16.545
16.68
16.79
16.93
17.08
17.195
17.22
17.35
17.465
17.635
17.74
18.005
18.15
18.275
18.3
18.415
18.545
18.7
18.835
18.95
19.09
19.12
19.24
19.355
19.515
19.62
19.805
19.895
19.99
20.165
20.305
20.435
20.585
20.7
20.855
20.995
21.11
21.245
21.395
21.515
21.665
21.78
21.95
22.05
22.15
22.22
22.32
22.46
22.59
22.61
22.725
22.865
23.015
23.15
23.265
23.405
23.425
23.55
23.67
23.83
23.935
24.11
24.21
24.3
24.365
24.48
24.62
24.745
24.895
25.015
25.17
25.31
25.42
25.56
25.71
25.825
25.98
26.095
26.27
26.365
26.46
26.63
26.775
26.9
27.04
27.175
27.325
27.455
27.575
27.715
27.865
27.98
28.135
28.25
28.425
28.52
28.785
28.93
29.055
29.205
29.33
29.485
29.62
29.73
29.875
