0.045
0.235
0.375
0.39
0.61
0.75
1.03
1.16
1.445
1.755
1.875
2.125
2.16
2.52
2.65
2.875
3.255
3.295
3.425
3.645
4.025
4.18
4.44
4.94
5.705
5.98
6.45
6.695
7.025
7.19
7.465
7.81
7.955
8.18
8.7
8.975
9.455
10.065
10.21
10.335
10.39
10.63
10.91
10.965
11.185
11.42
11.655
11.735
12.015
12.165
12.375
12.48
12.725
12.875
13.05
13.23
13.385
13.625
13.96
13.99
14.74
15.345
15.475
15.49
15.855
16.24
16.62
16.89
17.02
17.26
17.38
17.42
17.62
17.74
18.005
18.145
18.385
18.51
18.75
18.875
19.265
19.545
19.65
19.905
20.02
20.285
20.4
20.42
20.785
21.18
21.46
21.57
21.81
21.965
22.2
22.33
22.6
22.7
22.715
23.075
23.345
23.47
23.835
24.235
24.62
24.84
25.185
25.395
25.64
25.745
25.965
26.1
26.31
26.445
26.68
26.815
27.05
27.4
27.56
27.775
28.17
28.305
28.545
28.58
28.695
29.07
29.465
29.82
