0.235
0.57
0.935
1.57
1.925
2.24
2.55
2.565
2.91
3.245
3.615
3.715
3.885
4.545
4.885
5.055
5.175
5.535
5.865
6.2
6.525
6.855
7.205
7.485
7.82
8.155
8.37
8.5
8.82
9.165
9.49
9.81
10.14
10.47
10.78
11.115
11.44
11.47
11.77
12.1
12.42
12.765
13.45
13.835
14.115
14.44
14.78
15.125
15.47
15.715
16.115
16.49
16.825
17.155
17.48
17.81
18.085
18.165
18.44
18.515
18.845
19.515
19.86
20.06
20.25
20.56
20.905
21.23
21.555
21.595
21.935
22.28
22.945
23.23
23.305
23.49
24.345
25.04
25.37
25.72
27.38
27.605
27.925
28.165
28.51
28.55
28.7
29.02
29.12
29.235
29.56
29.76
29.985
