0.09
0.33
0.595
0.745
0.855
1.12
1.41
1.61
1.885
2.125
2.51
2.64
2.925
3.055
3.15
3.34
3.395
3.54
3.655
3.92
4.17
4.42
4.6
4.685
4.945
5.21
5.445
5.7
5.95
6.08
6.185
6.3
6.725
7.03
7.495
7.65
7.76
7.995
8.085
8.575
8.775
9.02
9.215
9.7
9.79
10.195
10.295
10.695
10.805
11.055
11.19
11.32
11.555
11.71
11.805
12.07
12.315
12.56
12.71
12.815
13.08
13.24
13.33
13.45
13.565
13.6
13.845
14.025
14.205
14.34
14.625
14.86
15.345
15.625
15.845
15.875
16.12
16.38
16.895
17.16
17.39
17.61
17.64
17.895
18.135
18.26
18.38
18.575
18.875
19.35
19.5
19.875
19.95
20.36
20.6
20.865
21.275
21.37
21.77
21.875
22.15
22.38
22.41
22.9
23.125
23.315
23.345
23.42
23.705
23.835
23.93
24.205
24.445
24.495
24.7
24.84
24.95
25.26
25.355
25.47
25.625
25.725
25.87
25.96
26.39
26.48
26.71
26.965
27.13
27.385
27.49
27.75
27.89
27.98
28.29
28.495
28.995
29.19
29.27
29.41
29.515
29.805
29.93
