0.69
0.85
1.32
1.795
2.115
2.28
2.585
2.755
3.065
3.24
3.525
3.715
3.975
4.06
4.195
4.52
4.68
5.005
5.155
5.47
5.625
6.105
6.435
6.585
6.605
6.94
7.08
7.41
7.555
7.86
8.01
8.525
8.855
8.97
9.31
9.48
9.845
9.965
10.44
10.765
10.92
11.395
11.695
11.88
12.185
12.355
12.84
13.28
13.335
13.785
14.255
14.28
14.575
14.765
15.03
15.205
15.515
15.685
16.0
16.155
16.455
16.645
16.94
17.115
17.445
17.595
17.905
18.075
18.56
18.895
19.065
19.535
19.915
20.03
20.395
20.525
20.805
20.995
21.355
21.485
21.955
21.99
22.38
22.445
22.94
23.42
23.755
23.895
24.37
24.865
25.125
25.345
25.665
25.82
26.125
26.31
26.575
26.77
27.285
27.665
27.755
27.785
28.0
28.245
28.725
29.195
29.47
29.655
29.985
