0.265
0.545
0.82
1.09
1.37
1.67
2.25
2.55
2.84
3.11
3.385
3.67
3.945
4.225
4.495
4.785
5.085
5.35
5.46
5.62
5.905
6.17
6.465
6.735
7.03
7.32
7.595
7.865
8.16
8.45
8.715
8.985
9.28
9.55
9.84
10.115
10.43
10.56
10.67
11.24
11.535
11.835
12.09
12.39
12.655
12.955
13.23
13.51
13.795
13.81
14.085
14.375
14.485
14.625
14.92
15.19
15.48
15.76
16.05
16.08
16.325
16.605
16.88
17.18
17.44
17.465
18.01
18.585
18.865
19.125
19.415
19.7
19.98
20.25
20.545
20.82
21.095
21.375
21.67
21.94
22.235
22.43
22.505
22.685
22.815
22.99
23.075
23.385
23.64
23.89
23.955
24.2
24.5
24.765
25.07
25.34
25.59
25.89
26.185
26.47
26.76
27.02
27.32
27.6
27.89
28.15
28.445
28.715
28.83
29.25
29.84
