0.14
0.365
0.58
0.805
1.025
1.245
1.47
1.69
1.915
2.14
2.355
2.58
2.8
3.03
3.245
3.465
3.69
3.92
4.105
4.14
4.36
4.495
4.58
4.815
5.02
5.245
5.465
5.69
5.905
6.135
6.195
6.345
6.585
6.795
7.025
7.235
7.47
7.68
7.91
7.98
8.125
8.305
8.365
8.57
8.725
8.785
9.015
9.24
9.46
9.685
9.71
9.905
10.13
10.345
10.575
10.79
11.02
11.235
11.305
11.455
11.68
11.875
11.91
12.125
12.345
12.565
12.67
12.795
13.01
13.205
13.235
13.26
13.455
13.685
13.895
14.125
14.34
14.57
14.785
15.015
15.23
15.465
15.675
15.86
15.905
16.03
16.115
16.325
16.5
16.56
16.75
17.005
17.245
17.45
17.675
17.895
18.12
18.335
18.58
18.78
19.015
19.12
19.225
19.445
19.645
19.67
19.835
19.885
20.115
20.27
20.34
20.565
20.715
21.005
21.23
21.445
21.585
21.675
21.89
22.115
22.245
22.33
22.56
22.775
22.85
23.005
23.225
23.445
23.665
23.895
24.105
24.335
24.465
24.55
24.78
24.995
25.22
25.44
25.665
25.885
26.11
26.325
26.55
26.77
27.0
27.215
27.445
27.66
27.9
28.1
28.33
28.545
28.77
28.985
29.215
29.435
29.665
29.88
