0.05
0.165
0.26
0.465
0.58
0.77
0.915
1.085
1.21
1.385
1.54
1.69
1.825
2.135
2.31
2.425
2.605
2.735
2.915
3.045
3.215
3.355
3.5
3.645
3.83
3.965
4.24
4.295
4.44
4.595
4.75
4.77
4.87
5.055
5.16
5.34
5.465
5.66
5.785
5.965
6.085
6.275
6.415
6.695
7.02
7.175
7.31
7.5
7.6
7.795
7.9
8.11
8.245
8.415
8.53
8.725
8.845
9.14
9.465
9.635
9.76
9.94
10.04
10.25
10.27
10.34
10.555
10.695
10.855
10.975
11.16
11.295
11.475
11.59
11.78
12.195
12.375
12.495
12.67
12.81
12.99
13.125
13.29
13.425
13.585
13.89
14.03
14.36
14.51
14.65
14.815
14.945
15.125
15.25
15.42
15.73
15.75
15.865
16.035
16.185
16.34
16.46
16.485
16.8
16.95
17.09
17.255
17.38
17.565
17.68
17.87
18.015
18.175
18.31
18.915
19.415
19.535
19.835
20.01
20.14
20.325
20.485
20.62
20.64
20.755
20.94
21.1
21.245
21.36
21.86
21.96
22.16
22.265
22.47
22.57
22.615
22.78
23.05
23.195
23.35
23.505
23.795
24.42
24.59
24.72
24.895
24.92
25.015
25.205
25.355
25.51
25.635
25.81
25.94
26.115
26.24
26.575
26.735
26.86
27.025
27.155
27.335
27.465
27.65
27.795
27.935
28.085
28.27
28.405
28.545
28.685
29.015
29.23
29.315
29.49
29.625
29.93
