0.25
0.39
0.57
0.64
0.73
1.07
1.11
2.365
2.58
3.065
3.33
3.425
3.785
4.11
4.275
4.315
4.44
4.48
4.61
4.775
4.945
5.115
5.315
5.39
5.81
6.17
6.52
6.6
6.705
6.865
7.045
7.21
7.4
7.555
7.735
7.88
8.06
8.41
8.57
8.9
9.19
9.275
9.445
9.515
9.61
9.78
9.96
10.12
10.29
10.455
10.62
10.805
11.165
11.255
11.31
11.65
12.03
12.205
12.365
12.54
12.705
12.89
13.035
13.21
13.365
13.545
13.905
14.06
14.405
14.705
14.775
14.86
14.96
15.105
15.28
15.45
15.585
15.64
15.79
15.97
16.115
16.3
16.665
16.78
16.825
17.145
17.525
17.7
17.87
18.045
18.215
18.395
18.545
18.73
18.87
19.085
19.42
19.58
19.91
20.28
20.475
20.57
20.635
20.805
20.96
21.165
21.31
21.485
21.505
21.64
21.84
22.185
22.32
22.675
23.035
23.22
23.375
23.565
23.71
23.74
23.915
23.98
24.05
24.245
24.39
24.58
24.795
24.92
25.055
25.3
25.4
25.72
25.775
25.79
25.89
25.965
26.115
26.305
26.465
26.65
26.73
26.795
26.975
27.125
27.325
27.665
27.785
28.135
28.5
28.695
28.85
29.035
29.2
29.385
29.53
29.705
