0.14
0.505
0.62
0.82
0.95
1.245
1.405
1.57
1.8
1.885
2.115
2.215
2.37
2.53
2.69
2.85
3.08
3.16
3.4
3.49
3.66
3.8
3.95
4.11
4.28
4.295
4.42
4.63
4.745
4.905
5.055
5.215
5.23
5.525
5.68
5.985
6.335
6.655
6.805
6.915
7.14
7.27
7.59
7.74
7.93
8.05
8.215
8.36
8.54
8.67
8.84
8.995
9.16
9.315
9.465
9.62
9.78
10.06
10.23
10.385
10.55
10.655
10.69
10.915
11.005
11.185
11.315
11.465
11.775
11.92
12.1
12.23
12.54
12.685
12.985
13.155
13.3
13.475
13.755
13.77
13.93
14.275
14.395
14.55
14.605
14.695
14.99
15.15
15.495
15.605
15.75
15.92
16.1
16.15
16.22
16.37
16.675
16.72
16.835
16.85
16.985
17.135
17.345
17.44
17.595
17.9
17.975
18.05
18.375
18.58
18.66
18.825
19.085
19.135
19.28
19.435
19.59
19.87
20.035
20.195
20.34
20.485
20.79
21.115
21.28
21.43
21.585
21.72
21.965
22.04
22.26
22.345
22.51
22.83
22.965
23.115
23.145
23.275
23.29
23.59
23.745
23.89
24.075
24.165
24.375
24.535
24.825
24.99
25.245
25.445
25.67
25.77
25.945
26.065
26.225
26.265
26.395
26.535
26.7
26.845
27.005
27.135
27.3
27.465
27.62
27.775
27.92
28.11
28.235
28.53
28.69
28.805
29.095
29.155
29.48
29.645
29.77
