0.145
0.795
1.43
1.905
1.96
1.98
2.26
2.355
2.53
2.865
2.94
3.14
3.56
3.73
3.835
4.025
4.145
4.315
4.435
4.6
4.715
5.015
5.045
5.165
5.365
5.665
5.95
6.17
6.265
6.465
6.575
6.8
6.9
7.11
7.195
7.35
7.42
7.775
7.805
8.03
8.125
8.325
8.43
8.74
9.045
9.345
9.665
9.97
10.23
10.295
10.475
10.61
10.7
10.785
10.91
11.095
11.21
11.525
11.825
11.885
12.08
12.155
12.36
12.485
12.86
12.975
13.265
13.765
13.88
14.205
14.32
14.58
14.63
14.9
15.225
15.255
15.41
15.56
15.72
15.84
16.06
16.35
16.475
16.8
16.99
17.09
17.395
17.425
17.705
17.88
18.045
18.215
18.34
18.525
18.64
18.945
19.135
19.24
19.47
19.725
19.765
19.865
20.48
21.09
21.38
21.54
21.56
21.74
21.89
22.0
22.26
22.665
22.975
23.27
23.485
23.585
23.755
23.87
24.155
24.465
24.815
25.015
25.295
25.33
25.44
25.615
25.94
26.035
26.265
26.355
26.525
26.565
26.65
26.745
26.835
26.97
27.17
27.275
27.45
27.485
27.745
27.78
27.915
28.18
28.385
28.665
28.815
29.105
29.415
29.72
