0.285
0.515
0.635
0.73
1.145
1.19
1.24
1.66
1.735
1.905
2.18
2.25
2.365
2.38
2.525
2.6
2.835
3.05
3.325
3.78
4.075
4.24
4.47
4.7
4.795
4.925
5.63
6.11
6.35
6.725
6.78
7.115
7.165
7.495
7.53
7.84
7.87
8.265
8.61
8.76
8.915
9.295
9.625
9.66
9.98
10.35
10.665
10.715
11.0
11.275
11.5
11.52
11.705
11.735
12.0
12.19
12.215
12.45
12.57
12.665
12.83
12.895
13.175
13.4
13.59
13.64
14.095
14.32
14.795
15.035
15.26
15.435
15.53
15.76
15.935
16.005
16.225
16.485
16.71
16.955
17.18
17.42
17.645
17.89
18.115
18.38
18.585
18.83
19.055
19.285
19.535
19.77
20.005
20.24
20.475
20.705
20.93
21.155
21.4
21.625
21.85
21.965
22.07
22.285
22.765
23.01
23.21
23.41
23.47
23.695
23.915
24.165
24.555
24.63
24.865
25.095
25.22
25.32
25.54
25.84
26.02
26.275
26.49
26.72
26.965
27.07
27.185
27.415
27.64
27.86
27.895
28.135
28.355
28.57
28.815
29.055
29.28
29.49
29.515
29.75
