0.815
1.06
1.33
1.57
1.735
1.83
2.085
2.215
2.355
2.855
3.11
3.375
3.58
3.62
3.87
4.085
4.315
4.55
4.885
5.15
5.415
5.555
5.655
5.91
6.045
6.115
6.435
6.93
7.19
7.445
7.675
7.955
8.195
8.455
8.685
8.985
9.165
9.245
9.51
9.75
10.01
10.25
10.525
11.03
11.28
11.475
11.54
11.785
12.05
12.285
12.565
12.81
13.075
13.325
13.59
13.83
14.095
14.335
14.62
15.01
15.11
15.375
15.615
15.755
15.88
16.115
16.365
16.52
16.865
17.145
17.395
17.65
17.905
18.16
18.415
18.675
18.975
19.185
19.43
19.68
19.92
19.94
20.2
20.44
20.69
20.83
20.965
21.195
21.22
21.48
21.675
21.985
22.175
22.24
22.47
22.495
22.765
22.99
23.26
23.515
23.77
23.995
24.265
24.5
24.945
24.98
25.29
25.545
25.775
25.815
25.935
26.05
26.315
26.555
26.825
27.34
27.495
27.585
27.795
28.04
28.1
28.355
28.6
28.625
28.875
29.03
29.37
29.625
