0.635
0.84
0.925
1.21
1.51
2.06
2.635
3.16
3.445
3.7
3.985
4.235
5.075
5.36
5.63
5.925
5.96
6.195
6.46
6.525
6.74
6.995
7.33
7.53
7.79
8.06
8.33
8.41
8.635
8.97
9.225
9.505
9.775
10.32
10.6
10.86
11.08
11.415
11.935
11.99
12.205
12.48
12.73
12.995
13.26
13.535
13.81
14.1
14.365
14.645
14.67
14.785
14.91
15.05
15.19
15.455
15.745
16.005
16.295
16.57
16.865
17.12
17.3
17.405
17.68
17.885
17.97
18.235
18.525
18.8
19.09
19.365
19.425
19.665
19.94
20.225
20.505
20.795
21.07
21.365
21.64
21.94
22.21
22.51
22.78
22.965
23.08
23.355
23.655
23.935
24.22
24.49
24.785
25.06
25.26
25.35
25.635
25.925
26.195
26.375
26.5
26.775
27.065
27.335
27.535
27.635
27.91
28.2
28.47
28.765
29.04
29.315
29.595
29.775
29.885
