0.14
0.17
0.38
0.5
0.635
0.68
0.79
0.935
1.125
1.315
1.34
1.71
2.08
2.11
2.505
2.73
2.88
2.92
3.08
3.13
3.285
3.315
3.605
3.69
3.825
4.065
4.17
4.34
4.47
4.835
5.04
5.245
5.445
5.65
5.835
6.05
6.38
6.55
6.835
7.04
7.06
7.255
7.445
7.64
7.855
8.035
8.405
8.665
8.84
8.905
9.04
9.105
9.22
9.495
9.61
9.84
10.025
10.23
10.425
10.8
11.025
11.205
11.365
11.58
11.78
11.975
12.18
12.37
12.775
12.98
13.155
13.275
13.395
13.535
13.885
13.97
14.015
14.33
14.355
14.505
14.59
14.755
15.045
15.155
15.345
15.485
15.75
15.925
16.07
16.14
16.315
16.595
16.665
16.885
17.085
17.17
17.295
17.335
17.465
17.86
18.07
18.275
18.465
18.65
19.01
19.285
19.4
19.445
19.62
19.82
20.17
20.49
20.6
20.75
20.795
20.975
21.145
21.385
21.585
21.645
21.725
21.955
22.1
22.345
22.52
22.865
23.31
23.55
23.69
23.87
24.075
24.27
24.45
24.825
25.06
25.44
25.62
25.85
26.0
26.24
26.405
26.7
26.73
27.185
27.205
27.24
27.405
27.57
27.61
27.835
27.95
28.375
28.57
28.745
28.995
29.14
29.405
29.525
29.73
29.91
