0.155
0.17
0.46
0.635
0.745
0.765
0.925
1.03
1.055
1.345
1.495
1.655
1.795
1.935
2.225
2.465
2.535
2.695
2.835
2.995
3.115
3.15
3.405
3.705
3.87
4.02
4.16
4.3
4.58
4.905
5.165
5.37
5.495
5.69
5.785
5.98
6.085
6.25
6.425
6.535
6.68
6.97
7.275
7.565
7.725
7.86
7.89
8.155
8.315
8.455
8.49
8.605
8.75
8.9
9.04
9.26
9.33
9.56
9.645
9.845
9.935
10.315
10.5
10.885
11.01
11.045
11.2
11.36
11.785
12.06
12.36
12.405
12.575
12.675
12.86
12.96
13.025
13.3
13.465
13.61
13.785
13.84
14.035
14.23
14.425
14.645
14.805
14.99
15.12
15.28
15.425
15.64
15.795
16.025
16.46
16.59
16.625
16.88
17.01
17.205
17.53
17.82
17.945
18.01
18.4
18.5
18.705
18.78
18.9
19.015
19.09
19.35
19.5
19.645
19.825
19.955
20.115
20.275
20.58
20.72
20.855
21.015
21.145
21.32
21.44
21.615
21.755
21.91
22.04
22.185
22.325
22.475
22.635
22.995
23.08
23.23
23.37
23.505
23.695
23.805
24.115
24.27
24.385
24.545
24.685
24.835
24.865
24.99
25.325
25.435
25.57
25.61
25.73
25.865
26.045
26.075
26.18
26.46
26.63
26.755
26.875
27.025
27.18
27.335
27.625
27.775
28.07
28.195
28.49
28.79
28.81
28.945
29.07
29.26
29.4
29.605
29.68
29.705
