0.025
0.27
0.325
0.625
0.8
1.23
1.55
1.86
2.16
2.45
2.765
3.08
3.37
3.695
3.995
4.33
4.345
4.65
4.935
5.225
5.525
5.915
6.165
6.805
7.03
7.105
7.395
7.705
8.015
8.605
8.9
9.14
9.24
9.54
9.565
9.85
10.19
10.475
10.765
10.99
11.085
11.42
11.71
12.0
12.26
12.31
12.515
12.62
12.915
13.215
13.525
13.845
14.15
14.46
14.76
15.08
15.215
15.39
15.775
15.99
16.335
16.405
16.62
16.935
17.22
17.535
17.835
18.455
18.745
18.975
19.095
19.39
19.415
19.705
20.025
20.33
20.94
21.135
21.365
21.59
21.89
22.2
22.815
22.99
23.38
23.465
23.75
23.775
24.11
24.34
24.395
24.72
25.34
25.365
25.97
26.285
26.615
26.9
27.2
27.485
27.82
28.445
28.79
28.93
29.03
29.405
29.45
29.73
