0.225
0.35
0.53
0.69
0.88
1.025
1.205
1.36
1.56
1.675
1.87
1.905
2.025
2.105
2.19
2.53
2.66
3.0
3.195
3.33
3.655
3.85
4.015
4.335
4.505
4.81
4.98
5.315
5.64
5.88
5.98
6.295
6.485
6.645
6.955
7.135
7.445
7.61
7.935
8.125
8.28
8.44
8.59
8.78
8.925
9.095
9.25
9.55
9.745
9.9
10.075
10.22
10.4
10.555
10.745
10.885
11.05
11.2
11.385
11.53
11.685
11.845
12.01
12.16
12.35
12.5
12.665
12.82
13.155
13.365
13.485
13.665
13.795
14.13
14.315
14.45
14.785
14.985
15.095
15.28
15.35
15.43
15.615
15.75
16.07
16.26
16.4
16.57
16.715
16.9
16.935
17.045
17.37
17.69
17.84
17.88
18.01
18.185
18.21
18.32
18.495
18.625
18.78
18.81
18.955
19.26
19.47
19.595
19.875
19.93
20.115
20.27
20.45
20.595
20.775
20.91
21.245
21.29
21.37
21.415
21.57
21.75
21.855
22.205
22.31
22.53
22.88
23.065
23.19
23.355
23.505
23.845
23.995
24.165
24.325
24.465
24.655
24.78
25.11
25.45
25.645
25.74
26.1
26.425
26.765
26.95
27.08
27.235
27.405
27.73
27.9
28.06
28.215
28.38
28.72
29.055
29.38
29.7
