0.33
0.655
0.83
1.145
1.215
1.33
1.655
1.82
2.115
2.135
2.175
2.31
2.635
3.12
3.275
3.29
3.605
3.775
3.99
4.095
4.18
4.27
4.56
4.59
4.775
4.98
5.005
5.065
5.265
5.6
5.765
6.055
6.235
6.55
6.595
6.765
6.985
7.05
7.22
7.53
7.56
7.725
7.9
8.04
8.205
8.535
9.23
9.535
9.695
10.005
10.115
10.19
10.385
10.535
10.98
11.095
11.18
11.46
11.51
11.66
11.985
12.155
12.45
12.85
12.87
12.95
13.13
13.36
13.49
13.625
13.955
14.04
14.105
14.135
14.42
14.47
14.965
15.02
15.1
15.14
15.48
15.81
16.11
16.46
16.655
16.88
17.13
17.465
17.645
17.965
18.115
18.425
18.46
18.87
18.94
19.11
19.47
19.635
19.915
19.99
20.09
20.42
20.455
20.87
20.93
21.095
21.41
21.5
21.645
21.885
22.015
22.08
22.38
22.585
22.9
23.005
23.105
23.6
23.955
24.015
24.11
24.52
24.61
24.92
25.11
25.485
25.64
25.805
25.975
26.025
26.135
26.435
26.515
26.63
26.925
27.015
27.125
27.625
27.655
27.98
28.04
28.1
28.59
28.92
29.07
29.095
29.555
