0.475
0.61
0.95
1.14
1.17
1.47
1.665
1.925
1.99
2.185
2.39
2.49
2.74
2.97
3.04
3.28
3.545
3.96
4.125
4.325
4.625
4.67
4.85
5.165
5.22
5.38
5.56
5.625
5.895
6.145
6.42
6.66
6.745
6.77
6.945
7.23
7.27
7.455
7.65
7.8
8.0
8.185
8.34
8.52
8.55
8.86
9.055
9.495
9.625
10.015
10.115
10.175
10.435
10.69
10.715
10.9
11.09
11.27
11.43
11.56
11.815
12.015
12.16
12.35
12.4
12.685
12.885
13.26
13.39
13.45
13.8
13.965
14.535
14.885
15.055
15.43
15.625
15.96
16.15
16.505
16.535
16.71
17.05
17.22
17.59
17.795
18.085
18.3
18.655
18.86
19.37
19.73
19.935
20.345
20.46
20.795
21.025
21.345
21.535
21.82
21.88
22.045
22.085
22.635
23.17
23.555
23.72
23.935
24.07
24.1
24.265
24.625
24.795
25.17
25.37
25.695
25.79
25.885
26.09
26.14
26.22
26.39
26.42
26.68
26.93
27.285
27.485
27.855
28.03
28.375
28.645
28.805
29.125
