0.11
0.305
0.345
0.495
0.705
0.765
0.895
0.98
1.16
1.175
1.255
1.56
1.79
1.89
2.005
2.15
2.35
2.535
2.72
2.92
3.115
3.295
3.495
3.535
3.685
3.875
4.09
4.25
4.35
4.825
4.845
5.0
5.06
5.18
5.355
5.54
5.735
5.93
6.155
6.325
6.54
6.595
6.68
6.955
7.09
7.295
7.435
7.58
7.655
7.86
7.985
8.18
8.36
8.555
8.745
8.935
9.13
9.3
9.495
9.705
10.075
10.27
10.605
10.63
10.805
10.995
11.18
11.375
11.57
11.765
11.97
12.155
12.34
12.57
12.685
12.88
12.945
13.06
13.245
13.315
13.445
13.5
13.645
13.695
13.83
14.03
14.22
14.39
14.435
14.6
14.62
14.76
14.96
15.135
15.335
15.55
15.58
15.715
15.91
16.1
16.27
16.47
16.655
16.84
17.045
17.23
17.43
17.615
17.82
17.86
17.965
18.22
18.36
18.55
18.735
18.93
19.115
19.305
19.48
19.68
19.88
20.07
20.25
20.435
20.615
20.64
20.82
21.04
21.22
21.405
21.53
21.63
21.73
21.97
22.125
22.35
22.525
22.735
22.935
23.1
23.285
23.52
23.665
23.78
24.26
24.315
24.445
24.485
24.82
25.02
25.21
25.425
25.59
25.795
26.015
26.21
26.355
26.39
26.565
26.765
27.005
27.145
27.385
27.675
27.91
28.11
28.27
28.5
28.775
28.795
28.865
29.08
29.42
29.615
29.8
