0.34
0.605
0.82
1.06
1.305
2.98
3.18
3.665
3.955
4.3
4.405
4.635
4.88
5.12
5.57
6.16
6.295
6.505
6.75
6.98
7.455
7.71
8.055
8.395
8.64
8.875
9.32
9.545
9.765
9.925
10.275
10.535
10.755
10.98
11.0
11.215
11.47
11.71
12.16
12.41
12.67
12.74
13.02
13.095
13.345
13.595
14.04
14.275
14.49
14.745
14.99
15.2
15.23
15.41
15.69
15.925
16.165
16.415
16.64
16.88
17.08
17.12
17.375
17.61
17.845
18.08
18.2
18.315
18.75
19.035
19.39
19.68
19.735
19.985
20.185
20.57
21.28
21.415
21.63
21.825
22.08
22.57
22.825
23.015
23.26
23.41
23.795
24.005
24.47
24.75
25.095
25.23
25.465
25.7
25.925
26.38
26.45
26.765
26.795
27.06
27.33
27.58
27.825
28.265
28.53
28.77
29.2
29.455
