0.145
0.215
0.365
0.6
0.74
1.2
1.23
1.515
1.57
1.945
1.975
2.095
2.11
2.395
2.595
2.75
2.87
3.02
3.49
3.515
3.805
3.975
4.23
4.42
4.86
5.2
5.315
5.62
5.785
6.08
6.265
6.54
6.67
7.115
7.6
8.535
9.06
9.79
9.82
10.21
10.43
10.51
10.635
10.87
11.135
11.345
11.63
11.785
12.18
12.24
12.52
13.015
13.44
13.455
13.61
13.945
14.05
14.215
14.385
14.58
14.775
14.975
14.995
15.135
15.235
15.435
15.645
15.67
15.94
16.135
16.175
16.64
17.05
17.1
17.23
17.505
17.74
17.995
18.435
18.605
18.925
19.045
19.345
19.515
19.795
19.95
20.29
20.32
20.4
20.74
20.88
21.09
21.28
21.565
21.845
22.155
22.58
22.61
22.69
23.02
23.05
23.62
23.965
24.005
24.45
24.59
24.88
25.01
25.365
25.79
25.83
26.4
26.43
26.88
27.21
27.355
27.645
27.81
28.08
28.255
28.66
29.025
29.46
