0.09
0.205
0.33
0.445
0.555
0.575
0.695
0.815
1.045
1.165
1.3
1.545
1.775
2.015
2.145
2.26
2.52
2.635
2.885
2.985
3.11
3.24
3.365
3.485
3.72
3.85
3.965
4.095
4.215
4.33
4.46
4.58
4.7
4.855
4.94
5.065
5.185
5.435
5.67
5.905
6.04
6.155
6.23
6.435
6.525
6.78
6.875
7.01
7.11
7.365
7.615
7.745
7.855
7.985
8.105
8.225
8.345
8.48
8.595
8.84
8.95
9.08
9.33
9.56
9.8
9.93
10.045
10.305
10.415
10.8
10.9
11.025
11.155
11.265
11.51
11.63
11.75
11.875
12.0
12.115
12.235
12.37
12.485
12.64
12.725
12.85
12.97
13.22
13.45
13.69
13.82
13.945
14.065
14.19
14.31
14.445
14.665
14.795
14.915
15.15
15.395
15.52
15.635
15.775
15.89
16.01
16.135
16.38
16.625
16.735
17.105
17.35
17.595
18.09
18.205
18.56
18.685
18.805
19.055
19.31
19.42
19.535
19.665
19.78
19.905
20.015
20.27
20.515
20.635
20.755
20.995
21.17
21.235
21.475
21.97
22.095
22.345
22.455
22.58
22.78
22.94
23.185
23.31
23.43
23.56
23.67
23.8
23.91
24.17
24.405
24.525
24.895
25.135
25.305
25.385
25.865
25.99
26.345
26.47
26.835
27.085
27.205
27.325
27.57
27.695
27.805
28.195
28.3
28.42
28.555
28.78
29.025
29.265
29.645
29.755
29.79
29.88
