0.09
0.525
0.555
0.765
0.96
1.03
1.235
1.49
1.515
1.935
1.955
1.975
2.21
2.43
2.69
2.905
3.15
3.38
3.605
3.855
4.07
4.32
4.545
4.78
5.02
5.25
5.49
5.72
5.94
6.175
6.21
6.425
6.67
6.895
7.13
7.355
7.615
7.835
8.075
8.305
8.56
8.78
8.81
9.045
9.23
9.5
9.715
9.945
9.98
10.195
10.44
10.695
10.92
11.16
11.39
11.64
11.735
11.865
12.105
12.205
12.335
12.595
12.805
13.06
13.275
13.525
13.63
13.745
13.99
14.22
14.465
14.685
14.945
15.17
15.41
15.65
15.865
16.12
16.345
16.495
16.6
16.81
17.045
17.28
17.52
17.715
17.765
17.98
18.225
18.49
18.93
18.97
19.18
19.43
19.655
19.785
19.91
20.125
20.39
20.595
20.855
21.075
21.32
21.525
21.78
22.005
22.19
22.255
22.72
22.95
23.165
23.2
23.435
23.67
23.9
24.145
24.365
24.61
24.86
25.065
25.1
25.32
25.56
25.78
26.05
26.275
26.5
26.725
26.97
27.205
27.45
27.665
27.92
28.135
28.285
28.38
28.415
28.855
28.885
29.1
29.29
29.36
29.565
29.82
