0.505
0.805
1.135
1.415
1.72
2.035
2.35
2.655
3.005
3.3
3.65
4.145
4.225
4.555
4.705
4.845
5.175
5.265
5.485
5.81
6.43
6.725
7.05
7.36
7.69
8.01
8.28
8.31
8.325
8.635
8.735
9.235
9.56
9.7
9.855
10.49
10.795
11.13
11.445
11.73
11.77
12.06
12.36
12.7
12.985
13.32
13.64
14.12
14.235
14.56
14.855
14.905
15.44
15.525
15.825
16.165
16.48
16.505
16.745
17.08
17.365
17.685
17.99
18.305
18.615
18.925
19.23
19.55
19.67
19.705
19.85
20.36
20.48
20.8
21.105
21.435
21.725
22.35
22.685
22.895
22.975
23.305
23.605
23.94
24.225
24.565
24.855
25.17
25.47
25.79
26.005
26.095
26.67
26.72
27.07
27.17
27.35
27.97
28.295
28.6
