0.415
0.835
1.02
1.555
1.92
1.98
2.51
2.62
2.87
2.895
3.04
3.395
3.57
3.615
3.87
4.095
4.14
4.54
4.83
5.095
5.295
5.39
5.765
6.365
6.535
6.82
7.005
7.125
7.51
7.6
7.7
8.16
8.235
8.58
8.8
9.105
9.345
9.55
9.635
9.735
9.83
10.215
10.39
10.47
10.795
10.865
11.06
11.21
11.59
12.125
12.55
12.68
12.83
13.05
13.28
13.605
13.705
14.135
14.23
14.285
14.315
14.44
14.865
14.95
15.255
15.32
15.535
15.61
15.81
15.93
16.015
16.37
16.525
16.935
17.105
17.43
17.62
17.84
17.955
18.125
18.195
18.235
18.535
18.72
18.83
19.245
19.565
19.645
19.815
20.11
20.3
20.85
21.09
21.17
21.26
21.335
21.41
21.49
21.575
21.815
21.97
22.21
22.38
22.64
22.705
22.985
23.04
23.11
23.37
23.43
23.515
23.755
23.835
24.22
24.51
24.635
24.76
25.125
25.53
25.665
26.035
26.2
26.565
26.635
27.115
27.145
27.32
27.66
27.765
27.88
28.16
28.225
28.31
28.4
28.485
28.605
28.62
28.85
28.98
29.03
29.36
29.53
29.99
