0.235
0.465
0.675
1.12
1.35
1.56
1.775
2.0
2.235
2.35
2.45
2.66
2.88
3.12
3.21
3.32
3.76
3.98
4.205
4.43
4.645
4.865
5.07
5.31
5.52
5.745
5.97
6.175
6.385
6.425
6.62
7.05
7.255
7.325
7.465
7.695
7.905
8.12
8.365
8.7
8.77
8.985
9.2
9.425
9.62
9.835
10.06
10.7
10.91
11.115
11.325
11.525
11.755
11.955
12.16
12.185
12.395
12.605
12.81
13.02
13.23
13.46
13.87
14.08
14.115
14.31
14.51
14.73
14.935
15.185
15.57
15.82
16.05
16.095
16.23
16.47
16.66
16.91
17.33
17.545
17.77
17.97
18.2
18.405
18.635
18.665
18.815
19.255
19.295
19.695
20.135
20.595
21.045
21.495
21.54
21.72
21.97
22.405
22.445
22.845
22.89
23.295
23.365
23.805
24.22
24.265
24.695
25.14
25.155
25.385
25.58
25.795
26.03
26.275
26.46
26.895
27.12
27.325
27.555
27.765
27.995
28.195
28.44
28.64
28.84
29.075
29.265
29.315
29.505
