0.215
0.66
1.345
2.015
2.61
2.705
2.87
3.12
3.545
3.79
4.23
4.465
4.845
4.915
5.135
5.525
5.595
6.445
6.495
7.415
7.855
8.085
8.36
8.525
8.755
9.21
9.535
9.7
9.915
10.005
10.08
10.755
10.975
11.205
11.415
11.645
11.845
12.08
12.295
12.54
12.76
12.99
13.2
13.315
13.41
13.43
13.65
14.02
14.12
14.26
14.57
14.79
15.02
15.245
15.69
15.93
16.155
16.45
16.615
16.85
17.07
17.285
17.745
17.99
18.21
18.445
18.665
18.9
19.33
19.385
19.58
19.84
20.03
20.27
20.485
20.605
20.715
20.815
20.925
21.405
21.74
21.84
22.08
22.31
22.555
22.92
23.01
23.07
23.23
23.465
23.91
24.14
24.365
24.465
24.575
24.885
25.025
25.29
25.51
25.75
25.775
25.965
26.62
26.675
26.875
27.575
27.795
28.015
28.48
28.7
28.93
29.385
29.62
29.845
