1.005
2.29
2.46
2.495
2.735
3.08
3.455
3.59
3.73
3.895
4.005
4.14
4.245
4.425
4.545
5.21
5.32
5.78
6.52
7.19
7.285
7.595
8.03
8.805
8.835
8.97
10.425
10.575
10.615
11.06
11.155
11.3
11.475
11.905
12.11
12.33
12.55
12.715
12.94
13.235
13.45
13.66
13.895
14.21
14.355
14.38
14.67
15.34
15.48
15.66
15.985
16.0
16.185
16.49
16.895
17.145
17.635
17.84
17.87
17.95
18.155
18.385
18.57
19.245
19.515
19.77
19.955
20.47
20.99
21.17
21.51
21.655
22.15
22.505
22.545
22.68
22.745
23.0
23.215
23.445
23.655
23.73
24.385
24.8
25.015
25.125
25.81
25.985
26.095
26.115
26.455
26.69
26.88
27.295
27.44
27.615
27.95
28.23
28.7
28.81
29.075
29.385
29.71
