0.51
0.645
0.845
0.96
1.5
2.045
2.23
2.3
2.46
3.19
3.405
3.84
4.15
4.445
4.84
5.01
5.36
5.73
5.8
6.05
6.33
6.38
6.48
7.195
7.335
7.58
7.65
7.72
7.955
8.215
8.425
8.895
9.115
9.52
9.7
9.99
10.08
10.15
10.26
10.73
10.96
11.09
11.28
11.655
11.865
12.155
12.355
12.755
12.905
13.105
13.38
13.455
13.535
13.85
14.045
14.305
14.37
14.545
14.65
14.74
14.78
15.085
15.275
15.88
15.905
16.02
17.085
17.98
18.005
18.78
18.935
19.09
19.555
19.94
20.88
21.62
21.85
21.885
22.49
22.875
23.18
23.27
23.725
24.06
24.48
24.565
25.255
25.64
25.695
26.64
27.08
27.115
27.575
27.745
28.13
28.165
28.785
28.82
29.07
29.14
29.155
29.485
29.68
29.965
