0.21
0.495
0.795
1.04
1.32
1.62
1.9
2.165
2.435
2.695
2.725
3.005
3.275
3.56
3.835
4.11
4.385
4.67
4.73
4.92
4.955
5.235
5.495
5.635
5.745
6.045
6.32
6.585
6.865
7.15
7.435
7.705
7.98
8.27
8.405
8.55
8.815
9.09
9.38
9.67
9.815
9.935
10.2
10.485
10.7
11.04
11.315
11.555
11.6
11.82
11.885
12.145
12.41
12.7
12.985
13.26
13.54
13.81
14.145
14.415
14.71
14.995
15.28
15.54
15.57
15.845
15.86
16.135
16.42
16.725
17.02
17.165
17.235
17.3
17.585
17.87
18.15
18.31
18.425
18.705
19.01
19.31
19.575
19.865
20.15
20.41
20.62
20.695
21.28
21.56
21.87
21.895
22.16
22.45
22.72
22.755
23.045
23.33
23.59
23.89
24.155
24.455
24.735
25.02
25.295
25.615
25.88
26.175
26.205
26.445
26.62
26.765
26.785
27.025
27.29
27.58
27.595
27.875
27.895
28.145
28.6
28.71
29.015
29.275
29.56
29.85
