0.365
0.6
0.62
1.11
1.335
1.57
1.83
2.065
2.29
2.53
2.78
3.0
3.265
3.48
3.75
3.99
4.205
4.44
4.695
4.93
5.16
5.395
5.655
5.89
6.12
6.355
6.38
6.615
6.83
7.08
7.305
7.555
7.805
8.02
8.26
8.295
8.515
8.755
8.995
9.24
9.49
9.725
9.95
10.195
10.44
10.67
10.915
11.15
11.615
11.87
12.1
12.355
12.595
12.83
13.07
13.315
13.545
13.775
14.02
14.27
14.49
14.735
14.97
15.21
15.445
15.685
15.925
16.06
16.175
16.41
16.64
16.885
17.13
17.355
17.59
17.71
17.84
18.075
18.31
18.545
18.775
19.02
19.27
19.5
19.695
19.745
19.975
20.2
20.45
20.685
20.935
21.16
21.395
21.565
21.64
21.885
22.11
22.36
22.595
22.85
22.88
23.06
23.31
23.57
23.805
24.05
24.285
24.525
24.765
25.02
25.24
25.515
25.73
25.97
26.21
26.435
26.69
26.925
27.165
27.4
27.64
27.88
28.11
28.355
28.595
29.075
29.33
29.56
29.795
