0.15
0.305
0.495
0.7
0.86
1.045
1.225
1.4
1.58
1.76
1.935
2.135
2.32
2.47
2.515
2.675
2.865
3.045
3.21
3.38
3.57
3.735
3.925
4.095
4.125
4.27
4.475
4.69
4.825
5.025
5.21
5.41
5.495
5.57
5.765
5.91
6.285
6.485
6.585
6.7
6.85
7.03
7.05
7.225
7.42
7.615
7.775
7.975
8.04
8.15
8.525
8.7
8.75
8.895
8.985
9.225
9.42
9.485
9.785
9.94
9.975
10.125
10.315
10.485
10.515
10.69
10.87
11.035
11.385
11.42
11.58
11.78
11.8
11.945
12.11
12.295
12.495
12.68
12.875
13.055
13.155
13.24
13.6
13.795
13.985
14.33
14.54
14.705
15.07
15.25
15.315
15.47
15.6
15.79
15.925
15.98
16.15
16.315
16.52
16.705
16.88
17.05
17.225
17.575
17.685
17.78
18.11
18.265
18.45
18.475
18.655
18.835
18.965
19.03
19.195
19.37
19.55
19.73
19.915
20.085
20.27
20.445
20.62
20.78
20.98
21.155
21.33
21.51
21.685
21.86
22.05
22.225
22.405
22.455
22.595
22.955
23.01
23.33
23.39
23.495
23.545
23.65
23.68
23.87
24.07
24.125
24.235
24.425
24.53
24.6
24.8
24.98
25.05
25.15
25.33
25.395
25.54
25.725
25.78
25.895
26.095
26.275
26.445
26.6
26.805
26.825
26.955
27.155
27.33
27.505
27.65
27.925
28.05
28.15
28.235
28.435
28.6
28.78
29.03
29.18
29.355
29.385
29.535
29.705
29.905
