0.28
0.525
0.775
1.015
1.265
1.51
1.765
1.825
2.005
2.235
2.5
2.76
2.985
3.23
3.46
3.705
3.96
4.145
4.21
4.465
4.705
4.875
4.945
5.195
5.32
5.43
5.92
6.17
6.4
6.765
6.85
6.87
7.14
7.38
7.625
7.86
8.105
8.355
8.61
8.84
9.095
9.33
9.595
9.795
9.825
10.31
10.68
11.055
11.305
11.61
11.795
12.035
12.28
12.525
12.695
12.775
13.02
13.265
13.51
13.625
13.995
14.235
14.44
14.725
14.97
15.215
15.455
15.7
15.955
16.19
16.455
16.685
16.935
17.185
17.375
17.485
17.65
17.89
18.165
18.5
18.65
18.89
19.13
19.39
19.62
19.865
20.12
20.345
20.58
20.86
21.1
21.345
21.54
21.575
21.835
22.08
22.325
22.555
22.81
23.05
23.265
23.535
23.775
24.025
24.285
24.51
24.765
25.005
25.48
25.99
26.275
26.48
26.65
26.725
26.955
27.21
27.45
27.63
27.925
28.415
28.8
28.885
29.13
29.375
