0.1
0.125
0.35
0.605
0.785
0.855
1.09
1.325
1.58
1.815
1.84
2.065
2.31
2.56
2.78
3.03
3.285
3.525
3.745
3.785
3.995
4.235
4.44
4.485
4.725
4.97
5.175
5.245
5.445
5.68
5.71
5.925
6.165
6.4
6.64
6.87
7.11
7.34
7.57
7.82
8.065
8.315
8.53
8.705
8.81
8.97
9.035
9.265
9.5
9.74
9.99
10.235
10.46
10.71
10.94
11.2
11.43
11.675
11.92
12.12
12.17
12.41
12.655
12.945
13.12
13.38
13.615
13.87
14.115
14.345
14.605
14.835
14.95
15.09
15.32
15.57
15.81
16.06
16.22
16.56
16.785
17.03
17.26
17.505
17.75
18.0
18.065
18.25
18.5
18.72
18.74
18.8
18.985
19.21
19.45
19.695
19.875
19.945
20.185
20.31
20.445
20.68
20.805
20.925
21.155
21.405
21.65
21.905
22.135
22.395
22.64
22.78
22.885
23.11
23.35
23.605
23.84
24.085
24.175
24.315
24.525
24.77
25.005
25.235
25.485
25.73
25.965
26.22
26.455
26.7
26.925
27.175
27.42
27.675
27.895
28.16
28.345
28.395
28.625
28.865
29.11
29.36
29.61
29.835
