0.07
0.21
0.36
0.485
0.62
0.765
0.905
1.095
1.19
1.315
1.46
1.71
1.755
2.035
2.315
2.575
2.625
2.775
2.875
2.89
3.035
3.155
3.345
3.415
3.605
3.695
3.98
4.14
4.26
4.535
4.69
4.745
4.835
4.87
5.135
5.305
5.39
5.55
5.685
5.825
5.925
5.955
6.16
6.24
6.375
6.51
6.79
6.945
7.065
7.365
7.5
7.615
7.86
7.92
8.06
8.17
8.285
8.45
8.585
8.73
8.91
9.005
9.035
9.15
9.3
9.455
9.525
9.595
9.72
9.85
10.16
10.34
10.405
10.71
10.79
10.855
10.98
11.21
11.415
11.54
11.815
11.93
11.965
12.105
12.385
12.535
12.655
12.915
12.955
13.08
13.195
13.39
13.48
13.625
13.785
13.93
14.025
14.065
14.155
14.325
14.55
14.76
14.885
15.18
15.435
15.595
15.725
15.88
15.995
16.295
16.43
16.45
16.55
16.81
16.85
17.11
17.41
17.57
17.67
17.825
17.95
17.98
18.1
18.235
18.545
18.8
19.085
19.195
19.36
19.635
19.76
19.92
20.085
20.21
20.355
20.475
20.76
20.915
21.03
21.21
21.32
21.48
21.585
21.6
21.875
22.045
22.145
22.175
22.33
22.45
22.59
22.73
22.865
23.0
23.055
23.13
23.165
23.28
23.555
23.69
23.83
23.845
23.885
24.115
24.255
24.395
24.565
24.685
24.92
24.965
25.255
25.395
25.52
25.805
25.96
26.075
26.34
26.63
26.805
26.915
27.055
27.195
27.485
27.565
27.75
27.93
28.205
28.32
28.61
28.67
28.76
28.885
29.075
29.165
29.33
29.43
29.61
29.72
