0.07
0.345
0.445
0.56
0.66
0.895
1.39
2.06
2.405
2.745
3.1
3.265
3.425
3.785
3.92
4.14
4.455
4.8
4.85
5.165
5.205
5.345
5.5
5.695
5.835
6.01
6.185
6.54
6.865
7.085
7.225
7.39
7.535
7.895
8.245
8.595
8.765
8.785
8.925
9.3
9.5
9.64
9.915
9.975
10.3
10.41
10.485
10.665
10.895
11.01
11.355
11.665
11.72
12.38
12.74
13.07
13.425
13.775
14.095
14.135
14.415
14.435
14.76
14.79
15.125
15.48
15.675
15.805
15.865
16.165
16.27
16.515
16.8
16.865
17.19
17.455
17.885
18.24
18.415
18.555
18.895
18.93
19.25
19.61
19.785
19.94
20.325
20.535
20.655
20.8
20.995
21.165
21.325
21.505
21.655
22.025
22.4
22.595
22.715
23.315
23.43
23.805
23.945
24.125
24.47
24.825
25.175
25.51
26.23
26.91
27.22
27.26
27.6
28.29
28.645
28.975
29.67
29.98
