0.18
0.365
0.52
0.695
0.85
1.035
1.185
1.535
1.695
1.73
1.86
2.045
2.205
2.37
2.52
2.86
3.05
3.2
3.44
3.54
3.705
3.765
3.875
4.02
4.19
4.4
4.54
4.72
4.86
4.91
5.055
5.215
5.395
5.565
5.73
5.9
6.065
6.235
6.425
6.585
6.755
6.925
7.095
7.25
7.59
7.735
7.76
7.92
8.065
8.265
8.44
8.595
8.775
8.92
9.04
9.115
9.255
9.43
9.58
9.745
9.865
9.905
10.08
10.235
10.405
10.565
10.735
10.875
11.07
11.225
11.555
11.725
11.895
12.055
12.205
12.38
12.54
12.69
12.85
13.055
13.175
13.515
13.705
13.86
14.185
14.365
14.39
14.53
14.72
14.88
15.04
15.06
15.23
15.385
15.55
15.75
15.885
16.24
16.395
16.57
16.885
17.09
17.24
17.585
17.745
17.915
18.08
18.24
18.405
18.48
18.555
18.795
18.88
19.06
19.225
19.565
19.91
20.11
20.26
20.435
20.595
20.95
21.115
21.14
21.29
21.62
21.795
21.96
22.125
22.295
22.31
22.48
22.625
22.795
22.98
23.13
23.295
23.625
23.845
23.975
24.125
24.16
24.33
24.465
24.635
24.815
24.975
25.175
25.33
25.505
25.68
26.02
26.32
26.53
26.685
27.04
27.205
27.365
27.68
27.88
28.035
28.37
28.705
28.88
29.015
29.225
29.375
29.72
29.89
