0.07
0.195
0.36
0.525
0.72
0.89
1.075
1.26
1.62
1.8
2.005
2.145
2.335
2.51
2.86
3.045
3.225
3.57
3.755
3.93
4.125
4.485
4.66
5.025
5.275
5.38
5.71
5.735
5.975
6.07
6.27
6.345
6.43
6.685
6.79
7.055
7.14
7.33
7.49
7.67
7.845
8.05
8.135
8.21
8.485
8.565
8.765
8.825
8.935
9.05
9.115
9.285
9.575
9.655
9.795
10.02
10.38
10.47
10.57
10.75
11.135
11.51
11.875
12.145
12.245
12.62
12.905
12.99
13.24
13.37
13.64
13.755
14.135
14.505
14.875
15.24
15.27
15.48
15.615
15.98
16.225
16.35
16.475
16.61
16.72
17.095
17.325
17.465
17.83
18.205
18.47
18.575
18.83
18.88
18.96
19.23
19.34
19.615
19.72
19.985
20.1
20.335
20.485
20.86
21.075
21.235
21.5
21.615
21.85
21.995
22.245
22.36
22.39
22.75
23.13
23.42
23.505
23.72
23.88
24.185
24.255
24.54
24.64
24.89
25.02
25.27
25.395
25.775
26.005
26.325
26.49
26.875
27.05
27.195
27.38
27.555
27.735
27.815
27.935
28.12
28.285
28.385
28.48
28.575
28.64
28.84
29.015
29.375
29.56
29.73
29.895
