0.59
0.73
1.005
1.195
1.55
1.7
1.835
1.855
1.905
2.22
2.35
2.52
2.87
3.03
3.35
3.495
3.82
3.885
4.165
4.22
4.505
4.545
4.795
5.01
5.18
5.23
5.51
5.585
5.875
6.26
6.45
6.55
6.725
6.92
7.06
7.17
7.585
7.72
7.88
8.07
8.16
8.51
8.815
8.895
9.135
9.525
9.83
10.075
10.18
10.255
10.335
10.525
10.715
10.865
11.215
11.54
11.725
11.835
12.08
12.135
12.205
12.49
12.865
13.015
13.145
13.22
13.47
13.505
13.84
14.175
14.23
14.505
14.555
14.875
14.89
15.18
15.52
15.57
15.855
16.2
16.235
16.53
16.9
17.185
17.39
17.545
17.715
17.83
17.865
18.225
18.4
18.52
18.83
18.905
19.175
19.475
19.55
19.785
19.845
20.12
20.19
20.51
20.85
20.965
21.045
21.17
21.505
21.845
21.87
22.195
22.41
22.53
22.72
22.82
22.88
23.17
23.545
23.75
23.865
24.18
24.455
24.53
24.675
24.83
25.0
25.14
25.165
25.47
25.515
25.805
25.87
26.165
26.22
26.38
26.53
26.705
26.85
27.185
27.535
27.84
28.2
28.475
28.775
28.845
29.1
29.67
