0.135
0.32
0.515
0.7
0.87
1.075
1.165
1.24
1.62
1.845
1.99
2.185
2.36
2.74
3.11
3.485
3.685
3.85
4.24
4.42
4.6
4.79
4.965
5.135
5.16
5.335
5.53
5.71
5.905
6.075
6.285
6.45
6.645
6.82
7.01
7.195
7.38
7.565
7.765
7.94
8.13
8.31
8.51
8.685
8.88
9.05
9.255
9.43
9.625
9.81
9.995
10.185
10.55
10.79
10.94
11.3
11.67
12.045
12.25
12.43
12.785
13.155
13.53
13.73
13.915
14.275
14.645
15.02
15.4
15.765
16.04
16.14
16.325
16.51
16.87
17.25
17.44
17.625
17.645
17.98
18.385
18.58
18.75
18.905
19.135
19.49
19.865
20.115
20.235
20.405
20.61
20.95
21.365
21.575
21.725
21.92
22.11
22.465
22.84
22.875
23.055
23.215
23.41
23.6
23.95
24.34
24.535
24.705
24.875
25.09
25.445
25.82
26.015
26.19
26.395
26.56
26.905
26.935
27.315
27.53
27.68
28.065
28.425
28.795
29.015
29.165
29.365
29.55
29.91
