0.23
0.37
0.415
0.725
0.89
1.02
1.385
1.525
1.55
1.705
1.865
1.985
2.36
2.49
2.74
2.8
2.985
3.16
3.195
3.51
3.905
4.21
4.285
4.375
4.495
4.97
5.33
5.785
5.82
6.015
6.24
6.315
6.465
6.76
6.865
6.945
7.135
7.15
7.36
7.46
7.84
7.945
8.215
8.335
8.425
8.675
8.89
9.255
9.27
9.755
9.88
9.905
10.165
10.385
10.72
10.855
11.075
11.135
11.37
11.41
11.635
11.82
12.095
12.325
12.55
12.805
12.925
13.19
13.635
13.805
14.075
14.275
14.305
14.585
14.765
14.9
14.975
15.155
15.26
15.48
15.75
16.035
16.115
16.23
16.325
16.655
16.72
17.055
17.07
17.2
17.46
17.53
17.95
18.15
18.415
18.49
18.58
18.65
18.755
18.86
18.96
19.135
19.505
19.59
19.89
20.085
20.205
20.285
20.47
20.58
20.755
20.915
21.0
21.035
21.41
21.83
21.925
22.07
22.26
22.525
22.735
22.86
23.04
23.33
23.51
23.72
23.79
24.015
24.255
24.505
24.7
24.835
25.0
25.15
25.175
25.335
25.47
25.695
25.955
25.98
26.35
26.46
26.87
26.97
27.31
27.475
27.725
27.99
28.08
28.325
28.465
28.755
28.9
28.975
29.23
29.335
29.495
29.525
