1.865
2.175
2.32
2.36
2.68
2.835
2.905
3.25
4.475
4.64
4.77
4.935
5.075
5.24
5.375
5.52
5.645
5.79
5.945
6.09
6.22
6.385
6.52
6.675
6.805
6.96
7.095
7.26
7.395
7.56
7.7
7.84
7.97
8.115
8.265
8.41
8.54
8.705
8.845
9.0
9.135
9.295
9.425
9.59
9.73
9.895
10.03
10.17
10.3
10.38
10.45
10.595
10.745
10.875
11.035
11.175
11.33
11.475
11.62
11.755
11.92
12.055
12.36
12.505
12.63
12.775
12.86
12.92
13.08
13.145
13.285
13.36
13.43
13.5
13.58
13.65
13.725
13.795
14.09
14.395
14.69
14.84
15.11
15.275
15.295
15.41
15.54
15.705
15.835
15.995
16.135
16.275
16.37
16.585
16.725
17.02
17.17
17.29
17.44
17.595
17.74
17.87
18.035
18.165
18.245
18.33
18.46
18.745
19.055
19.21
19.355
19.5
19.77
19.92
20.07
20.2
20.36
20.495
20.655
20.79
20.935
21.01
21.24
21.385
21.59
21.68
21.83
21.95
22.11
22.145
22.955
23.1
23.7
23.995
24.57
25.41
26.025
26.325
26.6
27.16
27.735
28.36
28.655
28.93
29.23
