0.215
0.7
1.04
1.21
1.72
1.905
2.035
2.215
2.37
2.72
2.895
3.07
3.23
3.395
3.56
3.75
3.89
4.055
4.22
4.25
4.58
4.72
5.06
5.235
5.415
5.58
5.755
6.09
6.25
6.61
6.765
7.115
7.285
7.62
7.805
7.97
8.14
8.28
8.805
9.12
9.295
9.505
9.795
9.97
10.15
10.3
10.655
10.805
10.98
11.14
11.315
11.36
11.485
11.655
11.805
12.02
12.175
12.32
12.355
12.83
13.175
13.37
13.84
14.04
14.18
14.355
14.37
14.71
14.87
15.195
15.375
15.715
15.885
16.06
16.215
16.385
16.9
17.195
17.39
17.895
18.1
18.245
18.4
18.565
18.74
18.92
19.125
19.24
19.41
19.77
19.905
20.09
20.265
20.415
20.93
21.135
21.27
21.44
21.755
21.935
22.115
22.285
22.425
22.775
22.795
22.95
23.285
23.45
23.79
23.965
24.13
24.155
24.295
24.45
24.635
24.67
24.96
25.31
25.47
25.645
25.805
25.985
26.155
26.325
26.48
26.52
26.85
26.995
27.35
27.5
27.67
27.84
27.955
28.025
28.2
28.225
28.515
28.835
29.02
29.36
29.525
