0.405
0.62
0.8
1.015
1.21
1.435
1.62
1.85
2.03
2.245
2.435
2.645
2.85
3.045
3.24
3.44
3.475
3.645
3.865
4.065
4.285
4.47
4.69
4.885
5.05
5.125
5.29
5.45
5.53
5.7
5.905
5.935
6.095
6.33
6.505
6.54
6.72
6.915
6.945
7.105
7.32
7.725
7.95
8.14
8.34
8.545
8.785
8.96
9.16
9.195
9.375
9.585
9.77
10.015
10.19
10.375
10.445
10.615
10.805
10.845
11.01
11.225
11.425
11.665
11.83
12.06
12.23
12.475
12.645
12.835
12.87
12.895
13.05
13.285
13.37
13.48
13.69
13.88
14.13
14.295
14.49
14.52
14.705
14.935
15.105
15.325
15.515
15.755
15.925
16.135
16.17
16.32
16.57
16.755
16.965
17.115
17.165
17.335
17.585
17.8
17.985
18.19
18.39
18.6
18.63
18.805
18.995
19.2
19.425
19.6
19.85
20.025
20.275
20.42
20.84
21.075
21.235
21.29
21.52
21.66
21.85
21.895
22.06
22.32
22.475
22.76
22.885
23.095
23.18
23.3
23.53
23.695
23.94
24.115
24.33
24.525
24.755
24.93
25.16
25.345
25.565
25.6
25.745
25.965
26.15
26.56
26.76
26.975
27.185
27.38
27.6
27.785
28.025
28.2
28.42
28.605
28.83
29.015
29.24
29.43
29.845
29.98
