0.14
0.315
0.435
0.715
0.995
1.275
1.44
1.545
1.84
2.105
2.26
2.4
2.555
2.665
2.96
3.23
3.505
3.79
4.065
4.35
4.62
4.77
4.9
4.925
5.2
5.465
5.755
5.92
6.025
6.315
6.585
6.76
6.865
7.145
7.435
7.715
7.87
7.99
8.275
8.415
8.545
8.82
9.0
9.13
9.285
9.425
9.69
9.995
10.25
10.545
10.845
11.105
11.265
11.385
11.65
11.935
12.21
12.48
12.51
12.77
12.965
13.055
13.075
13.16
13.355
13.49
13.63
13.775
13.895
13.925
14.175
14.465
14.75
14.915
15.015
15.05
15.12
15.44
15.59
15.86
16.02
16.14
16.43
16.7
16.975
17.25
17.545
17.815
18.085
18.225
18.36
18.385
18.62
18.815
18.91
19.055
19.095
19.19
19.47
19.5
19.78
20.045
20.205
20.33
20.475
20.59
20.62
20.88
21.145
21.425
21.695
21.975
22.145
22.265
22.39
22.415
22.55
22.685
22.82
23.095
23.375
23.535
23.675
23.815
23.845
23.945
24.215
24.51
24.53
24.78
24.945
25.055
25.2
25.275
25.35
25.41
25.59
25.62
25.865
26.14
26.225
26.345
26.41
26.545
26.675
26.85
26.95
26.98
27.24
27.53
27.805
28.095
28.36
28.65
28.925
29.23
29.475
