0.25
0.315
0.385
0.56
0.805
1.025
1.06
1.49
1.56
1.805
1.95
2.075
2.25
2.3
2.47
2.545
2.77
2.915
2.95
3.03
3.275
3.325
3.535
3.765
4.025
4.215
4.265
4.515
5.0
5.27
5.41
5.505
5.74
5.995
6.25
6.265
6.48
6.72
6.975
7.23
7.32
7.45
7.675
7.92
8.15
8.385
8.415
8.605
8.83
9.34
9.58
9.82
9.955
10.05
10.085
10.295
10.56
10.77
10.795
11.01
11.28
11.525
11.74
12.01
12.115
12.195
12.43
12.5
12.685
12.905
13.185
13.43
13.645
13.68
14.135
14.375
14.56
14.6
14.615
14.89
15.105
15.345
15.505
15.8
15.83
16.035
16.305
16.515
17.005
17.25
17.495
17.735
17.88
17.95
18.18
18.22
18.305
18.425
18.695
18.915
19.14
19.6
19.73
19.84
20.105
20.315
20.595
20.805
21.03
21.275
21.525
21.66
21.745
21.985
22.195
22.69
22.935
23.165
23.425
23.545
23.61
23.645
23.885
24.13
24.37
24.525
24.605
24.86
25.1
25.325
25.56
25.795
26.03
26.155
26.265
26.505
26.74
26.975
27.2
27.435
27.67
27.905
28.41
28.62
28.73
28.885
29.155
29.385
29.57
29.835
29.855
