1.085
1.375
1.7
2.095
2.53
2.57
2.6
2.76
2.845
2.95
3.01
3.415
3.52
4.23
4.55
5.48
5.595
5.845
5.865
5.955
6.245
6.345
6.505
6.625
6.835
7.07
7.59
7.61
7.725
8.08
8.17
8.505
8.735
8.88
8.925
8.99
9.16
9.445
9.52
9.65
9.665
10.2
10.31
10.43
10.51
10.795
10.86
11.48
11.68
11.81
11.92
12.09
12.16
12.31
12.48
12.595
12.685
12.89
12.95
13.26
13.415
13.53
13.705
13.985
14.02
14.245
14.68
14.8
15.17
15.915
16.14
16.545
16.78
16.965
17.365
17.77
18.015
18.195
18.44
18.62
19.02
19.47
19.895
20.115
20.32
20.755
21.185
21.395
21.6
21.81
21.98
22.905
23.315
23.55
24.165
24.615
24.83
25.055
25.475
26.34
26.775
26.99
27.195
27.635
28.05
28.49
