0.475
0.74
0.985
1.25
1.38
1.5
2.015
2.275
2.53
2.73
2.785
3.04
3.29
3.42
3.555
3.82
4.065
4.355
4.58
4.61
4.84
5.09
5.36
5.485
5.605
5.87
6.12
6.345
6.38
6.63
6.885
7.14
7.41
7.66
7.88
8.17
8.465
8.685
8.72
8.915
8.94
9.19
9.46
9.71
9.975
10.225
10.495
10.735
10.99
11.25
11.45
11.58
11.64
11.77
12.015
12.275
12.535
12.79
13.04
13.27
13.305
13.565
13.69
13.815
14.07
14.325
14.585
14.845
15.095
15.285
15.35
15.83
15.875
16.0
16.125
16.2
16.375
16.64
16.83
16.895
17.155
17.405
17.635
17.8
17.92
18.05
18.2
18.435
18.695
18.945
19.2
19.455
19.7
19.97
20.225
20.485
20.655
20.745
21.0
21.255
21.51
21.78
22.025
22.155
22.29
22.44
22.535
22.795
23.05
23.305
23.56
23.845
23.955
24.085
24.21
24.33
24.585
24.85
25.1
25.35
25.61
26.13
26.385
26.64
26.89
27.02
27.155
27.405
27.54
27.665
27.85
27.96
28.18
28.435
28.69
28.715
28.955
29.205
29.465
29.725
