0.64
1.13
1.235
1.72
2.1
2.275
2.625
2.8
3.39
3.495
3.585
4.095
4.18
4.275
4.46
4.63
5.005
5.19
5.34
5.525
5.725
6.465
6.79
7.215
7.595
7.75
7.96
8.115
8.165
8.305
8.485
8.52
8.665
8.875
9.03
9.075
9.22
9.4
9.78
9.965
10.07
10.145
10.365
10.515
10.575
10.68
10.86
11.05
11.065
11.22
11.34
11.405
11.575
11.96
12.15
12.315
12.68
12.87
13.055
13.25
13.4
13.585
13.78
13.96
13.99
14.145
14.35
14.495
14.75
14.87
14.915
15.06
15.15
15.255
15.63
15.725
15.805
15.975
16.15
16.33
16.365
16.49
16.68
16.845
17.015
17.175
17.36
17.54
17.76
17.935
18.08
18.13
18.505
18.68
18.835
19.06
19.205
19.375
19.565
19.77
19.93
20.025
20.125
20.29
20.5
20.66
20.845
20.985
21.04
21.2
21.39
21.495
21.58
21.745
21.965
22.125
22.295
22.48
22.68
22.695
22.845
23.03
23.18
23.215
23.62
23.74
23.925
24.32
24.495
24.585
24.655
24.875
25.03
25.2
25.395
25.555
25.595
25.935
26.1
26.325
26.425
26.66
26.82
26.985
27.005
27.22
27.38
27.555
27.77
27.925
27.965
28.08
28.255
28.445
28.62
28.79
28.955
29.33
29.345
29.695
