0.225
0.27
0.36
0.55
0.885
1.09
1.195
1.335
1.535
1.765
1.845
2.175
2.33
2.51
2.655
2.81
2.97
3.055
3.135
3.32
3.465
3.615
3.805
4.12
4.155
4.275
4.485
4.695
4.77
4.965
5.085
5.31
5.415
5.575
5.715
6.04
6.075
6.36
6.42
6.685
6.735
6.865
7.005
7.33
7.495
7.55
7.665
7.82
7.86
7.97
8.16
8.3
8.485
8.625
8.69
8.785
8.94
9.11
9.265
9.455
9.59
9.92
10.075
10.245
10.4
10.555
10.88
11.125
11.22
11.285
11.375
11.525
11.685
11.855
11.9
12.03
12.17
12.495
12.66
12.83
12.99
13.145
13.3
13.465
13.795
13.94
14.105
14.435
14.62
14.755
14.95
15.095
15.245
15.415
15.565
15.72
16.05
16.375
16.41
16.61
16.69
17.02
17.195
17.335
17.51
17.67
17.825
17.99
18.155
18.305
18.475
18.63
18.96
18.99
19.115
19.275
19.6
19.785
19.92
20.1
20.255
20.405
20.575
20.735
20.89
21.215
21.39
21.545
21.585
21.71
21.86
22.185
22.36
22.5
22.83
22.99
23.16
23.32
23.475
23.635
23.795
24.13
24.275
24.445
24.77
24.95
25.09
25.42
25.435
25.575
25.745
25.78
25.9
26.055
26.21
26.38
26.565
26.71
26.91
27.025
27.36
27.525
27.67
28.005
28.16
28.325
28.485
28.64
28.965
29.3
29.335
29.45
29.61
