0.045
0.275
0.56
0.855
1.1
1.515
1.645
1.925
2.195
2.475
2.64
2.745
2.765
3.29
3.7
3.835
4.0
4.115
4.385
4.66
4.94
5.295
5.48
5.66
6.03
6.395
6.575
6.76
7.115
7.485
7.665
7.85
8.21
8.62
9.295
9.85
10.125
10.39
10.675
10.94
11.255
11.41
11.485
11.665
11.755
11.9
12.03
12.305
12.575
12.855
13.12
13.4
13.675
13.95
14.22
14.495
14.765
15.04
15.305
15.57
15.855
16.165
16.325
16.405
16.68
16.955
17.23
17.51
17.775
18.045
18.595
18.845
18.875
19.11
19.205
19.685
20.23
20.78
21.33
21.61
21.87
22.075
22.415
22.96
23.52
23.785
24.06
24.27
24.505
24.61
24.88
25.15
25.705
25.975
26.24
26.805
27.34
27.63
27.885
28.43
28.975
29.5
29.53
29.875
