0.54
0.765
0.965
1.17
1.255
1.355
1.565
1.77
2.2
2.385
2.53
2.765
2.825
2.915
3.165
3.355
3.585
3.765
3.975
4.185
4.45
4.59
4.775
4.845
5.005
5.4
5.605
5.825
6.02
6.215
6.43
6.49
6.64
6.88
7.045
7.275
7.46
7.67
7.885
8.085
8.29
8.39
8.5
8.7
8.945
9.005
9.125
9.33
9.345
9.535
9.745
9.825
9.945
10.355
10.655
10.76
10.98
11.18
11.39
11.6
12.01
12.2
12.41
12.62
12.675
12.82
13.03
13.235
13.435
13.63
13.825
14.04
14.245
14.435
14.64
14.845
15.245
15.45
15.665
15.87
15.885
16.055
16.25
16.335
16.46
16.865
17.085
17.29
17.485
17.68
17.885
18.09
18.3
18.505
18.625
18.705
18.8
18.91
19.12
19.315
19.525
19.59
19.735
20.135
20.275
20.36
20.47
20.54
20.56
20.74
20.955
21.15
21.36
21.575
21.765
21.98
22.17
22.38
22.575
22.785
22.895
22.985
23.19
23.385
23.59
23.795
24.005
24.205
24.405
24.615
25.025
25.24
25.335
25.435
25.63
25.83
26.035
26.235
26.635
26.835
26.925
27.04
27.245
27.43
27.74
27.835
28.115
28.235
28.66
29.075
29.365
29.495
29.915
