0.16
0.41
0.52
0.625
0.86
1.065
1.09
1.33
1.565
1.81
2.025
2.2
2.27
2.485
2.775
2.955
3.195
3.42
3.67
3.89
4.13
4.35
4.6
4.805
5.035
5.06
5.085
5.27
5.735
5.975
6.195
6.44
6.655
6.895
7.095
7.225
7.3
7.455
7.54
7.695
7.785
8.015
8.125
8.375
8.49
8.715
8.835
9.175
9.305
9.61
9.75
9.845
10.08
10.2
10.3
10.54
10.65
10.75
10.99
11.11
11.2
11.335
11.425
11.65
12.015
12.12
12.345
12.47
12.575
12.805
12.93
13.02
13.145
13.265
13.37
13.475
13.715
13.84
13.945
14.165
14.295
14.4
14.625
14.755
15.07
15.29
15.515
15.76
16.005
16.225
16.47
16.67
16.92
17.135
17.385
17.595
17.845
18.055
18.31
18.525
18.77
18.995
19.235
19.355
19.455
19.685
19.91
20.165
20.375
20.62
20.835
21.075
21.09
21.29
21.53
21.75
21.985
22.22
22.455
22.69
22.93
23.15
23.395
23.61
23.85
24.06
24.21
24.31
24.53
24.775
24.995
25.235
25.46
25.695
25.925
26.155
26.39
26.625
26.85
27.095
27.315
27.545
27.775
28.015
28.24
28.49
28.695
28.93
29.15
29.385
29.63
