0.25
0.27
0.505
0.775
1.045
1.175
1.31
1.835
2.105
2.37
2.64
2.89
3.16
3.44
3.7
3.925
4.225
4.5
4.74
5.025
5.21
5.295
5.555
6.08
6.345
6.61
6.86
7.12
7.385
7.65
7.915
7.955
8.17
8.445
8.73
8.89
8.995
9.19
9.245
9.375
9.5
9.78
10.05
10.305
10.595
10.85
11.1
11.37
11.65
11.91
12.175
12.245
12.44
12.715
12.795
12.945
12.985
13.23
13.5
13.755
14.035
14.295
14.405
14.555
14.83
15.075
15.355
15.61
15.88
16.13
16.4
16.67
16.92
17.04
17.18
17.445
17.715
17.98
18.25
18.57
18.765
19.035
19.33
19.565
19.835
20.12
20.355
20.375
20.615
20.88
21.14
21.41
21.45
21.68
21.93
22.22
22.46
22.73
22.975
23.235
23.515
23.67
23.76
24.0
24.27
24.555
24.805
25.05
25.335
25.46
25.585
25.84
26.08
26.36
26.595
26.88
27.135
27.4
27.665
27.905
28.145
28.415
28.67
28.925
29.17
29.435
29.715
