0.105
0.13
0.335
0.53
0.75
1.15
1.375
1.575
1.77
1.985
2.195
2.385
2.595
2.785
3.005
3.2
3.4
3.615
3.775
4.025
4.235
4.42
4.64
4.84
4.905
5.035
5.245
5.455
5.65
5.845
6.045
6.265
6.465
6.66
6.865
7.04
7.08
7.275
7.485
7.675
7.89
7.93
8.1
8.145
8.29
8.495
8.705
8.9
9.1
9.295
9.505
9.705
9.905
10.11
10.33
10.35
10.515
10.565
10.725
10.92
11.135
11.33
11.405
11.53
11.74
11.92
11.955
12.045
12.14
12.37
12.55
12.765
12.96
13.175
13.365
13.58
13.765
13.995
14.19
14.41
14.59
14.795
15.0
15.205
15.39
15.61
15.805
16.03
16.225
16.295
16.415
16.62
16.645
16.825
17.02
17.23
17.425
17.635
17.845
18.035
18.24
18.455
18.5
18.65
18.865
18.955
19.04
19.26
19.465
19.665
19.87
20.08
20.28
20.49
20.685
20.89
21.09
21.14
21.285
21.495
21.72
21.755
21.9
22.12
22.31
22.525
22.73
22.925
23.145
23.34
23.36
23.54
23.755
23.93
24.155
24.345
24.555
24.76
24.99
25.165
25.58
25.81
25.985
26.2
26.41
26.615
26.815
27.01
27.225
27.415
27.605
27.815
28.02
28.23
28.35
28.425
28.85
29.045
29.065
29.27
29.47
29.665
29.88
