0.26
0.38
0.755
1.015
1.135
1.15
1.525
1.55
1.895
1.95
2.12
2.145
2.33
2.55
2.675
2.94
3.045
3.305
3.42
3.47
3.805
4.07
4.185
4.46
4.56
4.79
4.94
5.08
5.2
5.335
5.45
5.605
5.69
5.945
6.085
6.305
6.435
6.795
6.83
7.075
7.195
7.44
7.47
7.585
7.85
7.94
8.205
8.325
8.585
8.72
8.755
8.975
9.1
9.36
9.47
9.745
9.865
10.11
10.175
10.25
10.505
10.62
11.255
11.38
11.625
11.75
11.955
11.995
12.06
12.13
12.375
12.505
12.735
12.88
13.115
13.26
13.635
14.015
14.22
14.38
14.64
14.785
15.055
15.2
15.435
15.565
15.935
16.2
16.32
16.595
16.7
16.97
17.08
17.305
17.47
17.855
18.095
18.21
18.245
18.6
18.69
18.845
18.985
19.245
19.365
19.615
19.64
19.75
19.965
20.135
20.385
20.51
20.545
20.74
20.895
21.15
21.275
21.66
21.92
22.045
22.085
22.305
22.425
22.705
22.815
23.195
23.46
23.575
23.815
23.83
23.955
23.985
24.205
24.325
24.705
24.945
24.96
25.12
25.34
25.745
25.865
26.105
26.235
26.56
26.63
26.87
27.03
27.26
27.38
27.65
27.755
28.005
28.13
28.385
28.53
28.755
28.9
28.93
29.15
29.28
29.325
29.535
29.655
29.695
29.9
29.92
