0.14
0.7
1.035
1.075
1.325
1.535
1.625
1.915
2.52
2.8
3.12
3.42
3.725
3.95
4.065
4.335
4.64
4.93
5.24
5.3
5.53
5.825
6.115
6.72
7.015
7.315
7.63
7.915
8.225
8.515
8.805
8.84
9.13
9.435
9.72
10.025
10.155
10.325
10.62
10.915
11.23
11.515
11.53
11.665
11.825
12.13
12.48
12.73
12.9
13.07
13.34
13.645
13.955
14.25
14.545
14.865
15.155
15.36
15.445
15.735
16.03
16.335
16.645
17.245
17.55
17.845
18.135
18.43
18.57
18.725
19.03
19.285
19.32
19.935
20.255
20.55
21.075
21.175
21.455
21.785
22.385
22.68
22.98
23.27
23.865
24.155
24.77
25.075
25.37
25.665
25.7
25.96
26.255
26.565
26.865
27.155
27.745
28.03
28.35
28.655
28.92
28.945
29.555
29.87
