1.575
1.915
2.48
3.675
4.29
4.77
5.905
6.235
6.72
7.535
8.07
8.44
8.63
11.29
11.415
11.675
11.945
11.97
12.075
12.19
12.445
12.715
12.88
12.99
13.05
13.26
13.54
14.07
14.635
15.135
15.165
15.69
16.02
16.21
16.77
17.045
17.295
17.58
17.835
18.105
18.365
18.615
18.885
19.41
19.43
19.825
20.07
20.325
20.445
20.7
20.96
21.5
21.525
21.77
22.055
22.085
22.31
22.535
22.835
23.13
23.63
23.935
24.2
24.475
24.69
25.265
25.305
25.53
25.79
26.33
26.595
26.815
27.115
27.375
27.9
28.175
28.435
28.575
28.93
29.225
29.44
