0.325
0.795
0.895
1.14
1.165
1.625
2.075
2.385
2.65
2.835
3.07
3.415
3.495
3.745
3.85
4.095
4.36
4.425
4.565
4.585
4.94
5.285
5.43
5.825
6.185
6.26
6.58
6.61
6.955
7.05
7.265
7.44
7.545
7.565
7.75
8.075
8.235
8.305
8.47
8.61
8.86
9.125
9.465
9.53
9.735
9.96
10.94
10.965
11.63
11.855
11.875
12.735
13.61
14.485
15.06
15.355
16.285
16.83
17.095
17.15
18.045
18.245
18.58
18.61
18.895
19.79
20.345
20.645
21.215
21.56
21.84
22.105
22.36
22.6
22.865
23.12
23.37
23.645
23.955
24.15
24.42
24.55
24.73
25.0
25.18
25.26
25.49
25.73
25.805
25.955
26.025
26.125
26.37
26.575
26.73
26.98
27.07
27.22
27.395
27.515
27.73
27.86
28.19
28.34
28.51
28.605
28.75
28.99
29.075
29.39
