0.17
0.395
0.485
0.735
1.02
1.12
1.35
1.63
2.11
2.6
2.785
2.975
3.45
3.765
4.285
4.62
5.21
5.415
5.73
5.99
6.275
7.09
7.65
7.685
7.89
8.755
9.185
9.205
9.365
9.6
9.735
10.015
10.035
10.41
10.685
10.755
10.955
11.06
11.185
11.255
12.085
12.28
12.43
12.57
12.79
13.02
13.22
13.395
13.68
13.875
13.965
14.22
14.49
15.055
15.325
15.595
15.84
16.15
16.215
17.01
17.865
18.17
18.295
18.56
18.73
18.785
18.83
19.11
19.18
19.56
19.715
19.98
20.385
20.92
21.1
21.225
21.5
21.605
22.055
22.22
22.32
22.42
22.605
22.885
23.16
23.185
23.71
23.905
24.005
24.275
24.55
24.98
25.05
25.365
25.475
25.52
25.925
26.2
26.46
26.785
27.01
27.085
27.215
27.25
27.54
27.57
27.83
27.97
28.085
28.235
28.575
28.645
28.925
29.21
29.55
29.785
