0.34
0.57
0.875
1.31
1.43
1.7
1.995
2.235
2.52
2.575
2.85
2.93
3.195
3.785
4.045
4.475
4.62
4.92
5.22
5.565
5.8
6.075
6.405
6.73
6.98
7.24
7.56
8.75
9.145
9.34
9.625
9.67
9.965
10.28
10.54
10.83
10.855
11.12
11.135
11.405
11.73
12.035
12.27
12.335
12.9
13.5
14.075
14.12
14.395
14.5
14.73
15.01
15.305
15.605
15.895
16.19
16.48
16.775
17.01
17.54
18.12
18.5
18.74
19.02
19.05
19.32
19.375
19.875
20.08
20.265
20.46
20.825
20.96
21.11
21.305
21.505
21.65
22.055
22.275
22.58
22.865
23.15
23.44
23.775
24.1
24.38
24.67
24.72
24.945
25.005
26.11
26.385
26.96
27.28
27.575
28.165
28.455
28.78
29.065
29.36
29.62
