0.16
0.74
1.05
1.08
1.23
1.325
1.665
1.915
2.485
2.5
2.81
3.08
3.37
3.675
4.255
4.525
4.825
5.12
5.385
5.665
5.92
5.985
6.215
6.245
6.51
6.755
6.845
7.135
7.72
8.005
8.115
8.295
8.51
8.835
8.91
9.085
9.445
9.51
9.99
10.28
10.46
10.58
10.88
11.145
11.455
11.71
12.02
12.175
12.305
12.6
12.895
13.42
13.74
14.035
14.31
14.595
14.87
15.07
15.135
15.455
15.67
15.715
15.755
16.01
16.31
16.865
16.915
17.145
17.35
17.44
17.505
17.735
17.93
18.015
18.305
18.35
18.61
19.185
19.455
19.64
19.76
19.975
20.205
20.625
20.91
21.34
21.49
21.78
22.055
22.615
23.225
23.51
23.77
23.815
24.075
24.36
24.395
24.915
25.235
25.39
25.54
25.585
25.89
25.96
26.1
26.405
26.68
27.015
27.255
27.485
27.565
27.845
27.885
28.42
28.715
29.02
29.585
