0.24
0.57
0.945
1.145
1.615
1.985
2.33
2.71
3.085
3.44
3.8
4.01
4.165
4.39
4.73
4.875
5.09
5.25
5.435
5.59
5.975
6.31
6.63
6.875
7.01
7.05
7.385
7.74
7.765
7.8
8.14
8.46
8.505
8.835
9.195
9.605
9.935
9.965
10.32
10.66
10.91
11.035
11.07
11.4
11.43
11.63
12.125
12.145
12.47
12.845
12.88
13.215
13.565
13.6
13.945
14.305
14.675
14.885
15.015
15.385
15.655
15.76
16.12
16.475
16.835
17.18
17.375
17.54
17.8
17.9
18.245
18.645
19.005
19.165
19.35
19.72
19.77
19.885
20.095
20.425
20.445
20.805
21.215
21.53
21.895
22.25
22.53
22.98
23.355
23.71
24.07
24.295
24.42
24.81
25.15
25.445
25.545
25.87
26.135
26.475
26.585
26.955
27.32
27.685
28.05
28.305
28.42
28.775
29.05
29.15
29.41
29.5
29.73
29.985
