0.46
0.81
1.065
1.135
1.16
1.485
1.785
2.135
2.455
2.49
2.8
3.11
3.47
3.76
3.785
3.97
4.13
4.415
4.46
4.775
4.95
5.16
5.41
5.505
5.6
5.75
5.935
5.96
6.125
6.265
6.45
6.85
7.08
7.305
7.37
7.395
7.61
7.815
7.86
8.085
8.255
8.405
8.71
8.805
9.085
9.155
9.415
9.71
9.76
10.08
10.33
10.36
11.035
11.335
11.395
11.71
11.725
12.05
12.37
12.605
12.7
13.015
13.11
13.56
13.67
14.015
14.335
14.69
14.86
14.96
15.005
15.325
15.665
15.92
16.005
16.28
16.65
16.93
16.95
17.525
17.615
17.955
17.985
18.0
18.295
18.935
19.27
19.605
19.975
20.065
20.235
20.59
20.695
20.93
21.22
21.555
21.925
21.975
22.25
22.44
22.89
23.23
23.535
23.865
24.19
24.485
24.555
24.83
24.87
25.195
25.5
25.795
26.19
26.82
27.175
27.365
27.505
27.63
27.825
28.14
28.44
28.485
28.675
28.84
29.44
