0.145
0.265
0.4
0.62
0.725
0.86
1.045
1.265
1.36
1.55
1.685
1.91
2.0
2.29
2.33
2.555
2.64
2.66
2.825
2.965
3.19
3.285
3.485
3.615
3.68
3.94
4.1
4.16
4.26
4.45
4.475
4.565
4.77
4.91
5.06
5.1
5.245
5.41
5.505
5.555
5.77
5.895
6.075
6.2
6.395
6.535
6.69
6.835
7.015
7.155
7.365
7.485
7.67
7.8
8.1
8.135
8.345
8.445
8.655
8.775
9.01
9.095
9.14
9.26
9.415
9.595
9.74
10.055
10.26
10.395
10.575
10.72
10.92
10.99
11.15
11.275
11.36
11.665
11.7
11.86
11.895
11.995
12.14
12.305
12.505
12.625
12.85
12.96
13.125
13.165
13.265
13.34
13.49
13.585
13.755
13.91
14.075
14.235
14.39
14.465
14.56
14.74
14.855
14.89
15.075
15.205
15.38
15.435
15.53
15.67
15.84
16.075
16.135
16.16
16.195
16.375
16.515
16.79
16.83
16.995
17.045
17.14
17.18
17.36
17.46
17.635
17.7
17.8
18.04
18.125
18.29
18.355
18.43
18.645
18.75
18.78
18.985
19.095
19.29
19.33
19.4
19.445
19.59
19.925
20.06
20.235
20.365
20.545
20.71
20.89
20.93
21.005
21.21
21.335
21.525
21.645
21.96
22.14
22.195
22.28
22.5
22.6
22.89
22.925
23.165
23.255
23.405
23.57
23.795
23.895
24.18
24.465
24.545
24.735
24.865
25.115
25.195
25.515
25.73
25.845
26.025
26.07
26.16
26.375
26.66
26.79
27.115
27.31
27.44
27.635
27.75
28.075
28.305
28.405
28.575
28.725
28.94
29.04
29.095
29.36
29.59
29.695
29.845
29.91
