0.175
0.295
0.545
0.78
1.0
1.25
1.485
1.725
1.96
2.01
2.195
2.445
2.675
2.915
3.145
3.63
4.085
4.335
4.565
4.825
4.84
5.035
5.265
5.33
5.505
5.76
5.985
6.23
6.455
6.69
6.915
7.39
7.79
7.88
7.895
8.115
8.345
8.575
8.81
9.04
9.29
9.53
9.775
10.015
10.23
10.47
10.695
10.975
11.16
11.185
11.66
11.92
12.13
12.365
12.6
12.83
13.08
13.1
13.285
13.53
13.565
13.81
14.005
14.035
14.265
14.495
14.765
14.965
15.435
15.685
15.93
16.15
16.385
16.62
16.865
17.07
17.125
17.335
17.57
17.79
18.265
18.745
18.965
19.22
19.46
19.61
19.7
19.92
19.935
20.165
20.405
20.655
21.13
21.37
21.565
21.595
21.84
22.06
22.345
22.54
23.01
23.25
23.485
23.71
23.95
24.18
24.205
24.44
24.68
24.9
25.155
25.255
25.365
25.495
25.595
25.72
25.81
26.07
26.1
26.305
26.525
26.595
26.79
27.035
27.24
27.265
27.505
27.61
27.755
28.22
28.535
28.7
28.935
29.135
29.175
29.395
29.64
29.875
