0.24
0.54
0.845
1.065
1.16
1.475
1.78
2.405
2.715
3.02
3.33
3.645
3.955
4.26
4.56
4.875
5.2
5.49
5.8
6.005
6.11
6.43
6.73
7.04
7.35
7.67
7.97
8.275
8.59
8.905
8.96
9.21
9.515
9.705
9.825
10.145
10.455
10.76
11.075
11.39
11.695
12.005
12.32
12.63
12.93
12.99
13.55
13.865
14.17
14.385
14.48
14.79
15.11
15.42
15.735
16.045
16.37
16.54
16.655
16.99
17.29
17.615
17.945
18.24
18.405
18.54
18.85
19.025
19.165
19.475
19.795
20.1
20.41
20.71
20.885
21.01
21.34
21.51
21.62
22.56
22.88
24.12
25.065
25.36
25.99
26.155
26.265
26.495
26.605
27.095
27.225
27.515
27.84
28.325
28.745
29.085
29.38
29.545
29.67
29.835
