0.185
0.305
0.365
0.665
0.815
1.13
1.255
1.29
1.595
1.71
1.76
1.995
2.19
2.375
2.51
2.665
2.82
2.975
3.13
3.29
3.435
3.565
3.755
3.885
4.045
4.21
4.365
4.515
4.905
4.98
5.265
5.32
5.42
5.725
5.905
6.195
6.215
6.35
6.375
6.805
6.84
7.145
7.3
7.615
7.745
8.065
8.08
8.235
8.69
8.925
9.015
9.15
9.355
9.61
9.925
10.055
10.5
10.535
10.84
10.965
11.0
11.3
11.455
11.775
11.92
12.15
12.365
12.685
12.83
12.865
13.145
13.275
13.305
13.42
13.59
13.74
14.055
14.185
14.505
14.66
14.875
14.98
15.1
15.12
15.345
15.435
15.57
15.59
15.91
16.03
16.345
16.37
16.485
16.52
16.785
16.955
17.195
17.27
17.4
17.885
18.2
18.23
18.33
18.37
18.675
18.815
19.065
19.135
19.305
19.585
19.705
19.73
20.035
20.055
20.18
20.475
20.615
20.66
20.99
21.09
21.425
21.58
21.865
22.03
22.145
22.365
22.51
22.81
22.925
22.975
23.14
23.285
23.445
23.745
23.86
23.905
24.055
24.16
24.36
24.54
24.66
24.675
24.815
24.98
25.135
25.28
25.44
25.575
25.74
25.89
26.04
26.19
26.355
26.51
26.655
27.125
27.455
27.595
27.88
28.055
28.365
28.525
28.745
28.81
28.98
29.3
29.44
29.77
29.905
