0.165
0.445
0.755
0.93
0.995
1.03
1.22
1.305
1.505
1.52
1.585
1.825
1.885
1.95
2.155
2.34
2.455
2.71
2.95
3.03
3.28
3.57
3.84
4.15
4.405
4.97
5.27
5.285
5.515
5.56
5.79
6.0
6.12
6.37
6.65
7.205
7.515
7.77
8.04
8.315
8.605
8.87
9.43
9.72
9.96
9.995
10.18
10.305
10.545
10.835
11.03
11.115
11.66
11.975
12.215
12.235
12.49
12.52
12.775
13.05
13.315
13.865
14.15
14.295
14.425
14.675
14.84
14.915
15.07
15.2
15.235
15.46
15.695
15.765
16.03
16.335
16.58
16.875
17.14
17.445
17.715
18.025
18.265
18.565
18.82
19.12
19.385
19.68
19.94
20.49
20.795
21.04
21.06
21.335
21.605
21.92
22.18
22.725
23.055
23.29
23.59
23.88
23.905
24.105
24.405
24.945
24.995
25.245
25.415
25.52
25.805
26.08
26.41
26.435
26.52
26.63
26.905
26.925
27.045
27.18
27.47
27.5
27.685
27.74
28.02
28.19
28.295
28.545
28.845
29.08
29.405
