0.075
0.105
0.145
0.25
0.565
0.69
1.02
1.135
1.57
1.885
2.08
2.265
2.34
2.375
2.465
2.815
2.94
3.235
3.34
3.665
3.69
4.135
4.225
4.545
4.685
4.98
5.445
5.555
5.855
5.89
5.98
6.245
6.635
6.705
6.725
7.16
7.565
7.64
7.71
8.04
8.15
8.43
8.45
8.48
8.92
9.37
9.485
9.81
9.835
10.21
10.66
11.015
11.12
11.465
11.535
11.68
11.965
12.24
12.345
12.455
12.675
12.855
13.325
13.755
14.205
14.33
14.705
14.78
15.155
15.225
15.485
15.645
15.875
15.945
16.39
16.545
16.855
17.29
17.415
17.745
17.86
18.17
18.655
18.74
19.035
19.165
19.44
20.025
20.34
20.77
20.91
21.35
21.62
21.765
21.99
22.1
22.205
22.415
22.525
22.635
22.695
22.94
23.51
23.845
24.72
24.76
25.15
25.575
25.8
26.155
26.465
26.905
27.035
27.33
27.745
27.88
28.175
28.23
28.75
29.055
29.435
29.5
29.585
29.635
29.94
