0.14
0.425
0.485
0.61
0.72
1.015
1.23
1.29
1.425
1.595
1.64
1.92
2.225
2.29
2.53
2.83
2.875
3.02
3.125
3.31
3.34
3.43
3.71
3.815
3.955
4.03
4.055
4.07
4.225
4.32
4.635
4.695
4.93
5.23
5.285
5.415
5.525
5.735
5.815
5.95
6.125
6.16
6.315
6.385
6.58
6.72
6.92
7.025
7.335
7.575
7.635
7.75
7.825
7.93
8.04
8.24
8.435
8.53
8.555
8.705
8.805
8.875
9.045
9.13
9.315
9.385
9.465
9.735
9.835
10.04
10.085
10.22
10.33
10.62
10.935
10.975
11.135
11.235
11.255
11.53
11.73
11.83
11.865
11.88
12.14
12.435
12.615
12.735
12.925
13.03
13.225
13.335
13.645
13.93
14.11
14.235
14.465
14.54
14.84
15.02
15.135
15.425
15.735
15.795
16.035
16.065
16.34
16.875
16.945
17.19
17.26
17.405
17.44
17.54
17.645
17.845
18.05
18.14
18.465
18.615
18.745
18.83
19.045
19.085
19.265
19.345
19.645
19.705
19.835
19.945
20.07
20.23
20.505
20.58
20.795
20.875
21.075
21.14
21.25
21.35
21.45
21.745
22.045
22.24
22.345
22.645
22.89
22.99
23.045
23.215
23.285
23.4
23.54
23.74
23.99
24.15
24.445
24.525
24.635
24.745
25.035
25.25
25.375
25.505
25.655
25.945
26.14
26.25
26.415
26.55
26.74
26.895
27.045
27.15
27.235
27.455
27.625
27.67
27.775
28.05
28.245
28.28
28.35
28.66
28.695
28.885
28.955
29.2
29.295
29.44
29.55
29.855
