0.95
1.39
1.6
1.795
2.62
3.005
3.025
3.255
3.44
3.46
3.76
4.3
4.7
4.75
4.905
5.09
5.43
5.515
6.12
6.265
6.805
7.46
7.88
8.115
8.28
8.665
9.065
9.31
9.445
10.175
11.015
11.395
11.78
12.19
12.365
12.545
13.755
14.11
14.145
14.215
14.355
14.53
15.23
15.295
15.885
16.075
16.335
16.49
16.85
16.87
17.26
17.575
17.655
18.04
18.565
18.75
18.78
19.495
19.87
20.26
20.63
20.655
20.85
21.0
21.035
21.375
21.395
21.755
22.155
22.545
22.95
23.35
24.14
24.355
24.54
24.905
25.32
25.735
26.16
26.58
27.01
27.41
27.835
28.26
28.69
29.14
29.375
29.595
