0.35
0.7
0.87
1.025
1.055
1.2
1.315
1.385
1.6
1.755
2.085
2.125
2.455
2.78
3.005
3.15
3.46
3.48
3.7
3.81
4.145
4.37
4.49
4.535
4.805
5.185
5.49
5.72
5.88
6.225
6.39
6.535
6.675
6.86
7.07
7.2
7.545
7.57
7.9
8.23
8.425
8.505
8.57
8.585
8.905
8.92
9.11
9.235
9.56
9.6
9.73
9.8
9.92
10.235
10.605
10.94
11.1
11.265
11.585
11.915
12.245
12.29
12.465
12.59
12.935
13.165
13.29
13.61
13.82
13.965
14.26
14.335
14.645
14.98
15.03
15.195
15.22
15.34
15.675
15.93
15.945
16.025
16.345
16.545
16.69
17.035
17.365
17.675
17.89
17.915
18.025
18.065
18.35
18.715
19.08
19.26
19.4
19.73
20.075
20.45
20.69
20.81
21.17
21.345
21.52
21.87
22.15
22.25
22.585
22.96
23.17
23.32
23.53
23.655
24.025
24.215
24.375
24.575
24.705
24.725
24.925
25.06
25.42
25.625
25.755
26.01
26.1
26.3
26.44
26.475
26.65
26.81
27.0
27.135
27.475
27.705
27.815
28.025
28.155
28.53
28.76
28.865
29.105
29.22
29.425
29.57
29.745
29.905
