0.165
0.765
0.91
1.085
1.38
1.53
1.675
1.7
1.855
1.99
2.155
2.605
2.94
3.245
3.44
3.525
3.57
3.74
3.835
4.01
4.295
4.435
4.59
4.955
5.03
5.34
5.645
5.81
5.945
6.12
6.245
6.445
6.705
6.855
6.99
7.275
7.405
7.455
7.71
7.99
8.17
8.455
8.63
8.95
9.15
9.3
9.41
9.56
9.605
9.92
10.065
10.215
10.505
10.685
10.84
10.97
11.16
11.455
11.575
11.75
11.885
12.05
12.355
12.56
12.65
12.96
13.16
13.275
13.435
13.56
13.6
13.73
13.9
14.03
14.17
14.34
14.485
14.79
15.075
15.395
15.575
15.7
15.735
15.99
16.175
16.315
16.63
16.92
17.215
17.41
17.51
17.555
17.705
17.855
18.05
18.155
18.41
18.48
18.62
18.785
18.93
19.085
19.255
19.39
19.685
19.995
20.31
20.62
20.79
20.945
21.095
21.32
21.535
21.66
21.695
21.835
21.97
22.135
22.185
22.415
22.44
22.735
22.755
22.935
23.05
23.35
23.37
23.65
24.005
24.125
24.26
24.62
24.935
25.125
25.205
25.415
25.52
25.705
25.84
26.02
26.15
26.32
26.455
26.59
26.76
27.06
27.205
27.35
27.385
27.69
27.99
28.28
28.615
28.77
28.86
28.92
29.22
