0.28
0.525
0.725
1.05
1.245
1.49
1.725
1.93
2.12
2.19
2.665
3.15
3.625
3.83
3.845
4.085
4.55
4.57
4.78
5.055
5.13
5.485
6.02
6.445
6.69
6.92
7.18
7.425
7.88
8.26
8.87
9.32
9.605
9.805
10.03
10.285
10.775
11.005
11.25
11.5
11.705
12.195
12.465
12.685
13.075
13.18
13.665
13.905
14.125
14.375
14.625
15.095
15.345
15.595
15.81
16.055
16.295
16.555
17.035
17.29
17.53
17.76
18.0
18.47
18.97
19.18
19.435
20.16
20.385
20.845
21.09
21.175
21.34
21.6
21.82
22.065
22.29
22.505
22.755
23.25
23.73
23.965
24.205
24.605
25.165
25.4
25.645
25.855
26.12
26.6
26.865
27.085
27.555
28.02
28.525
28.745
28.98
29.24
29.47
29.945
