0.4
0.63
0.8
0.98
1.18
1.375
1.555
1.605
1.775
1.965
2.355
2.55
2.735
2.96
3.13
3.33
3.52
3.54
3.71
3.91
4.115
4.305
4.51
4.595
4.69
4.935
5.11
5.3
5.495
5.705
5.885
6.075
6.27
6.47
6.66
6.855
7.045
7.235
7.43
7.63
7.825
8.23
8.62
8.825
9.005
9.2
9.395
9.6
9.795
9.995
10.175
10.38
10.585
10.775
10.885
10.965
11.38
11.565
11.77
11.98
12.165
12.355
12.545
12.74
12.94
13.13
13.32
13.515
13.71
13.905
14.095
14.505
14.705
14.895
15.115
15.295
15.49
15.685
15.89
16.08
16.28
16.3
16.475
16.675
16.855
17.06
17.255
17.565
17.66
18.07
18.285
18.45
18.635
18.84
19.05
19.23
19.62
19.81
20.0
20.2
20.385
20.795
20.985
21.18
21.385
21.57
21.775
21.955
22.17
22.35
22.56
22.735
22.945
23.13
23.33
23.505
23.905
24.11
24.295
24.5
24.68
25.065
25.26
25.46
25.675
25.85
26.035
26.225
26.43
26.605
27.015
27.405
27.545
27.605
27.795
28.105
28.185
28.58
28.965
29.045
29.17
29.36
29.39
29.56
29.75
29.99
