0.17
0.37
0.57
0.59
0.79
0.975
1.145
1.355
1.75
1.935
2.15
2.335
2.56
2.75
2.94
2.965
3.165
3.335
3.53
3.725
3.765
3.915
4.14
4.365
4.545
4.585
4.77
4.995
5.195
5.405
5.62
5.845
6.035
6.25
6.445
6.47
6.675
6.865
7.09
7.51
7.73
7.925
7.955
8.155
8.365
8.57
8.78
9.0
9.22
9.42
9.635
9.855
10.075
10.275
10.485
10.505
10.685
10.915
11.125
11.32
11.545
11.97
12.17
12.4
12.62
12.82
13.02
13.05
13.245
13.455
13.65
13.87
14.1
14.29
14.32
14.51
14.715
14.735
14.93
15.16
15.36
15.57
15.79
16.01
16.2
16.41
16.635
16.845
17.035
17.245
17.28
17.5
17.675
17.905
18.11
18.33
18.375
18.555
18.765
18.975
19.0
19.17
19.23
19.42
19.605
19.835
20.03
20.235
20.435
20.635
20.855
21.06
21.335
21.49
21.525
21.715
22.125
22.335
22.37
22.535
22.56
22.97
23.17
23.2
23.565
23.775
23.81
23.98
24.235
24.25
24.41
24.62
24.845
25.055
25.48
25.51
25.7
25.86
26.205
26.335
26.47
26.695
26.93
27.075
27.29
27.51
27.71
28.12
28.335
28.765
28.975
29.19
29.415
29.605
29.82
29.85
