0.16
0.575
0.995
1.215
1.43
1.62
1.85
2.265
2.49
2.7
2.915
3.12
3.355
3.56
3.785
3.97
4.205
4.4
4.63
4.825
5.26
5.485
5.68
5.9
6.115
6.325
6.535
6.945
7.185
7.385
7.615
7.825
8.025
8.125
8.215
8.435
8.62
9.04
9.37
9.47
9.69
9.89
10.295
10.35
10.75
11.155
11.17
11.385
11.6
11.795
12.03
12.23
12.45
12.88
13.095
13.305
13.52
13.715
13.96
14.145
14.385
14.59
15.0
15.205
15.43
15.655
15.855
16.085
16.285
16.5
16.71
16.93
17.135
17.355
17.375
17.52
17.575
17.985
18.42
18.645
18.83
18.865
19.04
19.195
19.265
19.695
19.89
20.115
20.535
20.75
20.96
21.19
21.385
21.585
21.62
21.82
22.14
22.215
22.65
23.485
23.97
24.305
24.6
24.645
24.95
25.04
25.135
25.425
25.525
25.8
25.94
26.395
26.78
27.205
27.43
27.625
27.85
28.045
28.255
28.47
28.845
28.895
29.095
29.32
29.745
