0.08
0.235
0.395
0.56
0.7
1.065
1.67
1.85
1.995
2.15
2.315
2.55
3.01
3.215
3.445
3.52
3.61
3.755
3.91
4.05
4.28
4.355
4.655
4.955
5.12
5.255
5.56
5.785
5.855
6.16
6.375
6.455
6.675
6.76
6.98
7.205
7.44
7.645
7.805
7.875
8.14
8.225
8.51
8.735
8.81
9.095
9.165
9.615
9.69
9.905
10.93
11.21
11.465
11.805
12.095
12.335
12.43
12.885
13.035
13.18
13.495
13.65
13.805
13.95
14.38
14.395
15.045
15.265
15.545
15.56
15.895
16.025
16.34
16.645
16.79
16.96
17.245
17.375
17.545
17.7
17.83
18.0
18.145
18.365
18.435
18.58
18.73
19.03
19.625
19.935
20.23
20.535
20.765
20.84
21.0
21.44
21.595
22.05
22.35
22.57
22.64
22.78
22.94
23.235
23.455
23.805
23.96
23.985
24.295
24.415
24.58
24.72
24.88
25.02
25.355
25.635
25.81
25.98
26.26
26.695
26.87
27.175
27.475
27.645
27.79
28.065
28.215
28.385
28.675
28.835
29.06
29.155
29.3
29.44
29.605
29.63
29.835
29.905
