0.16
0.39
0.64
0.895
1.095
1.345
1.57
1.815
2.05
2.275
2.515
2.75
3.0
3.23
3.49
3.73
3.965
4.2
4.45
4.705
4.935
5.16
5.18
5.395
5.425
5.635
5.655
5.88
6.105
6.35
6.585
6.84
7.08
7.32
7.545
7.81
8.025
8.295
8.505
8.77
8.79
9.0
9.255
9.475
9.73
9.96
10.225
10.445
10.695
10.94
11.19
11.455
11.7
11.915
12.16
12.38
12.405
12.67
12.7
12.88
13.125
13.345
13.605
13.65
13.845
14.09
14.32
14.365
14.59
14.815
15.07
15.315
15.55
15.795
16.03
16.275
16.505
16.535
16.76
16.985
17.235
17.31
17.465
17.7
17.715
17.945
18.17
18.2
18.445
18.68
18.92
19.175
19.42
19.65
19.9
20.14
20.4
20.45
20.63
20.875
21.025
21.11
21.365
21.585
21.835
22.075
22.33
22.55
22.575
22.8
23.065
23.31
23.52
23.565
23.765
24.01
24.25
24.47
24.49
24.54
24.735
24.955
25.21
25.455
25.695
25.94
26.18
26.325
26.415
26.66
26.9
27.155
27.185
27.39
27.65
27.675
27.89
28.13
28.37
28.6
28.855
29.085
29.36
29.565
29.805
29.855
