0.28
0.52
0.775
1.02
1.25
1.43
1.515
1.775
2.015
2.26
2.515
2.75
3.02
3.25
3.43
3.53
3.77
3.805
4.01
4.28
4.52
4.785
4.995
5.025
5.265
5.51
5.715
6.015
6.27
6.51
6.77
7.02
7.275
7.415
7.515
7.765
8.005
8.25
8.51
8.77
9.005
9.27
9.395
9.49
9.75
9.765
10.0
10.245
10.505
10.75
11.005
11.255
11.415
11.51
11.765
12.015
12.265
12.52
12.74
12.785
13.03
13.26
13.505
13.735
13.765
14.01
14.25
14.495
14.765
14.785
15.015
15.255
15.505
15.675
15.765
15.99
16.26
16.5
16.725
17.0
17.245
17.37
17.49
17.755
17.985
18.245
18.485
18.745
18.97
19.25
19.475
19.745
19.98
20.235
20.48
20.745
20.85
20.965
21.22
21.36
21.465
21.735
21.955
21.975
22.225
22.465
22.7
22.96
23.22
23.46
23.68
23.74
23.935
23.975
24.22
24.465
24.5
24.73
24.965
25.21
25.34
25.455
25.72
25.97
26.21
26.46
26.715
26.84
26.96
27.21
27.47
27.73
27.965
27.98
28.22
28.475
28.73
28.985
29.225
29.375
29.485
29.705
