0.645
0.93
1.095
1.39
1.55
2.315
2.345
2.49
3.135
3.23
3.41
3.66
3.79
3.885
4.36
4.635
4.84
5.045
5.13
5.295
5.755
6.22
6.45
6.65
6.755
6.95
7.125
7.4
7.515
7.625
7.91
8.095
8.365
8.825
9.0
9.75
9.925
10.375
10.68
10.895
11.385
11.635
11.655
11.78
11.935
12.115
12.275
12.555
12.715
12.94
13.635
13.925
14.04
14.4
14.575
14.88
15.065
15.35
15.54
15.97
16.3
16.47
17.685
18.415
18.495
18.585
18.745
19.605
20.07
20.375
20.55
21.49
21.85
22.275
22.445
22.925
23.395
23.445
23.89
24.055
24.15
24.195
24.365
24.755
25.225
25.24
25.325
25.84
25.93
26.295
27.285
27.755
28.065
28.21
29.195
29.535
29.92
