0.28
0.525
0.875
1.23
1.7
2.17
2.555
2.785
2.905
3.14
3.525
3.67
3.915
4.08
4.81
5.045
5.52
5.76
5.96
6.2
6.575
6.685
6.925
7.315
7.46
7.7
7.87
8.595
8.83
9.305
9.545
9.755
10.01
10.125
10.345
10.44
10.695
10.73
11.18
11.41
11.655
11.77
11.89
12.115
12.345
12.585
12.82
13.045
13.07
13.29
13.405
13.51
13.76
13.995
14.445
14.96
15.205
15.31
15.41
15.66
15.895
16.14
16.365
16.615
16.86
17.095
17.215
17.31
17.565
17.8
18.045
18.275
18.52
18.77
19.005
19.105
19.22
19.345
19.6
19.705
19.95
20.055
20.17
20.29
20.53
20.63
20.88
20.995
21.11
21.35
21.585
21.845
22.07
22.3
22.565
22.8
22.93
23.02
23.27
23.505
23.755
23.98
24.245
24.47
24.715
24.83
24.92
25.175
25.405
25.65
25.875
26.13
26.375
26.615
26.73
26.83
26.965
27.32
27.57
27.675
27.775
27.91
28.145
28.25
28.48
28.615
28.73
28.985
29.08
29.23
29.44
29.685
