0.14
0.355
0.59
1.06
1.3
1.505
1.735
1.965
2.17
2.41
2.435
2.895
3.115
3.36
3.8
4.01
4.24
4.715
4.945
5.15
5.37
5.61
5.805
6.04
6.5
6.715
6.945
7.185
7.4
7.595
7.82
7.85
8.055
8.285
8.54
8.73
8.945
8.98
9.17
9.395
9.44
9.615
9.645
10.07
10.555
10.725
10.97
11.205
11.435
11.905
11.965
12.12
12.19
12.36
12.82
13.03
13.215
13.265
13.69
13.965
14.095
14.14
14.34
14.45
14.725
14.78
15.03
15.8
15.95
16.4
16.61
16.84
17.28
17.785
17.91
18.195
18.21
18.44
18.665
19.315
19.57
19.78
20.24
20.465
20.93
21.125
21.34
21.58
21.655
21.815
22.005
22.215
22.26
23.145
23.59
23.795
24.05
24.685
24.96
25.28
25.56
25.61
25.77
25.85
26.725
26.955
27.195
27.38
27.465
27.61
28.015
28.08
28.3
28.515
28.755
29.185
29.42
