0.085
0.395
0.67
0.975
1.26
1.565
1.855
2.16
2.18
2.445
2.745
2.9
3.035
3.34
3.635
3.68
3.985
4.23
4.545
4.82
5.125
5.405
5.7
6.0
6.295
6.59
6.895
6.915
7.195
7.475
7.775
8.09
8.375
8.685
8.96
9.27
9.295
9.575
9.875
10.15
10.205
10.45
10.76
11.055
11.335
11.64
11.94
12.23
12.405
12.515
12.825
12.855
12.985
13.085
13.115
13.42
13.7
14.005
14.275
14.61
14.885
15.195
15.48
15.495
15.77
16.055
16.37
16.64
16.675
16.945
16.97
17.26
17.565
17.595
17.845
18.15
18.44
18.74
19.035
19.055
19.34
19.625
19.935
20.22
20.54
20.815
20.99
21.11
21.405
21.63
21.725
21.995
22.305
22.465
22.59
22.9
23.18
23.355
23.485
23.775
23.95
23.965
24.365
24.675
24.725
24.875
24.97
25.27
25.545
25.86
26.145
26.46
26.74
27.06
27.33
27.645
27.92
28.1
28.225
28.515
28.825
29.11
29.395
29.425
29.51
29.71
