0.69
1.01
1.255
1.515
1.77
2.05
2.305
2.565
2.8
3.36
3.865
4.12
4.415
4.675
4.91
5.155
5.19
5.465
5.685
5.955
6.495
6.705
7.02
7.555
7.82
8.06
8.25
8.335
8.585
8.855
9.09
9.635
9.885
10.15
10.415
10.675
10.95
11.175
11.53
11.76
12.275
12.575
12.815
13.055
13.105
13.265
13.33
13.56
13.87
14.135
14.165
14.405
14.93
15.21
15.445
15.75
16.01
16.27
16.395
16.445
16.52
17.075
17.58
17.62
18.115
18.145
18.4
18.65
18.945
19.205
19.46
19.685
19.725
19.995
20.255
20.525
20.765
21.07
21.295
21.32
21.575
21.845
22.105
22.37
22.645
22.895
23.185
23.435
23.93
23.985
24.225
24.47
24.725
24.97
25.265
25.52
25.765
26.02
26.325
26.55
26.57
26.815
27.08
27.595
27.87
28.02
28.12
28.6
28.91
29.155
29.445
29.675
