0.115
0.275
0.3
0.435
0.75
1.055
1.39
1.545
2.005
2.2
2.315
2.51
2.64
2.665
2.815
2.975
3.185
3.28
3.3
3.475
3.595
3.78
3.93
4.095
4.26
4.58
4.6
4.735
4.89
4.92
5.1
5.225
5.395
5.56
5.72
5.85
5.88
6.06
6.18
6.325
6.475
6.695
6.785
6.995
7.125
7.32
7.46
7.625
7.785
7.945
7.975
8.1
8.255
8.41
8.52
8.585
8.725
8.885
8.935
9.025
9.205
9.225
9.345
9.555
9.68
9.71
9.87
10.035
10.195
10.235
10.32
10.355
10.515
10.545
10.64
10.695
10.825
10.985
11.17
11.295
11.34
11.445
11.54
11.605
11.77
11.965
12.13
12.255
12.59
12.77
12.92
13.075
13.105
13.23
13.285
13.395
13.55
13.71
13.74
13.87
13.92
14.02
14.055
14.175
14.365
14.5
14.655
14.715
14.81
14.965
15.13
15.32
15.475
15.63
15.79
16.115
16.275
16.59
16.73
16.915
17.06
17.245
17.38
17.565
17.7
18.03
18.19
18.33
18.505
18.67
18.84
18.995
19.155
19.295
19.465
19.625
19.81
19.95
20.1
20.275
20.6
20.755
20.89
20.94
21.085
21.25
21.41
21.565
21.715
21.765
21.87
22.055
22.18
22.375
22.52
22.685
22.855
23.0
23.055
23.15
23.18
23.345
23.365
23.465
23.5
23.68
23.815
23.845
23.975
24.01
24.13
24.29
24.44
24.64
24.775
24.97
25.095
25.27
25.415
25.585
25.75
25.93
26.04
26.07
26.315
26.395
26.53
26.575
26.71
26.88
27.035
27.205
27.33
27.355
27.565
27.69
27.85
28.005
28.32
28.49
28.505
28.635
28.67
28.995
29.16
29.31
29.485
29.64
