2.045
2.495
2.595
2.885
3.515
3.85
4.015
4.305
4.56
4.625
4.95
5.165
5.35
5.425
5.66
5.905
6.185
6.35
6.405
6.67
6.92
7.195
7.475
7.7
7.94
8.22
8.46
8.695
8.94
9.22
9.71
9.96
10.23
10.415
10.715
10.96
11.24
11.49
11.715
11.74
11.96
12.235
12.475
12.7
12.74
12.945
12.99
13.225
13.47
13.705
13.935
14.22
14.36
14.445
14.695
14.725
14.93
14.975
15.215
15.445
15.685
15.93
16.23
16.44
16.705
16.88
16.95
17.23
17.475
17.7
17.96
17.985
18.23
18.475
18.71
18.96
19.235
19.485
19.71
19.74
19.96
20.24
20.47
20.685
20.735
20.99
21.23
21.47
21.725
21.945
22.21
22.45
22.525
22.68
22.935
23.21
23.5
23.67
23.735
23.93
24.205
24.35
24.42
24.68
24.71
24.925
25.195
25.67
25.91
26.185
26.385
26.435
26.65
26.69
26.895
27.175
27.425
27.675
27.89
28.16
28.405
28.635
28.88
29.175
29.425
29.625
