0.095
0.385
0.72
1.03
1.18
1.335
1.655
1.875
1.965
2.275
2.59
2.76
2.895
3.21
3.525
3.835
4.135
4.43
4.47
4.775
5.085
5.33
5.395
5.705
5.88
6.01
6.335
6.645
6.965
7.145
7.485
7.575
7.74
7.81
7.895
7.985
8.18
8.2
8.515
8.83
9.155
9.465
9.775
10.075
10.385
10.69
10.93
11.01
11.04
11.32
11.635
11.95
12.265
12.28
12.575
12.67
12.88
13.22
13.58
13.815
14.135
14.45
14.755
14.795
15.07
15.345
15.38
15.985
16.315
16.635
16.835
17.255
17.565
17.89
18.19
18.43
18.51
18.81
19.08
19.385
19.44
19.755
20.06
20.355
20.68
20.99
21.305
21.83
21.94
22.555
22.865
23.18
23.335
23.8
23.845
24.1
24.435
24.755
25.055
25.36
25.645
26.02
26.3
26.605
26.93
27.24
27.315
27.54
28.19
28.485
28.77
28.79
29.1
29.215
29.715
