0.585
1.17
1.485
1.79
1.99
2.22
2.41
2.585
2.76
2.895
3.335
3.66
4.035
4.225
4.385
4.56
4.755
5.135
5.45
5.78
6.125
6.37
6.55
6.875
7.175
7.28
7.375
7.58
7.955
8.315
8.56
8.655
9.03
9.755
10.025
10.15
10.52
10.86
10.895
11.25
11.645
11.985
12.355
12.495
12.67
12.7
13.245
13.45
14.19
14.515
14.565
14.835
14.86
14.935
15.135
15.19
15.395
15.53
16.37
16.725
16.99
17.145
17.27
17.455
17.825
18.21
18.54
18.565
18.79
18.915
19.19
19.27
19.64
20.02
20.77
20.935
21.14
21.445
21.52
21.685
21.845
21.94
22.11
22.19
22.26
22.425
22.865
22.955
23.295
23.52
23.76
23.895
24.01
24.225
24.28
24.435
24.505
24.67
24.7
25.43
25.78
26.13
26.54
26.915
27.255
27.605
27.98
28.3
28.37
28.72
