0.43
0.665
1.035
1.13
1.355
1.385
1.51
1.725
1.845
1.99
2.075
2.215
2.445
2.555
2.83
2.935
3.185
3.27
3.465
3.555
3.9
3.99
4.23
4.38
4.56
4.71
4.955
4.98
5.11
5.275
5.315
5.43
5.65
5.705
5.81
5.985
6.07
6.155
6.39
6.405
6.575
6.78
6.87
7.085
7.245
7.485
7.58
7.825
7.86
7.97
8.11
8.295
8.535
8.57
8.675
9.01
9.255
9.28
9.39
9.43
9.625
9.725
9.97
10.1
10.315
10.435
10.685
10.705
10.835
10.995
11.055
11.145
11.39
11.425
11.53
11.875
11.91
12.12
12.305
12.445
12.585
12.945
13.2
13.34
13.475
13.71
14.615
14.98
15.32
15.44
15.665
15.775
16.14
16.375
16.44
16.555
16.805
16.87
16.905
17.085
17.235
17.275
17.515
17.575
17.82
17.99
18.305
18.56
18.7
18.925
19.02
19.26
19.315
19.63
19.745
19.795
20.135
20.395
20.46
20.71
20.88
21.175
21.45
21.565
21.78
21.895
22.13
22.195
22.315
22.505
22.625
22.85
23.025
23.265
23.36
23.585
23.725
23.93
23.99
24.085
24.305
24.375
24.455
24.75
24.82
25.01
25.095
25.19
25.245
25.54
25.75
25.84
25.915
26.215
26.28
26.555
26.67
26.905
27.0
27.23
27.37
27.585
27.65
27.72
27.875
27.95
27.965
28.115
28.375
28.45
28.675
28.855
29.08
29.19
29.405
