0.13
0.165
0.265
0.33
0.455
0.475
0.67
0.695
0.905
1.135
1.18
1.335
1.47
1.605
1.815
2.005
2.145
2.315
2.46
2.505
2.65
2.765
2.815
2.97
3.14
3.325
3.49
3.82
3.85
4.15
4.345
4.49
4.815
4.99
5.175
5.255
5.41
5.49
5.73
5.83
6.24
6.49
6.73
6.825
7.05
7.165
7.4
7.51
7.67
7.855
8.08
8.165
8.505
9.17
9.38
9.505
9.675
9.845
10.015
10.35
10.525
10.69
10.845
11.06
11.18
11.51
11.845
12.045
12.09
12.18
12.21
12.36
12.52
12.73
12.815
13.01
13.025
13.195
13.295
13.4
13.52
13.71
13.735
13.77
13.855
14.175
14.215
14.5
14.52
14.735
14.86
14.885
14.925
15.075
15.195
15.41
15.495
15.7
15.86
15.905
16.11
16.175
16.34
16.44
16.515
16.545
16.75
16.885
16.965
17.195
17.42
17.54
17.875
18.09
18.38
18.535
18.585
18.865
19.045
19.125
19.215
19.435
19.55
19.875
20.075
20.115
20.21
20.3
20.415
20.545
20.79
20.88
21.055
21.2
21.395
21.525
21.55
21.755
21.89
22.065
22.205
22.395
22.425
22.555
22.61
22.76
22.89
23.08
23.205
23.235
23.44
23.58
23.645
23.73
23.89
24.05
24.12
24.225
24.56
24.735
24.9
25.07
25.235
25.46
25.57
25.77
25.905
26.295
26.41
26.47
26.59
26.75
26.835
26.9
26.96
27.105
27.24
27.475
27.59
27.905
28.245
28.34
28.48
28.585
28.755
28.785
28.91
28.955
29.08
29.255
29.31
29.385
29.435
29.57
29.615
29.755
29.91
