0.26
0.485
0.725
0.98
1.245
1.505
1.8
2.03
2.29
2.45
2.72
2.83
3.09
3.35
3.405
3.62
3.795
3.85
3.98
4.13
4.31
4.425
4.525
4.67
4.92
5.175
5.34
5.425
5.48
5.7
5.96
6.225
6.625
6.655
6.76
6.92
7.01
7.265
7.54
7.785
8.055
8.09
8.3
8.49
8.59
8.71
8.85
9.095
9.355
9.615
9.885
10.145
10.4
10.76
10.935
11.115
11.19
11.365
11.46
11.735
11.985
12.295
12.51
12.79
12.87
13.04
13.295
13.465
13.55
13.815
13.985
14.085
14.335
14.595
14.865
15.015
15.11
15.385
15.635
15.93
16.155
16.43
16.47
16.68
16.935
16.995
17.215
17.41
17.475
17.545
17.725
17.99
18.25
18.5
18.77
19.03
19.08
19.21
19.285
19.555
19.655
19.715
19.745
19.81
20.08
20.325
20.355
20.63
20.85
20.995
21.01
21.03
21.21
21.37
21.415
21.635
21.885
22.085
22.2
22.26
22.415
22.7
22.945
23.125
23.22
23.38
23.475
23.645
23.75
24.0
24.265
24.52
24.795
25.035
25.295
25.565
25.815
25.84
26.075
26.325
26.36
26.595
26.65
26.87
27.11
27.385
27.505
27.535
27.66
27.895
28.1
28.165
28.43
28.68
28.945
29.19
29.48
29.715
29.88
29.97
