0.26
0.525
0.805
1.095
1.38
1.64
1.935
2.225
2.505
2.76
3.04
3.33
3.595
3.87
4.155
4.435
4.71
4.945
4.985
5.28
5.55
5.825
6.105
6.395
6.425
6.675
6.965
7.215
7.48
7.775
8.055
8.32
8.88
9.165
9.435
9.725
9.99
10.27
10.445
10.555
10.835
11.11
11.385
11.4
11.65
11.915
12.185
12.47
12.76
13.04
13.305
13.325
13.83
13.86
14.155
14.39
14.45
14.75
15.0
15.215
15.48
15.565
15.835
16.11
16.425
16.625
16.68
17.215
17.765
18.325
18.9
19.44
19.635
20.005
20.29
20.485
20.57
20.885
21.02
21.12
21.67
22.205
22.765
23.27
23.34
23.56
23.625
23.87
24.085
24.445
24.975
25.265
25.47
25.505
25.82
26.095
26.33
26.645
27.195
27.445
27.72
27.785
28.04
28.33
28.55
28.89
29.435
29.925
