0.235
0.27
0.59
0.9
1.15
1.265
1.53
1.825
1.87
2.035
2.17
2.345
2.49
2.76
2.795
3.11
3.325
3.405
3.735
4.02
4.255
4.35
4.38
4.635
4.685
4.995
5.255
5.29
5.32
5.645
5.93
6.31
6.565
6.87
6.895
7.09
7.23
7.47
7.54
7.84
8.145
8.455
8.48
8.78
9.04
9.085
9.39
9.7
10.025
10.18
10.29
10.345
10.6
10.89
10.915
10.935
11.545
11.87
12.1
12.57
12.83
13.04
13.415
13.495
13.695
13.77
14.06
14.365
14.685
14.98
15.045
15.365
15.59
15.63
15.775
15.91
16.535
16.86
16.885
17.175
17.495
17.58
17.8
18.015
18.415
18.925
19.05
19.285
19.36
19.685
19.71
19.99
20.295
20.335
20.58
20.87
20.93
21.385
21.575
21.885
22.045
22.22
22.52
22.845
23.07
23.305
23.435
23.455
23.475
23.49
23.69
23.775
23.925
24.1
24.33
24.395
24.645
24.73
25.06
25.195
25.355
25.61
25.635
25.795
25.945
26.275
26.57
26.795
26.925
27.39
27.5
27.8
27.98
28.385
28.425
28.725
28.755
29.03
29.355
29.69
29.865
29.97
