0.385
0.535
0.655
0.84
0.96
1.1
1.25
1.45
1.745
1.84
2.1
2.145
2.38
2.43
2.585
2.75
2.91
3.0
3.175
3.3
3.49
3.6
3.78
4.08
4.165
4.465
4.66
4.755
5.035
5.085
5.195
5.335
5.525
5.865
6.035
6.12
6.22
6.4
6.59
6.775
7.075
7.56
7.65
7.85
7.99
8.155
8.24
8.45
8.72
8.835
9.12
9.43
9.71
9.855
9.925
10.015
10.225
10.335
10.495
10.6
10.81
10.955
11.065
11.1
11.2
11.495
11.79
12.095
12.265
12.38
12.7
12.86
12.97
13.185
13.305
13.46
13.565
13.86
14.155
14.46
14.495
14.64
14.745
14.95
15.085
15.25
15.34
15.54
15.655
15.95
16.13
16.25
16.54
16.835
17.03
17.135
17.15
17.33
17.435
17.65
17.755
18.065
18.225
18.35
18.64
18.935
19.23
19.43
19.445
19.545
19.69
19.85
20.005
20.13
20.32
20.63
20.725
21.025
21.22
21.315
21.34
21.64
21.82
21.925
22.24
22.405
22.515
22.71
22.985
23.11
23.4
23.695
24.0
24.2
24.31
24.475
24.61
24.775
24.905
25.255
25.335
25.485
25.78
26.03
26.085
26.405
26.56
26.68
26.875
27.14
27.28
27.455
27.74
27.86
28.16
28.36
28.44
28.755
28.92
29.035
29.215
29.355
29.52
29.64
