0.17
0.39
0.405
0.665
0.885
1.15
1.39
1.605
1.65
1.85
2.09
2.16
2.36
2.61
2.965
3.06
3.305
3.55
3.78
3.93
4.015
4.195
4.255
4.475
4.695
4.94
5.005
5.22
5.44
5.48
5.695
5.72
5.965
6.205
6.45
6.675
6.94
7.165
7.415
7.645
7.91
8.14
8.4
8.555
8.635
8.89
9.115
9.38
9.61
9.85
9.875
10.075
10.12
10.36
10.58
10.87
11.095
11.355
11.58
11.85
12.045
12.085
12.315
12.565
12.795
12.815
13.06
13.285
13.55
13.76
13.815
14.045
14.295
14.535
14.795
15.03
15.24
15.275
15.525
15.77
15.975
16.005
16.275
16.505
16.77
16.985
17.005
17.235
17.47
17.485
17.75
17.98
18.215
18.48
18.745
18.97
19.24
19.45
19.735
19.975
20.21
20.445
20.465
20.715
20.95
21.195
21.42
21.655
21.675
21.895
22.11
22.32
22.425
22.635
22.875
23.01
23.12
23.375
23.585
23.82
23.88
24.075
24.35
24.585
24.81
25.075
25.28
25.535
25.555
25.79
26.04
26.3
26.46
26.54
26.835
27.015
27.225
27.495
27.705
27.96
28.0
28.485
28.725
28.9
28.98
29.19
29.46
29.685
29.945
