0.15
0.25
0.61
0.98
1.115
1.275
1.625
1.95
2.275
2.615
2.955
3.165
3.28
3.61
3.785
3.95
4.23
4.615
4.95
5.105
5.14
5.275
5.31
5.63
5.95
6.295
6.605
6.95
7.285
8.015
8.265
8.68
9.345
9.45
10.46
10.565
10.66
11.085
11.43
11.76
12.085
12.42
12.64
12.75
13.09
13.475
13.63
14.16
14.255
14.695
14.925
15.665
15.915
16.295
16.325
16.59
16.75
16.91
17.08
17.25
17.42
17.57
17.745
17.915
18.09
18.255
18.425
18.6
18.76
18.915
19.085
19.255
19.42
19.59
19.765
19.935
20.1
20.265
20.44
20.615
20.79
20.945
21.125
21.3
21.47
21.625
21.795
21.975
22.135
22.3
22.475
22.525
22.65
22.815
22.97
23.15
23.32
23.49
23.65
23.83
24.005
24.175
24.33
24.525
24.69
24.91
25.415
25.76
25.945
26.315
26.66
26.74
26.825
26.905
26.99
27.075
27.225
27.32
27.405
27.575
27.705
28.045
28.4
28.55
28.72
28.95
29.24
29.395
29.61
