0.225
0.33
0.485
0.53
0.625
0.795
0.905
1.175
1.39
1.485
1.65
1.765
2.045
2.2
2.325
2.345
2.455
2.535
2.765
2.835
2.91
2.94
3.205
3.5
3.605
3.79
3.955
4.055
4.07
4.22
4.355
4.53
4.645
4.805
4.84
5.13
5.22
5.51
5.81
5.97
6.07
6.095
6.36
6.655
6.92
7.115
7.135
7.215
7.25
7.385
7.54
7.805
8.06
8.24
8.37
8.52
8.675
8.95
8.965
9.115
9.26
9.295
9.445
9.54
9.73
9.815
9.835
9.87
10.135
10.19
10.41
10.57
10.605
10.705
10.99
11.18
11.26
11.555
11.735
11.845
12.03
12.13
12.41
12.71
12.905
13.0
13.275
13.56
13.765
13.85
14.045
14.15
14.335
14.43
14.72
15.015
15.205
15.3
15.585
15.865
16.08
16.165
16.345
16.45
16.63
16.735
17.02
17.325
17.51
17.61
17.8
17.885
18.17
18.465
18.655
18.76
18.945
19.04
19.33
19.625
19.785
19.81
19.915
20.205
20.39
20.47
20.67
20.775
20.95
21.06
21.25
21.34
21.63
21.925
22.12
22.21
22.5
22.775
22.985
23.075
23.135
23.26
23.365
23.55
23.645
23.935
24.23
24.42
24.515
24.805
25.08
25.28
25.38
25.565
25.665
25.855
25.95
26.235
26.535
26.725
27.01
27.1
27.15
27.39
27.675
27.725
27.875
27.965
28.155
28.255
28.295
28.435
28.555
28.63
28.835
29.03
29.11
29.29
29.415
29.69
