0.22
0.435
0.59
0.83
0.975
1.215
1.335
1.385
1.715
1.955
2.12
2.325
2.48
2.735
2.83
3.205
3.605
4.005
4.245
4.38
4.595
4.775
4.955
4.985
5.175
5.36
5.545
5.75
5.86
6.3
6.65
6.85
6.875
7.05
7.08
7.27
7.39
7.76
7.975
8.15
8.375
8.525
8.765
8.8
8.875
9.275
9.635
10.03
10.255
10.385
10.655
10.77
10.985
11.135
11.385
11.51
11.76
11.87
12.26
12.5
12.63
12.87
13.01
13.255
13.375
13.755
13.795
14.14
14.395
14.525
14.77
14.885
15.105
15.26
15.485
15.635
15.865
16.015
16.225
16.37
16.56
16.745
16.915
17.075
17.26
17.435
17.62
17.805
18.205
18.425
18.61
18.975
19.185
19.325
19.685
19.915
20.065
20.275
20.41
20.68
20.785
21.16
21.37
21.44
21.55
21.725
21.885
22.075
22.255
22.46
22.62
22.765
22.83
22.99
23.195
23.335
23.565
23.695
24.045
24.265
24.43
24.62
24.775
24.985
25.005
25.135
25.3
25.35
25.5
25.68
25.86
26.06
26.08
26.205
26.45
26.56
26.915
27.155
27.285
27.485
27.635
27.845
28.0
28.03
28.225
28.36
28.54
28.71
28.94
29.26
29.39
29.43
29.76
