0.305
0.635
0.745
1.125
1.34
1.46
1.69
1.87
2.195
2.475
2.86
3.16
3.325
3.555
3.67
3.975
4.04
4.375
4.615
4.755
5.025
5.115
5.355
5.515
5.72
5.845
6.065
6.25
6.58
6.77
6.95
6.975
7.185
7.205
7.32
7.575
7.72
8.02
8.28
8.335
8.435
8.485
8.75
9.07
9.215
9.51
9.565
9.875
10.27
10.33
10.69
10.755
11.05
11.08
11.44
11.81
11.975
12.12
12.19
12.535
12.825
12.925
13.15
13.215
13.525
13.72
13.885
13.945
14.015
14.295
14.665
14.745
14.765
15.005
15.125
15.47
15.84
16.065
16.13
16.475
16.62
16.835
16.95
17.34
17.69
17.895
18.06
18.185
18.28
18.535
18.635
18.755
18.865
18.97
19.085
19.3
19.345
19.425
19.785
20.385
20.535
20.915
21.2
21.455
21.715
21.96
22.0
22.19
22.345
22.725
22.785
23.015
23.18
23.41
23.535
23.795
23.82
24.14
24.27
24.545
24.64
24.89
25.235
25.375
25.665
25.755
25.975
26.055
26.14
26.3
26.32
26.51
26.765
27.14
27.505
27.605
27.84
27.9
27.975
28.215
28.37
28.59
28.985
29.09
29.35
29.69
