0.3
0.345
0.685
1.06
1.1
1.41
1.435
1.65
1.77
1.82
2.025
2.185
2.55
2.88
2.915
3.25
3.285
3.45
3.635
4.02
4.37
4.72
4.955
5.095
5.425
5.785
5.805
6.155
6.51
6.88
7.25
7.475
7.6
7.97
8.34
8.54
8.705
9.065
9.255
9.425
9.67
9.785
9.815
10.15
10.525
10.87
10.915
11.26
11.64
11.88
12.0
12.37
12.73
13.09
13.35
13.45
13.83
14.045
14.2
14.56
14.91
15.075
15.28
15.64
15.885
16.02
16.38
16.745
17.02
17.115
17.46
17.84
18.02
18.115
18.195
18.57
18.945
19.175
19.3
19.685
19.98
20.055
20.125
20.335
20.435
20.665
20.805
21.17
21.365
21.515
21.83
21.905
22.155
22.275
22.645
22.84
22.985
23.01
23.25
23.365
23.725
23.75
23.77
23.92
24.085
24.115
24.35
24.47
24.695
24.84
25.09
25.195
25.57
25.845
25.935
26.22
26.305
26.54
26.61
26.63
26.665
27.03
27.305
27.395
27.42
27.435
27.745
28.115
28.14
28.43
28.495
28.77
28.845
28.895
29.215
29.395
29.475
29.58
29.605
29.935
