0.18
0.225
0.48
0.505
0.87
0.955
1.275
1.505
1.58
2.065
2.37
2.43
2.495
2.655
2.995
3.17
3.29
3.48
3.575
3.775
3.94
4.175
4.285
5.055
5.225
5.545
6.145
6.27
6.465
6.735
6.88
7.05
7.18
7.5
7.665
7.815
7.97
8.1
8.41
8.705
9.195
9.32
9.64
9.795
9.81
10.09
10.41
10.88
11.63
11.765
12.385
12.555
13.455
13.76
14.215
14.51
14.68
14.81
14.99
15.75
16.05
16.525
16.65
16.82
16.93
17.25
17.385
17.76
17.875
18.035
18.33
18.49
18.85
19.095
19.57
19.87
20.305
20.78
20.92
21.395
21.535
21.71
22.145
22.615
22.765
22.915
23.145
23.54
23.84
23.98
24.28
24.31
24.45
24.77
25.08
25.545
25.675
25.985
26.26
26.76
26.905
27.21
27.55
28.115
28.74
28.875
29.33
29.48
29.67
