0.07
0.27
0.685
0.9
1.095
1.32
1.54
1.745
1.95
2.18
2.395
2.605
2.81
3.215
3.245
3.46
3.68
3.885
4.1
4.305
4.52
4.735
4.955
5.155
5.37
5.59
5.81
6.025
6.22
6.455
6.665
6.83
6.885
7.095
7.33
7.54
7.765
7.835
7.975
8.195
8.415
8.625
8.84
9.065
9.28
9.5
9.705
9.93
10.14
10.35
10.565
10.785
10.995
11.215
11.42
11.655
11.865
12.075
12.29
12.74
12.885
12.96
13.17
13.39
13.565
13.6
13.82
14.03
14.26
14.47
14.685
14.89
15.12
15.33
15.53
15.74
15.975
16.18
16.395
16.605
16.83
17.03
17.265
17.48
17.705
17.915
18.04
18.14
18.36
18.57
18.78
19.015
19.135
19.225
19.44
19.665
19.88
20.09
20.31
20.525
20.73
20.94
21.175
21.38
21.59
21.8
22.02
22.235
22.44
22.665
22.885
23.095
23.31
23.515
23.735
23.935
24.155
24.375
24.59
24.805
25.015
25.24
25.47
25.565
25.675
25.895
26.115
26.535
26.75
26.975
27.18
27.395
27.61
27.815
28.05
28.25
28.47
28.67
28.895
29.025
29.04
29.115
29.325
29.54
29.745
29.965
