0.095
0.46
0.675
0.935
1.25
1.5
1.625
1.83
2.41
2.615
2.78
2.935
3.365
3.55
3.9
4.11
4.505
4.71
4.91
4.99
5.1
5.29
5.565
5.675
5.85
6.07
6.23
6.405
6.775
6.995
7.365
7.585
7.92
8.135
8.395
8.48
8.675
9.265
9.305
9.645
9.86
10.18
10.395
10.56
10.78
10.97
11.31
11.52
11.815
12.1
12.66
12.95
13.05
13.21
13.235
13.8
13.945
14.135
14.17
14.38
14.945
15.16
15.25
15.325
15.5
15.88
16.075
16.265
16.445
16.555
16.64
16.905
16.99
17.19
17.375
17.555
17.74
18.335
18.71
18.915
19.28
19.39
19.485
19.835
20.05
20.615
20.995
21.2
21.565
21.77
22.145
22.265
22.34
22.54
22.745
22.805
22.895
23.26
23.46
23.755
23.925
24.03
24.395
24.51
24.6
25.155
25.375
25.39
25.54
25.74
25.97
26.11
26.305
26.635
26.685
26.75
26.865
27.09
27.325
27.445
27.62
27.81
28.015
28.22
28.38
28.585
28.97
29.165
29.705
