0.35
0.575
0.72
0.925
0.96
1.08
1.25
1.65
1.79
2.005
2.28
2.39
2.515
2.715
2.88
3.08
3.225
3.45
3.61
3.795
3.945
4.175
4.33
4.51
4.66
4.87
5.015
5.21
5.375
5.6
5.755
5.96
6.105
6.3
6.445
6.69
6.83
7.045
7.19
7.36
7.56
7.745
7.815
7.915
8.14
8.29
8.5
8.655
8.67
8.855
9.01
9.195
9.31
9.395
9.515
9.575
9.73
9.945
10.095
10.43
10.635
11.0
11.08
11.155
11.255
11.375
11.515
11.775
11.9
12.27
12.455
12.62
12.83
12.985
13.2
13.335
13.55
13.715
13.93
14.045
14.285
14.42
14.62
14.775
14.995
15.14
15.315
15.36
15.49
15.71
15.855
16.045
16.105
16.225
16.585
16.79
16.93
17.13
17.28
17.655
17.865
18.035
18.215
18.38
18.595
18.62
18.74
18.915
19.005
19.105
19.445
19.695
19.835
20.02
20.33
20.44
20.57
20.755
20.92
21.09
21.135
21.27
21.475
21.675
21.85
21.995
22.39
22.535
22.575
22.7
22.73
22.915
23.095
23.3
23.435
23.585
23.665
23.79
23.81
24.01
24.075
24.18
24.39
24.525
24.545
24.76
24.905
25.11
25.165
25.275
25.64
25.865
26.01
26.385
26.565
26.765
27.04
27.105
27.28
27.36
27.44
27.66
27.81
28.03
28.18
28.57
28.765
29.14
29.215
29.295
29.405
29.5
29.645
29.855
