0.245
0.48
0.97
1.22
1.45
1.95
2.205
2.42
2.455
2.915
3.155
3.4
3.89
3.915
4.135
4.375
4.62
4.855
5.115
5.355
5.845
6.085
6.235
6.34
6.575
6.81
7.065
7.275
7.77
8.025
8.28
8.525
8.77
9.025
9.24
9.265
9.5
9.745
9.99
10.195
10.24
10.705
10.95
11.195
11.44
11.67
11.905
11.945
12.145
12.28
12.38
12.64
12.895
13.14
13.41
13.62
13.85
14.11
14.6
14.86
15.08
15.48
15.565
15.805
16.065
16.32
16.535
16.78
17.03
17.28
17.52
17.77
18.01
18.26
18.505
18.745
18.99
19.48
19.735
19.975
20.22
20.47
20.73
20.96
21.22
21.32
21.45
21.7
21.95
22.19
22.43
22.685
22.93
23.175
23.42
23.66
23.91
24.14
24.39
24.645
24.89
25.125
25.365
25.605
25.865
26.115
26.35
26.6
26.86
27.095
27.34
27.575
27.825
27.9
28.065
28.31
28.56
28.8
29.04
29.28
29.525
29.775
