0.795
0.86
1.3
1.765
1.805
2.225
2.66
2.69
3.06
3.13
3.275
3.41
3.55
3.8
4.025
4.265
4.455
4.905
5.135
5.34
5.64
5.81
6.03
6.22
6.45
6.67
6.705
6.825
6.895
7.095
7.525
7.97
8.19
8.4
8.64
8.83
9.27
9.3
9.505
9.715
9.94
10.155
10.175
10.275
10.41
10.57
10.905
10.985
11.225
11.265
11.42
11.645
11.81
11.855
12.01
12.27
12.715
13.145
13.59
13.81
14.02
14.22
14.435
14.645
14.87
15.09
15.295
15.51
15.71
16.015
16.055
16.185
16.45
16.66
16.85
17.05
17.265
17.485
17.705
17.94
18.165
18.35
18.605
18.795
19.055
19.255
19.675
20.13
20.475
20.59
20.895
20.93
21.03
21.34
21.455
21.485
21.53
21.93
22.16
22.365
22.59
22.82
23.27
23.505
23.715
23.965
24.155
24.325
24.525
24.61
25.055
25.085
25.49
25.68
25.895
26.075
26.395
26.82
27.075
27.275
27.685
28.14
28.55
28.98
29.215
29.44
29.855
