0.135
0.55
0.625
0.825
1.06
1.285
1.78
2.025
2.285
2.705
2.915
3.36
3.39
3.865
4.095
4.33
4.57
4.8
5.03
5.28
5.495
5.735
6.205
6.435
6.67
6.91
7.035
7.13
7.37
7.6
7.835
8.075
8.275
8.305
8.545
8.77
9.01
9.23
9.47
9.685
9.925
10.15
10.26
10.375
10.61
10.715
10.825
11.305
11.54
11.565
11.77
11.965
12.005
12.245
12.41
12.47
12.72
12.935
13.17
13.64
13.875
14.11
14.345
14.57
14.805
15.05
15.27
15.53
15.725
15.995
16.21
16.475
16.68
16.925
17.39
17.62
17.845
18.08
18.21
18.32
18.56
18.78
19.015
19.26
19.445
19.495
19.725
19.96
20.205
20.42
20.66
21.14
21.365
21.595
21.84
22.06
22.315
22.53
22.77
23.005
23.245
23.475
23.71
23.93
24.155
24.405
24.61
24.63
24.88
25.105
25.21
25.335
25.575
25.78
25.99
26.27
26.485
26.82
26.95
27.195
27.405
27.43
27.88
28.115
28.35
28.57
28.815
28.9
29.05
29.295
29.515
