0.135
0.295
0.435
0.57
0.69
0.86
0.875
0.995
1.14
1.18
1.26
1.41
1.545
1.7
1.83
1.985
2.125
2.385
2.535
2.67
2.81
2.94
3.24
3.52
3.68
3.805
3.945
3.975
4.365
4.64
4.795
4.92
5.065
5.19
5.365
5.485
5.77
5.925
6.045
6.325
6.48
6.545
6.62
6.89
7.185
7.34
7.465
7.63
7.74
8.04
8.2
8.35
8.475
8.6
8.625
8.89
9.16
9.185
9.33
9.41
9.465
9.735
9.9
10.04
10.31
10.47
10.585
10.755
10.875
11.055
11.16
11.445
11.625
11.73
11.88
12.015
12.295
12.475
12.58
12.75
12.865
13.02
13.145
13.445
13.565
13.6
13.715
13.875
14.0
14.265
14.445
14.56
14.615
14.835
15.015
15.12
15.29
15.325
15.405
15.665
15.695
15.78
15.965
16.115
16.235
16.515
16.645
16.815
17.09
17.27
17.38
17.515
17.645
17.815
17.95
18.1
18.22
18.48
18.51
18.65
18.755
19.045
19.225
19.34
19.485
19.62
19.785
19.895
20.06
20.19
20.46
20.745
21.015
21.21
21.59
21.75
21.88
22.045
22.16
22.44
22.71
22.87
23.12
23.275
23.46
23.545
23.845
24.145
24.285
24.41
24.55
24.58
24.71
24.855
24.915
24.975
25.265
25.41
25.55
25.725
25.825
25.985
26.11
26.385
26.4
26.55
26.67
26.96
27.115
27.23
27.385
27.52
27.66
27.785
27.94
28.065
28.34
28.655
28.925
29.12
29.5
29.64
