0.2
0.43
0.69
0.925
1.18
1.43
1.67
1.935
2.175
2.415
2.59
2.68
2.93
3.125
3.16
3.435
3.655
3.915
4.085
4.15
4.425
4.64
4.885
5.135
5.395
5.63
5.895
6.02
6.125
6.36
6.61
6.79
6.86
7.09
7.365
7.575
7.59
7.735
7.845
8.01
8.075
8.34
8.565
8.86
9.05
9.295
9.535
9.785
10.025
10.27
10.5
10.535
10.79
10.995
11.265
11.505
11.995
12.245
12.48
12.735
12.97
13.23
13.25
13.47
13.74
13.965
14.225
14.43
14.47
14.67
14.94
15.22
15.445
15.47
15.71
15.945
16.185
16.245
16.425
16.455
16.945
17.195
17.435
17.705
17.935
18.18
18.435
18.675
18.885
18.92
19.185
19.41
19.695
19.9
20.15
20.395
20.65
20.88
21.135
21.175
21.38
21.42
21.65
21.865
22.13
22.37
22.625
22.85
23.13
23.35
23.605
23.83
24.01
24.185
24.32
24.555
24.805
25.07
25.3
25.56
25.67
25.785
26.03
26.275
26.51
26.77
27.035
27.27
27.76
28.01
28.26
28.51
28.745
29.005
29.245
29.73
29.98
