0.21
0.68
1.04
1.495
1.885
2.295
2.69
2.73
3.115
3.515
3.855
3.965
4.33
4.75
5.175
5.595
6.405
6.82
7.245
7.655
8.015
8.49
8.945
9.325
9.73
10.155
10.29
10.355
10.595
10.98
11.385
11.45
11.815
12.16
12.22
12.29
12.68
13.05
13.455
13.855
13.92
14.285
14.66
14.74
15.115
15.565
15.93
15.985
16.325
16.395
16.825
17.175
17.195
17.585
17.62
17.89
18.015
18.42
18.835
19.25
19.275
19.64
20.025
20.505
21.335
21.755
22.175
22.28
22.575
22.905
23.065
23.405
23.8
24.215
24.5
24.635
25.035
25.435
25.78
25.865
26.275
26.68
27.08
27.405
27.88
28.32
28.39
28.73
29.015
29.145
29.55
29.98
