0.285
0.515
0.85
0.88
1.185
1.245
1.44
1.51
1.605
1.84
2.17
2.255
2.405
2.46
2.515
2.59
2.85
2.945
3.06
3.17
3.445
3.585
3.78
3.845
4.175
4.505
4.735
5.175
5.215
5.505
5.84
6.09
6.24
6.465
6.62
6.705
6.84
7.065
7.17
7.42
7.505
7.565
7.73
7.775
7.84
8.08
8.175
8.39
8.505
8.75
8.905
8.955
9.17
9.225
9.5
9.735
9.83
10.06
10.18
10.5
10.84
11.105
11.175
11.525
11.845
11.885
12.085
12.17
12.345
12.505
12.735
12.905
13.065
13.17
13.505
13.615
13.835
14.1
14.25
14.505
14.595
14.835
15.165
15.39
15.58
15.835
16.175
16.5
16.89
17.17
17.5
17.835
18.245
18.39
18.5
18.835
19.095
19.17
19.41
19.57
19.88
20.105
20.165
20.43
20.495
20.72
21.16
21.21
21.765
21.83
21.96
22.165
22.23
22.5
22.74
22.83
23.16
23.5
23.575
23.725
23.83
24.16
24.495
24.83
24.905
25.165
25.235
25.495
25.765
26.1
26.175
26.49
26.82
26.895
27.13
27.16
27.39
27.495
27.56
27.825
27.875
28.045
28.155
28.415
28.49
28.825
28.885
28.9
29.045
29.155
29.24
29.495
29.555
29.76
29.825
29.95
