0.145
0.335
0.5
0.695
0.865
1.095
1.41
1.58
1.765
1.885
2.14
2.315
2.495
2.675
2.86
3.035
3.22
3.4
3.58
3.755
3.79
3.935
3.995
4.3
4.35
4.665
4.835
5.025
5.395
5.56
5.755
5.945
6.11
6.315
6.48
6.83
7.005
7.185
7.545
7.915
8.265
8.44
8.635
8.8
8.98
9.35
9.53
9.69
10.05
10.225
10.405
10.755
10.925
11.1
11.305
11.465
11.655
11.83
12.19
12.55
12.885
13.06
13.125
13.245
13.61
13.64
13.965
14.14
14.32
14.51
14.685
15.045
15.245
15.41
15.425
15.745
15.785
15.96
15.995
16.31
16.475
16.665
16.835
16.93
17.0
17.18
17.4
17.55
17.9
18.235
18.45
18.6
18.78
18.955
19.13
19.16
19.315
19.67
19.85
20.025
20.21
20.39
20.565
20.75
20.92
21.12
21.46
21.64
21.805
22.18
22.345
22.535
22.725
22.895
23.07
23.235
23.42
23.595
23.78
23.965
24.13
24.31
24.485
24.665
24.825
25.035
25.2
25.39
25.575
25.74
25.92
26.105
26.28
26.46
26.625
26.815
27.17
27.525
27.71
27.885
28.255
28.415
28.595
28.76
28.97
29.17
29.34
29.67
29.695
29.985
