0.05
0.335
0.54
0.815
1.07
1.225
1.35
1.56
1.84
1.97
2.09
2.285
2.445
2.595
2.84
3.105
3.355
3.615
3.82
3.885
3.94
4.13
4.395
4.635
4.9
5.16
5.37
5.405
5.535
5.67
5.86
6.025
6.12
6.195
6.455
6.69
6.935
7.21
7.465
7.71
7.94
7.96
8.13
8.2
8.225
8.525
8.745
8.98
9.26
9.755
10.02
10.055
10.285
10.765
11.05
11.255
11.275
11.53
11.775
12.03
12.29
13.04
13.54
13.895
14.03
14.36
14.435
14.945
15.225
15.41
15.475
15.745
15.99
16.25
16.515
17.015
17.28
17.54
17.8
18.05
18.305
18.555
19.055
19.32
19.575
19.835
20.075
20.33
20.595
20.865
20.885
21.08
21.37
21.615
21.845
21.885
22.11
22.36
22.38
22.62
23.115
23.39
23.635
23.895
24.145
24.4
24.665
24.92
25.17
25.425
25.685
25.915
26.165
26.44
26.685
27.18
27.44
27.705
27.955
28.2
28.46
28.725
28.96
29.23
29.48
