0.11
0.425
0.73
1.03
1.345
1.57
1.67
1.83
1.98
2.14
2.27
2.58
2.79
2.89
3.2
3.42
3.53
3.74
3.83
4.055
4.13
4.37
4.445
4.675
4.76
4.95
4.995
5.13
5.25
5.385
5.72
5.88
6.025
6.155
6.205
6.335
6.485
6.565
6.645
6.73
6.825
6.96
7.13
7.28
7.43
7.6
7.755
7.855
8.03
8.18
8.33
8.525
8.655
9.105
9.435
9.58
9.745
9.91
10.075
10.275
10.345
10.54
10.655
11.0
11.29
11.585
11.915
12.21
12.4
12.55
12.695
12.84
13.16
13.32
13.475
13.78
14.0
14.09
14.28
14.4
14.715
14.98
15.045
15.24
15.345
15.48
15.75
15.91
15.96
16.105
16.225
16.405
16.575
16.71
16.885
16.975
17.035
17.145
17.365
17.49
17.61
17.79
17.9
18.04
18.405
18.7
19.015
19.33
19.535
19.635
19.835
19.92
20.135
20.235
20.475
20.56
20.785
20.85
20.885
21.03
21.2
21.35
21.48
21.8
21.96
22.12
22.28
22.405
22.605
22.695
22.73
22.93
23.045
23.195
23.345
23.585
23.655
23.825
23.865
23.98
24.26
24.41
24.595
24.685
24.765
24.885
25.08
25.175
25.495
25.66
25.69
25.8
25.975
26.095
26.305
26.4
26.595
26.715
27.02
27.32
27.535
27.635
27.825
27.95
28.255
28.455
28.58
28.76
28.785
28.88
29.195
29.23
29.375
29.505
29.73
29.815
29.985
