0.155
0.305
0.365
0.475
0.63
0.785
0.86
0.95
1.11
1.2
1.275
1.425
1.475
1.595
1.755
1.92
2.07
2.235
2.33
2.395
2.55
2.71
2.875
3.035
3.2
3.35
3.515
3.54
3.665
3.83
3.97
4.01
4.145
4.165
4.31
4.465
4.605
4.655
4.77
4.82
4.975
5.09
5.24
5.4
5.565
5.725
5.885
6.04
6.205
6.295
6.365
6.53
6.57
6.69
6.845
6.905
7.005
7.165
7.22
7.32
7.48
7.645
7.8
7.965
8.12
8.245
8.285
8.425
8.5
8.59
8.735
8.905
9.055
9.12
9.23
9.385
9.54
9.695
9.855
10.01
10.165
10.32
10.37
10.485
10.63
10.795
10.945
11.105
11.25
11.41
11.565
11.605
11.88
12.03
12.18
12.34
12.5
12.655
12.81
12.875
12.965
13.12
13.285
13.43
13.535
13.605
13.75
13.9
14.055
14.08
14.215
14.52
14.745
14.85
15.08
15.18
15.46
15.8
16.0
16.12
16.315
16.455
16.655
16.78
16.97
17.11
17.295
17.44
17.615
17.775
17.935
18.09
18.415
18.6
18.745
18.915
19.075
19.24
19.39
19.58
19.605
19.72
20.04
20.24
20.36
20.56
20.7
20.89
21.025
21.325
21.675
22.005
22.305
22.485
22.64
22.955
23.25
23.425
23.58
23.725
23.745
23.895
24.055
24.215
24.365
24.535
24.695
24.85
25.01
25.16
25.26
25.325
25.475
25.62
25.785
25.945
26.1
26.26
26.425
26.58
26.735
26.9
26.93
27.055
27.21
27.36
27.52
27.675
27.83
27.99
28.145
28.465
28.52
28.625
28.785
28.895
29.105
29.265
29.43
29.745
