0.15
0.425
0.585
0.72
1.25
1.4
1.535
1.8
2.215
2.36
2.555
2.635
2.895
3.055
3.19
3.47
3.58
3.75
4.015
4.3
4.57
4.835
5.14
5.305
5.405
5.68
5.835
5.965
6.115
6.52
6.685
6.795
6.975
7.07
7.425
7.515
7.77
7.905
8.16
8.175
8.45
8.58
8.86
9.145
9.295
9.55
9.725
9.99
10.03
10.38
10.42
10.55
10.84
10.955
11.225
11.505
11.775
12.015
12.32
12.61
12.77
12.875
13.15
13.43
13.595
13.71
13.995
14.27
14.42
14.535
14.685
14.825
15.09
15.375
15.54
15.6
15.85
15.93
16.1
16.2
16.225
16.585
16.675
16.895
17.03
17.39
17.735
17.77
17.985
18.115
18.385
18.56
18.695
18.945
19.1
19.225
19.27
19.495
19.595
19.775
20.035
20.175
20.325
20.485
20.575
20.76
21.02
21.14
21.425
21.685
21.855
22.135
22.24
22.4
22.53
22.67
22.8
22.955
23.085
23.23
23.335
23.505
23.635
23.895
24.175
24.35
24.38
24.45
24.725
25.01
25.16
25.275
25.535
25.66
25.845
26.25
26.33
26.395
26.54
26.655
26.735
26.93
27.1
27.33
27.38
27.555
27.7
27.755
27.97
28.03
28.305
28.445
28.58
28.845
29.135
29.4
