0.19
0.355
0.535
0.565
0.77
0.945
1.765
1.965
2.165
2.365
2.56
2.755
2.945
3.14
3.335
3.53
3.73
3.93
4.12
4.315
4.505
4.705
4.9
5.1
5.29
5.49
5.685
5.88
6.075
6.28
6.48
6.675
6.875
7.075
7.26
7.46
7.66
7.855
8.055
8.25
8.445
8.645
8.735
8.835
9.04
9.23
9.43
9.63
9.825
10.02
10.21
10.405
10.605
11.17
11.37
11.735
11.925
12.11
12.295
12.4
12.67
12.865
13.245
13.425
13.615
13.81
13.905
14.18
14.375
14.745
14.935
15.125
15.32
15.51
15.605
15.805
15.88
16.075
16.265
16.45
16.645
16.84
17.03
17.135
17.405
17.685
17.975
18.165
18.21
18.36
18.4
18.55
18.74
18.94
19.13
19.335
19.52
19.715
20.1
20.28
20.475
20.575
20.84
21.025
21.215
21.405
21.505
21.785
21.96
22.055
22.145
22.34
22.535
22.725
23.005
23.02
23.04
23.295
23.505
23.58
23.84
23.86
24.225
24.42
24.61
24.64
24.99
25.185
25.38
25.575
25.76
25.96
26.065
26.14
26.24
26.525
26.71
26.9
27.09
27.28
27.47
27.665
27.86
28.05
28.235
28.43
28.63
28.815
29.01
29.205
29.235
29.395
29.765
29.965
