0.21
0.235
0.47
0.695
0.965
1.185
1.43
1.68
1.88
2.145
2.175
2.42
2.645
2.89
3.135
3.39
3.6
3.86
3.95
4.09
4.395
4.58
5.09
5.325
5.57
6.055
6.315
6.515
7.015
7.26
7.49
7.975
8.235
8.45
8.945
9.22
9.44
9.92
10.18
10.415
10.9
11.16
11.385
11.86
12.19
12.33
12.645
12.83
13.09
13.345
13.6
13.795
14.045
14.28
14.78
15.05
15.245
15.29
15.525
15.6
15.73
15.78
15.985
16.215
16.48
16.695
16.94
17.19
17.445
17.515
17.685
17.93
18.16
18.41
18.645
18.85
18.9
19.13
19.31
19.385
19.62
19.885
20.095
20.61
20.875
21.1
21.58
21.815
21.835
22.06
22.55
22.575
22.805
23.04
23.51
23.76
24.01
24.505
24.765
25.005
25.475
25.88
25.965
26.23
26.44
26.71
26.73
26.92
27.405
27.885
28.385
28.635
28.88
29.355
29.59
29.84
