0.09
0.2
0.46
0.71
0.835
1.085
1.21
1.335
1.46
1.595
1.71
1.96
2.095
2.21
2.475
2.595
2.71
2.895
2.98
3.09
3.215
3.34
3.465
3.72
3.97
4.21
4.465
4.715
4.845
4.965
5.09
5.22
5.345
5.47
5.59
5.715
5.97
6.215
6.47
6.6
6.715
6.975
7.1
7.22
7.35
7.47
7.51
7.72
7.97
8.225
8.47
8.725
8.98
9.105
9.22
9.35
9.475
9.605
9.725
9.975
10.225
10.49
10.725
11.105
11.225
11.35
11.48
11.61
11.73
11.98
12.225
12.475
12.73
12.925
12.98
13.06
13.11
13.23
13.365
13.485
13.62
13.73
13.98
14.235
14.49
14.74
14.985
15.115
15.235
15.36
15.49
15.735
15.985
16.12
16.235
16.485
16.62
16.735
16.995
17.11
17.235
17.37
17.625
17.655
17.74
17.99
18.065
18.24
18.5
18.625
18.74
18.99
19.12
19.25
19.365
19.495
19.74
19.865
19.995
20.245
20.49
20.74
20.995
21.12
21.25
21.375
21.5
21.635
21.745
21.995
22.245
22.505
22.75
23.005
23.125
23.25
23.375
23.505
23.635
23.75
24.0
24.135
24.25
24.38
24.5
24.635
24.75
25.005
25.125
25.255
25.385
25.435
25.505
25.595
25.755
26.005
26.25
26.515
26.64
26.665
26.755
27.005
27.135
27.26
27.385
27.495
27.64
27.755
28.005
28.255
28.505
28.645
28.755
28.89
29.005
29.135
29.26
29.39
29.52
29.76
