0.115
0.375
0.6
1.015
1.325
1.63
1.9
1.98
2.94
3.08
3.21
3.41
3.625
3.84
4.045
4.395
4.55
4.725
5.025
5.485
5.905
6.41
6.6
6.615
7.12
7.345
7.79
8.27
8.46
8.495
8.745
9.21
9.625
10.15
10.335
10.6
11.06
11.525
11.995
12.13
12.415
12.455
12.65
12.83
12.9
13.17
13.38
13.735
13.85
14.135
14.31
14.525
14.775
15.02
15.235
15.705
15.99
16.17
16.39
16.535
16.635
16.805
17.1
17.505
17.57
17.72
17.82
18.03
18.245
18.425
18.49
18.73
18.96
19.25
19.425
19.715
19.885
19.94
20.14
20.35
20.61
20.815
21.04
21.28
21.545
21.63
21.755
21.99
22.215
22.24
22.46
22.68
23.14
23.37
23.605
23.845
24.07
24.325
24.535
25.0
25.465
25.7
25.935
26.165
26.39
26.6
26.82
26.85
26.97
27.04
27.27
27.545
27.56
27.77
27.8
28.005
28.235
28.53
28.6
28.735
28.885
28.98
29.175
29.2
29.415
29.66
