0.08
0.1
0.375
0.63
0.86
1.105
1.345
1.59
1.825
2.115
2.325
2.57
2.815
3.09
3.295
3.545
3.78
4.035
4.3
4.775
5.02
5.1
5.26
5.51
5.74
6.015
6.24
6.495
6.74
6.98
7.215
7.455
7.7
7.945
8.2
8.455
8.695
8.935
9.18
9.425
9.665
9.905
10.165
10.42
10.655
10.915
11.135
11.175
11.38
11.625
11.86
12.12
12.375
12.61
12.86
12.995
13.1
13.335
13.58
13.83
14.075
14.335
14.58
14.815
15.055
15.27
15.53
15.765
16.0
16.025
16.27
16.505
16.74
16.98
17.205
17.465
17.71
17.97
18.22
18.46
18.705
18.94
19.07
19.185
19.225
19.415
19.665
19.905
20.17
20.415
20.655
20.9
21.15
21.255
21.64
21.89
22.14
22.38
22.63
22.88
23.13
23.235
23.37
23.605
23.725
23.87
23.895
24.115
24.355
24.6
24.84
25.095
25.335
25.585
25.83
26.085
26.32
26.585
26.81
27.055
27.305
27.675
27.795
28.045
28.28
28.535
28.77
29.03
29.275
29.52
29.775
