0.56
1.045
1.525
1.765
2.0
2.245
2.48
2.505
2.725
2.945
3.205
3.435
3.635
3.69
3.91
4.175
4.395
4.645
4.87
5.35
5.55
5.83
6.315
6.555
6.79
7.265
7.525
7.745
7.995
8.225
8.705
9.185
9.435
9.665
9.925
10.155
10.405
10.63
10.87
11.11
11.59
11.84
12.065
12.32
12.545
12.795
13.025
13.395
13.505
13.76
13.985
14.24
14.475
14.74
14.945
15.205
15.425
15.9
16.02
16.16
16.38
16.625
16.86
17.35
17.825
18.075
18.295
18.315
18.555
18.795
19.04
19.27
19.515
19.75
19.995
20.215
20.24
20.47
20.7
20.955
21.19
21.44
21.67
21.93
22.14
22.39
22.615
22.745
22.87
23.1
23.12
23.35
23.59
23.835
24.075
24.32
24.55
24.79
25.04
25.27
25.4
25.5
25.76
25.98
26.0
26.235
26.47
26.715
26.95
27.195
27.425
27.67
27.905
28.15
28.385
28.635
28.87
29.115
29.34
29.6
29.825
29.935
