0.245
0.355
0.705
1.25
1.41
1.74
2.06
2.09
2.415
2.64
2.685
2.86
2.885
2.975
3.11
3.43
3.455
3.66
3.76
4.0
4.05
4.43
4.49
4.725
4.95
5.12
5.185
5.36
5.435
5.725
5.795
6.015
6.12
6.24
6.465
6.55
6.73
6.81
7.04
7.36
7.505
7.605
7.805
8.025
8.055
8.465
8.815
8.865
9.045
9.075
9.15
9.26
9.43
9.515
9.595
9.785
9.835
9.945
10.12
10.355
10.41
10.525
10.57
10.585
10.77
10.81
11.09
11.195
11.545
11.78
11.96
12.135
12.195
12.455
12.52
12.75
12.87
13.105
13.25
13.435
13.745
13.785
14.11
14.245
14.43
14.625
14.78
15.11
15.175
15.43
15.785
15.85
15.87
16.09
16.425
16.455
16.53
16.755
16.785
16.94
17.095
17.195
17.43
17.535
17.615
17.75
17.815
18.075
18.3
18.415
18.52
18.555
18.66
18.85
19.095
19.375
19.59
19.81
19.875
20.06
20.205
20.265
20.54
20.795
21.245
21.475
21.52
21.785
21.905
22.12
22.245
22.455
22.575
22.8
22.915
22.99
23.02
23.25
23.29
23.535
23.605
23.94
23.99
24.195
24.615
24.815
24.945
25.335
25.565
25.625
25.89
25.96
26.08
26.185
26.33
26.355
26.53
26.665
26.735
26.9
27.02
27.09
27.255
27.355
27.6
27.935
27.955
28.02
28.29
28.365
28.61
28.7
28.97
29.275
29.32
29.635
