0.55
0.715
0.85
1.21
1.545
1.845
2.155
2.41
2.455
2.765
3.02
3.08
3.375
3.695
4.02
4.14
4.33
4.535
4.65
4.94
5.255
5.565
5.785
5.86
6.155
6.48
6.79
7.405
7.71
8.015
8.125
8.27
8.64
8.945
9.235
9.855
10.175
10.435
10.485
10.775
10.805
11.075
11.68
11.99
12.29
12.6
12.815
12.9
13.15
13.175
13.4
13.525
15.03
15.345
15.45
15.64
15.94
16.27
16.565
16.88
16.905
17.2
17.495
17.81
18.01
18.425
19.035
19.99
20.29
20.445
20.605
20.915
20.935
21.145
21.515
21.7
21.82
21.975
22.11
22.42
22.715
22.98
23.315
23.635
23.925
24.295
24.535
24.855
25.2
25.38
25.46
25.75
26.845
26.875
26.965
27.26
27.525
27.735
27.87
28.085
28.145
28.42
28.755
29.065
29.365
29.685
29.985
