0.35
0.65
0.845
1.04
1.19
1.64
1.69
1.87
1.965
2.03
2.455
2.55
2.88
3.03
3.325
3.635
3.855
4.11
4.22
4.545
4.71
4.825
5.01
5.435
5.725
6.01
6.2
6.305
6.495
6.94
7.22
7.54
7.7
7.815
8.15
8.43
8.69
8.845
8.895
9.055
9.345
9.53
9.625
9.82
10.095
10.235
10.325
10.52
10.675
10.7
10.725
11.015
11.28
11.55
11.98
12.29
12.475
12.57
12.87
13.175
13.41
13.455
13.635
13.77
14.095
14.16
14.375
14.5
14.695
15.255
15.59
15.855
16.495
16.795
16.97
17.3
17.375
17.7
17.98
18.32
18.45
18.585
18.885
19.19
19.485
19.665
19.795
20.09
20.29
20.425
20.575
20.725
21.22
21.33
21.49
21.6
21.655
21.88
21.91
22.055
22.205
22.54
22.825
22.84
23.125
23.3
23.44
23.665
24.03
24.325
25.215
25.415
25.855
26.11
26.385
26.59
27.035
27.075
27.635
27.9
28.3
28.5
28.825
29.135
29.415
29.73
29.985
