0.545
0.625
0.925
1.135
1.205
1.525
1.79
2.095
2.365
2.665
2.845
2.95
3.27
3.475
3.545
3.775
3.87
4.12
4.44
4.72
4.93
5.005
5.31
5.6
5.81
5.895
6.085
6.19
6.46
6.775
6.945
7.055
7.24
7.34
7.51
7.625
7.915
8.19
8.385
8.46
8.49
8.655
8.775
9.07
9.175
9.365
9.53
9.67
9.935
10.265
10.51
10.8
10.85
11.095
11.415
11.675
11.905
11.96
12.0
12.25
12.585
12.835
12.865
13.055
13.135
13.415
13.73
14.005
14.225
14.295
14.57
14.905
15.15
15.355
15.44
15.65
15.735
16.045
16.325
16.52
16.615
16.9
17.17
17.465
17.73
17.76
17.79
18.055
18.33
18.61
18.785
18.91
19.195
19.485
19.525
19.675
19.775
19.995
20.065
20.345
20.38
20.685
20.86
20.94
21.155
21.23
21.43
21.51
21.825
22.03
22.1
22.3
22.41
22.67
22.995
23.25
23.47
23.535
23.73
23.835
23.93
24.1
24.425
24.73
24.83
25.01
25.295
25.41
25.52
25.6
25.745
25.885
26.045
26.355
26.425
26.48
26.775
26.995
27.11
27.375
27.59
27.66
27.945
28.175
28.46
28.51
28.705
28.8
28.84
29.11
29.315
29.415
29.68
29.965
