0.22
0.685
0.93
1.145
1.28
1.39
1.51
1.615
1.735
1.84
1.95
2.06
2.125
2.4
2.52
3.01
3.25
3.695
3.945
4.175
4.455
4.915
5.355
5.605
5.805
5.87
6.065
6.31
6.34
6.545
6.765
7.015
7.265
7.47
7.695
7.775
7.955
8.22
8.415
8.655
9.13
9.445
9.57
9.815
10.08
10.28
10.65
10.765
10.99
11.095
11.195
11.305
11.415
11.66
12.12
12.385
12.59
12.845
13.085
13.315
13.775
14.04
14.24
14.505
14.96
15.21
15.395
15.455
15.905
16.165
16.395
16.66
16.875
17.14
17.375
17.61
17.82
18.08
18.315
18.54
18.78
19.01
19.25
19.73
19.965
20.23
20.43
20.695
20.925
21.165
21.195
21.4
21.645
21.87
21.885
22.1
22.345
22.595
22.795
22.825
23.04
23.295
23.51
23.54
23.76
24.235
24.48
24.7
24.94
25.16
25.41
25.64
25.915
26.105
26.36
26.59
26.785
27.06
27.295
27.52
27.79
27.985
28.235
28.46
28.715
28.935
29.185
29.425
29.67
29.78
