0.335
0.77
1.01
1.225
1.45
1.66
1.885
1.93
2.115
2.555
2.79
2.825
3.005
3.46
3.705
3.83
3.92
4.15
4.37
4.63
4.83
5.075
5.26
5.46
5.71
5.99
6.175
6.415
6.62
7.065
7.09
7.27
7.385
7.515
7.545
7.775
7.8
7.995
8.235
8.26
8.435
8.54
8.695
8.72
8.9
9.13
9.345
9.56
9.805
10.015
10.055
10.265
10.71
10.94
10.955
11.17
11.405
11.625
11.81
11.84
12.09
12.305
12.5
12.75
12.965
12.985
13.22
13.41
13.65
13.845
14.245
14.32
14.765
14.965
15.025
15.235
15.455
15.495
15.695
15.71
16.15
16.4
16.62
16.885
17.275
17.5
17.745
17.97
18.19
18.425
18.67
18.875
19.1
19.345
19.545
19.78
20.245
20.585
20.685
20.895
21.13
21.575
21.805
22.005
22.03
22.28
22.475
22.715
22.97
23.38
23.605
23.855
24.085
24.295
24.51
24.825
25.205
25.425
25.485
25.66
25.885
26.1
26.35
26.44
26.555
26.995
27.2
27.515
27.725
27.91
28.14
28.375
28.655
28.825
29.07
29.265
29.485
29.525
29.73
29.955
