0.275
0.625
0.69
0.855
0.95
1.02
1.31
1.41
1.795
2.03
2.205
2.425
2.6
2.825
2.995
3.385
3.445
3.62
3.78
4.175
4.205
4.585
4.775
4.965
5.365
5.385
5.6
5.78
5.815
5.98
6.16
6.55
6.935
7.18
7.355
7.605
7.745
8.13
8.53
8.755
8.925
8.97
9.23
9.33
9.55
9.705
9.73
10.11
10.51
10.785
10.915
11.13
11.195
11.315
11.55
11.705
12.255
12.37
12.51
12.725
12.88
13.065
13.145
13.275
13.51
13.695
13.925
14.07
14.455
14.52
14.775
14.86
15.1
15.345
15.525
15.65
16.025
16.275
16.445
16.865
17.115
17.24
17.46
17.62
17.655
17.73
17.935
18.02
18.06
18.27
18.555
18.635
18.81
19.185
19.235
19.435
19.585
19.81
20.015
20.25
20.395
20.595
20.76
21.065
21.175
21.37
21.455
21.55
21.58
21.765
21.815
21.935
21.965
22.175
22.345
22.38
22.58
22.725
22.96
23.02
23.14
23.36
23.545
23.935
24.325
24.605
24.73
25.1
25.51
25.88
25.925
26.17
26.285
26.565
26.685
27.075
27.47
27.865
27.925
28.26
28.505
28.655
29.05
29.275
29.45
29.47
29.69
29.855
