0.155
0.32
0.335
0.515
0.555
0.73
0.925
0.975
1.105
1.315
1.51
1.71
1.89
2.085
2.295
2.44
2.485
2.68
2.88
3.065
3.27
3.315
3.46
3.67
3.855
3.995
4.06
4.235
4.44
4.625
4.84
5.02
5.175
5.235
5.415
5.62
5.805
5.985
6.18
6.38
6.42
6.575
6.765
6.795
6.95
7.15
7.185
7.36
7.55
7.575
7.755
7.975
8.14
8.345
8.54
8.735
8.915
9.125
9.285
9.32
9.5
9.71
9.935
10.0
10.115
10.31
10.485
10.715
10.885
11.11
11.275
11.51
11.67
11.875
12.06
12.27
12.46
12.675
12.84
13.035
13.24
13.455
13.62
13.835
14.01
14.225
14.295
14.4
14.59
14.62
14.695
14.795
14.885
14.995
15.175
15.365
15.4
15.465
15.54
15.565
15.765
15.915
15.965
16.15
16.18
16.305
16.345
16.55
16.7
16.73
17.13
17.49
17.915
17.94
18.12
18.285
18.695
18.9
19.055
19.08
19.29
19.475
19.68
19.84
20.255
20.46
20.645
20.855
21.015
21.04
21.245
21.41
21.815
22.02
22.17
22.205
22.595
22.8
22.98
23.2
23.285
25.86
26.12
26.225
26.495
26.64
27.02
27.305
27.415
27.635
27.82
28.005
28.23
28.39
28.585
28.77
28.95
28.98
29.165
29.35
29.565
29.735
