0.845
1.195
1.295
1.445
1.645
1.775
1.955
2.285
2.465
2.58
2.66
3.155
3.26
3.49
3.67
3.81
4.085
4.82
4.895
5.24
5.465
5.915
6.045
6.39
6.445
6.625
6.7
6.91
7.085
7.965
8.08
8.13
8.35
8.485
8.555
8.74
9.19
9.32
9.395
9.945
10.15
10.27
10.52
10.695
11.165
11.345
11.495
11.76
11.92
12.15
12.46
12.55
12.87
13.01
13.155
13.55
13.92
14.345
14.46
14.515
14.805
15.06
15.28
15.505
15.64
15.705
16.155
16.335
16.395
16.57
16.815
16.885
16.93
17.0
17.175
17.32
17.54
17.735
18.04
18.275
18.45
18.53
18.675
18.765
19.065
19.13
19.25
19.435
19.595
19.68
19.92
20.125
20.31
20.555
20.725
20.975
21.155
21.255
21.315
21.53
21.725
21.885
22.06
22.495
22.725
22.96
23.195
23.635
23.77
23.845
24.095
24.34
24.51
24.55
24.67
24.77
24.855
24.975
25.35
25.44
25.51
25.71
25.85
26.03
26.26
26.575
26.78
26.99
27.07
27.315
27.525
27.61
27.72
28.05
28.2
28.265
28.385
28.58
28.815
28.945
29.0
29.285
29.705
