0.33
0.53
0.75
0.97
1.19
1.415
1.625
1.84
2.065
2.29
2.505
2.71
2.93
3.15
3.37
3.58
3.8
4.005
4.23
4.435
4.65
4.86
4.92
5.05
5.265
5.415
5.47
5.685
5.905
6.125
6.345
6.56
6.79
7.005
7.25
7.43
7.665
7.875
8.085
8.31
8.525
8.745
8.95
9.135
9.17
9.39
9.615
9.83
10.055
10.27
10.475
10.69
10.905
10.96
11.135
11.355
11.565
11.8
11.985
12.01
12.215
12.435
12.645
12.69
12.86
13.08
13.105
13.3
13.525
13.75
13.955
13.99
14.175
14.395
14.435
14.635
14.855
15.055
15.275
15.495
15.535
15.71
15.93
15.975
16.155
16.365
16.575
16.795
17.01
17.235
17.455
17.665
17.875
18.715
18.93
19.03
19.135
19.345
19.56
19.78
20.005
20.22
20.445
20.66
20.865
20.93
21.09
21.305
21.53
21.735
21.95
22.165
22.385
22.6
22.805
23.015
23.245
23.46
23.49
23.67
23.9
24.12
24.325
24.555
24.77
24.92
24.995
25.21
25.405
25.51
25.63
25.835
26.03
26.235
26.455
26.495
26.675
26.885
27.105
27.335
27.37
27.55
27.755
27.99
28.205
28.42
28.63
28.845
29.065
29.28
29.5
29.7
29.755
29.92
