0.45
0.71
0.905
1.26
1.35
1.82
2.185
2.315
2.69
2.745
3.15
3.645
3.95
4.1
4.555
4.99
5.435
5.485
5.885
6.095
6.32
6.725
6.765
6.86
7.22
7.665
8.105
8.5
8.93
9.015
9.3
9.48
9.89
10.22
10.32
10.775
11.195
11.355
11.65
12.05
12.095
12.55
12.84
12.985
13.365
13.425
13.855
14.12
14.235
14.33
14.72
15.16
15.61
16.06
17.42
17.905
18.175
18.4
18.645
18.86
19.115
19.37
19.62
19.85
20.115
20.355
20.37
20.595
20.825
21.055
21.33
21.65
21.81
22.06
22.275
22.785
23.055
23.3
23.775
24.34
24.78
25.77
26.495
26.735
27.0
27.075
27.385
27.7
27.975
28.215
28.46
28.68
28.955
29.185
29.43
29.65
29.985
