0.08
0.49
0.755
0.96
1.04
1.315
1.725
1.855
2.16
2.42
2.545
2.68
2.7
2.82
2.96
3.055
3.24
3.375
3.495
3.51
3.75
3.915
4.055
4.28
4.485
4.745
4.89
5.155
5.435
5.715
6.26
6.545
6.68
6.96
7.09
7.355
7.555
7.66
7.92
8.195
8.305
8.455
8.745
8.88
9.15
9.29
9.56
9.83
10.125
10.525
10.655
10.945
11.08
11.345
11.495
11.76
12.035
12.17
12.32
12.735
12.855
13.155
13.205
13.28
13.55
13.69
13.955
14.135
14.205
14.525
14.915
15.06
15.345
15.485
15.745
15.89
16.03
16.155
16.35
16.465
16.715
17.13
17.26
17.535
17.685
17.945
18.095
18.25
18.36
18.375
18.635
18.915
19.325
19.455
19.745
20.02
20.15
20.425
20.565
20.695
20.97
21.12
21.535
21.66
21.95
22.085
22.355
22.495
22.755
23.055
23.315
23.72
23.86
24.135
24.285
24.545
24.695
24.955
25.155
25.235
25.515
25.815
26.06
26.37
26.48
26.75
26.89
27.155
27.46
27.655
27.715
27.875
28.015
28.125
28.26
28.57
28.595
28.945
29.095
29.355
29.64
29.915
