1.035
1.265
1.545
1.72
2.4
2.595
2.835
3.14
3.49
3.725
3.875
4.275
4.69
5.12
6.365
6.625
7.02
7.195
7.425
7.57
7.63
7.99
8.52
8.69
8.835
9.215
9.545
9.97
10.52
10.815
11.135
11.67
12.07
12.475
12.67
12.945
13.18
13.495
13.71
13.895
14.26
14.34
14.47
14.7
14.87
15.67
16.04
16.065
16.3
16.315
16.415
16.475
16.75
16.825
16.84
17.06
17.255
17.58
17.725
17.83
18.24
18.42
18.655
18.8
19.03
19.185
19.805
19.945
20.19
20.585
20.73
20.95
20.99
21.22
21.38
21.515
21.95
23.155
23.675
24.36
24.74
24.905
24.935
25.125
25.585
25.665
26.15
26.385
26.48
26.5
27.31
27.39
27.79
28.01
28.71
28.805
29.14
29.205
29.615
29.815
