1.155
1.575
1.835
3.21
3.57
3.665
3.89
4.055
4.15
4.215
4.235
4.695
4.865
4.89
5.205
5.23
5.75
5.865
5.895
6.235
6.86
6.89
7.215
7.545
7.565
7.785
7.865
8.225
9.22
9.94
10.29
11.23
11.3
11.635
11.905
11.97
12.315
13.31
13.98
14.34
15.245
15.35
15.68
15.815
15.995
16.25
16.34
17.34
18.02
18.35
18.65
19.265
19.34
19.685
19.935
20.295
20.36
20.585
20.94
21.365
21.395
22.03
22.38
22.78
22.925
23.385
23.73
23.99
24.255
24.48
24.77
25.42
25.45
26.055
26.105
26.365
26.44
26.65
27.32
27.425
28.07
28.125
28.44
28.83
29.415
