1.195
1.37
1.77
2.035
3.705
4.35
4.87
5.41
6.065
6.705
7.55
7.805
8.395
8.73
8.895
9.175
9.44
9.73
10.06
10.59
10.75
10.895
11.165
11.455
11.75
11.905
12.05
12.485
12.54
13.315
13.95
15.705
16.785
16.845
17.06
17.3
17.37
17.63
17.925
18.24
18.62
18.83
19.06
19.145
19.405
19.695
19.895
19.98
20.285
20.665
21.28
21.465
21.595
21.72
21.9
22.225
22.455
22.52
22.82
22.93
23.115
23.13
23.41
23.73
24.005
24.31
24.665
24.94
25.265
25.58
25.87
26.215
26.365
26.5
26.735
26.825
27.135
27.45
27.655
27.75
28.065
28.315
28.38
28.715
28.99
29.205
29.32
29.68
29.985
