0.3
0.55
0.775
1.01
1.04
1.255
1.525
1.76
2.0
2.235
2.26
2.51
2.73
2.985
3.22
3.5
3.725
3.965
4.215
4.47
4.715
4.96
5.18
5.2
5.47
5.695
5.945
6.18
6.205
6.46
6.67
6.93
7.17
7.45
7.47
7.665
7.915
8.16
8.42
8.645
8.89
8.925
9.14
9.17
9.39
9.435
9.645
9.89
10.135
10.37
10.4
10.64
10.875
11.12
11.145
11.395
11.63
11.865
12.115
12.37
12.615
12.845
12.87
13.095
13.345
13.595
13.84
14.085
14.335
14.585
14.845
15.075
15.31
15.335
15.57
15.82
16.065
16.315
16.56
16.81
16.825
17.055
17.3
17.56
17.795
17.93
18.045
18.33
18.55
18.78
19.025
19.255
19.29
19.435
19.53
19.8
20.02
20.275
20.515
20.765
21.01
21.025
21.26
21.51
21.75
21.99
22.01
22.26
22.495
22.515
22.75
22.765
22.995
23.49
23.735
23.97
24.245
24.48
24.715
24.965
25.44
25.725
25.955
26.205
26.49
26.705
26.745
26.985
27.47
27.49
27.7
27.975
28.235
28.475
28.605
28.7
28.96
29.455
29.485
29.705
29.955
