0.215
0.535
0.815
0.855
1.01
1.075
1.34
1.38
1.64
1.83
1.89
2.195
2.455
2.715
3.01
3.28
3.535
3.825
4.36
4.665
4.925
5.21
5.51
6.055
6.36
6.865
6.91
7.205
7.61
7.725
8.02
8.375
8.555
8.85
9.125
9.41
9.68
9.96
10.235
10.5
11.335
11.355
11.57
11.865
12.085
12.16
12.715
13.0
13.08
13.35
13.475
13.54
13.58
13.885
14.42
14.48
14.7
15.04
15.215
15.55
16.05
16.395
16.725
16.94
17.245
18.07
18.335
18.505
18.58
18.65
18.79
18.89
19.235
19.735
19.97
20.015
20.225
20.33
20.58
20.655
21.13
21.205
21.4
21.695
21.925
21.95
22.26
23.06
23.355
23.615
23.885
24.73
24.96
25.235
25.535
25.57
26.16
26.395
26.915
27.125
27.245
27.96
28.035
28.325
28.475
28.565
28.85
28.9
29.715
29.985
