0.25
0.345
0.6
1.055
1.285
1.53
1.78
2.23
2.43
2.47
2.515
2.985
3.225
3.4
3.66
4.12
4.365
4.56
4.845
5.065
5.165
5.485
5.78
6.005
6.25
6.495
6.705
6.955
7.175
7.415
7.71
7.875
8.125
8.37
8.605
8.83
9.075
9.345
9.515
9.695
9.765
10.025
10.395
10.675
10.725
10.9
10.98
11.21
11.455
11.695
11.94
12.42
12.65
12.97
13.12
13.295
13.59
13.845
13.94
14.16
14.325
14.53
14.595
14.76
15.01
15.36
15.485
15.735
16.34
16.435
16.655
16.69
16.905
17.175
17.405
17.615
17.835
18.315
18.555
18.78
19.005
19.475
19.7
19.935
20.18
20.275
20.405
20.55
20.64
20.87
20.905
21.105
21.345
21.72
21.93
22.035
22.285
22.525
22.87
23.01
23.26
23.62
23.755
23.87
23.955
24.195
24.42
24.79
24.89
25.145
25.515
25.62
25.715
25.84
26.045
26.07
26.31
26.67
26.765
26.99
27.025
27.265
27.39
27.505
27.605
27.715
27.985
28.19
28.565
28.685
28.89
28.92
29.165
29.64
