0.3
0.435
0.575
0.725
0.865
1.01
1.12
1.265
1.405
1.54
1.675
1.815
1.95
2.095
2.205
2.24
2.395
2.655
2.78
2.95
3.07
3.2
3.335
3.51
3.61
3.75
3.88
4.305
4.43
4.57
4.71
4.845
4.98
5.27
5.4
5.53
5.675
5.805
5.945
6.075
6.505
6.64
6.775
6.915
7.05
7.18
7.47
7.605
7.735
7.795
7.875
8.015
8.15
8.285
8.705
8.835
8.905
8.98
9.11
9.17
9.25
9.385
9.675
9.81
9.94
10.08
10.215
10.355
10.49
10.79
10.835
10.915
11.045
11.115
11.22
11.46
11.595
11.765
11.88
12.015
12.145
12.29
12.34
12.425
12.695
12.98
13.005
13.12
13.255
13.665
13.69
13.795
14.13
14.215
14.275
14.355
14.49
14.625
14.765
14.895
15.22
15.32
15.45
15.635
15.87
16.0
16.2
16.325
16.42
16.555
16.83
17.1
17.52
17.655
17.7
17.935
17.96
18.075
18.205
18.355
18.49
18.76
18.9
18.945
19.04
19.17
19.305
19.45
19.58
19.725
19.865
19.995
20.135
20.41
20.695
20.83
20.975
21.11
21.245
21.385
21.515
21.655
21.795
21.93
22.085
22.205
22.345
22.485
22.625
22.81
22.9
23.045
23.175
23.31
23.445
23.585
23.725
23.87
24.15
24.275
24.41
24.545
24.595
24.685
24.825
25.015
25.115
25.24
25.275
25.375
25.51
25.645
25.785
25.92
26.07
26.1
26.35
26.475
26.615
26.65
26.75
26.89
27.025
27.195
27.31
27.445
27.575
27.71
27.85
27.99
28.125
28.27
28.545
28.565
28.675
28.815
28.95
29.09
29.12
29.23
29.405
29.51
29.645
29.78
29.92
