0.18
0.385
0.685
0.885
1.15
1.37
1.87
2.07
2.105
2.34
2.83
3.1
3.315
3.6
3.83
4.075
4.3
4.575
4.775
4.825
5.285
5.565
5.795
6.27
6.3
6.545
6.805
7.05
7.275
7.535
7.745
8.005
8.02
8.48
8.72
9.0
9.195
9.355
9.44
9.685
10.05
10.17
10.445
10.68
10.94
11.155
11.42
11.67
11.89
12.13
12.155
12.35
12.625
13.11
13.355
13.61
13.885
14.1
14.33
14.615
15.09
15.345
15.575
15.82
16.065
16.295
16.56
17.01
17.25
17.28
17.515
17.785
18.0
18.245
18.485
18.735
18.975
19.225
19.365
19.695
19.935
20.16
20.405
20.44
20.68
20.905
21.405
21.64
21.885
22.365
22.385
22.875
23.22
23.39
23.615
23.64
23.87
24.09
24.37
24.625
24.855
24.88
25.12
25.35
25.58
25.625
25.83
26.3
26.335
26.505
26.545
26.835
27.08
27.21
27.34
27.585
27.815
28.09
28.32
28.585
28.815
29.325
29.565
29.805
