0.22
0.405
0.59
0.785
0.995
1.145
1.33
1.71
1.88
2.08
2.175
2.265
2.45
2.495
2.82
3.005
3.195
3.505
3.75
3.94
4.15
4.32
4.495
4.685
4.985
5.06
5.245
5.425
5.5
5.8
5.865
5.975
6.175
6.215
6.355
6.555
6.735
6.915
6.96
7.295
7.475
7.665
7.955
8.04
8.22
8.405
8.46
8.59
8.775
9.15
9.535
9.71
9.895
9.96
10.265
10.465
10.645
10.835
10.915
11.02
11.195
11.38
11.43
11.575
11.755
11.945
12.13
12.505
12.58
12.645
12.695
12.875
12.935
13.25
13.32
13.435
13.495
13.615
13.895
13.99
14.04
14.175
14.235
14.36
14.435
14.545
14.73
14.99
15.1
15.225
15.39
15.48
15.535
15.585
15.66
15.69
15.85
16.27
16.315
16.41
16.485
16.59
16.765
16.84
17.01
17.15
17.245
17.34
17.46
17.525
17.71
17.95
18.1
18.27
18.45
18.645
18.825
19.195
19.385
19.465
19.575
19.755
19.855
19.945
19.995
20.13
20.315
20.375
20.505
20.65
20.69
20.855
20.995
21.06
21.135
21.325
21.435
21.615
21.805
21.885
21.995
22.085
22.17
22.225
22.365
22.43
22.545
22.71
22.78
22.935
23.11
23.165
23.29
23.355
23.48
23.535
23.665
23.855
23.95
24.035
24.085
24.145
24.225
24.29
24.405
24.815
24.9
24.97
25.15
25.385
25.53
25.7
25.81
25.895
25.95
26.085
26.135
26.27
26.335
26.53
26.6
26.83
27.015
27.09
27.395
27.57
27.76
27.995
28.135
28.16
28.315
28.505
28.68
28.875
28.925
29.065
29.25
29.315
29.645
