0.18
0.45
0.725
1.015
1.305
1.595
1.875
2.165
2.44
2.73
3.01
3.3
3.59
3.895
4.185
4.465
4.745
5.035
5.325
5.615
5.9
6.18
6.46
6.76
7.04
7.315
7.61
7.91
8.18
8.475
8.77
9.06
9.35
9.635
9.66
9.855
9.92
10.21
10.5
10.79
11.075
11.365
11.645
11.94
11.99
12.24
12.53
12.825
13.05
13.16
13.405
13.45
13.565
13.755
13.985
14.27
14.565
14.89
15.14
15.435
15.505
15.725
15.785
16.005
16.29
16.575
16.875
17.17
17.46
17.65
17.77
18.08
18.195
18.38
18.615
18.89
19.185
19.475
19.505
19.755
19.94
20.06
20.34
20.62
20.905
21.195
21.47
21.5
21.755
21.835
22.12
22.265
22.39
22.605
22.96
23.015
23.265
23.315
23.56
23.85
24.145
24.45
24.475
24.74
25.035
25.32
25.62
25.65
25.905
26.185
26.47
26.77
26.93
27.06
27.09
27.35
27.675
27.935
27.97
28.23
28.52
28.805
29.1
29.39
29.675
