0.22
0.56
0.925
1.23
2.025
2.53
2.6
2.7
2.985
3.055
3.33
3.855
4.31
4.675
5.025
5.335
6.055
6.15
6.3
6.325
6.515
6.585
6.815
7.24
7.29
7.545
7.74
8.33
8.675
9.025
9.335
10.105
10.365
10.55
10.73
11.375
11.615
11.855
12.105
12.34
12.59
12.805
13.06
13.31
13.35
13.77
14.04
14.28
14.52
14.62
14.755
15.005
15.24
15.495
15.73
15.995
16.225
16.48
16.52
16.71
16.99
17.23
17.455
17.69
17.945
18.19
18.26
18.44
18.67
18.92
19.165
19.415
19.65
19.915
20.15
20.4
20.44
20.635
20.88
21.12
21.38
21.6
21.865
22.1
22.355
22.38
22.585
22.84
22.87
23.075
23.105
23.325
23.565
23.815
24.06
24.305
24.53
24.79
25.02
25.27
25.51
25.765
26.0
26.02
26.25
26.28
26.49
26.985
27.46
27.7
27.955
28.205
28.425
28.68
28.925
29.175
29.41
29.68
