0.385
0.59
0.78
0.99
1.19
1.405
1.585
1.8
1.99
2.205
2.39
2.595
2.79
3.005
3.2
3.41
3.605
3.81
4.0
4.21
4.4
4.615
4.805
5.015
5.2
5.415
5.605
5.805
6.005
6.215
6.41
6.63
6.815
7.02
7.21
7.42
7.61
7.825
8.02
8.235
8.425
8.64
8.835
9.04
9.235
9.44
9.64
9.855
10.03
10.225
10.425
10.635
10.745
10.83
11.045
11.22
11.43
11.445
11.62
11.8
12.01
12.185
12.405
12.63
12.81
13.02
13.205
13.415
13.6
13.82
13.985
14.23
14.355
14.42
14.64
14.815
15.015
15.09
15.21
15.415
15.605
15.735
15.84
16.015
16.17
16.23
16.42
16.62
16.815
17.005
17.21
17.4
17.43
17.545
17.62
17.77
17.83
17.945
18.015
18.22
18.425
18.635
18.83
19.025
19.045
19.23
19.44
19.64
19.85
20.035
20.13
20.235
20.44
20.85
21.055
21.25
21.465
21.535
21.66
21.85
22.045
22.265
22.28
22.455
22.65
22.855
22.93
23.055
23.25
23.44
23.645
24.035
24.44
24.655
24.85
25.065
25.245
25.46
25.645
25.855
26.04
26.25
26.445
26.66
26.85
27.05
27.25
27.47
27.655
27.875
28.055
28.25
28.46
28.665
28.855
29.065
29.25
29.47
29.65
29.865
