0.4
0.65
1.165
1.41
1.66
1.925
2.04
2.41
2.425
2.59
2.675
2.92
3.18
3.435
3.47
3.655
3.695
4.07
4.26
4.46
4.7
5.21
5.46
5.71
5.97
6.09
6.475
6.72
6.965
7.225
7.495
7.745
8.01
8.12
8.215
8.51
8.755
9.115
9.27
9.52
9.77
10.145
10.29
10.52
10.785
11.295
11.495
11.795
12.18
12.56
12.805
13.06
13.32
13.57
13.815
14.07
14.195
14.585
14.825
15.09
15.225
15.34
15.64
15.735
15.845
16.105
16.185
16.35
16.855
17.365
17.61
17.755
17.87
18.13
18.255
18.38
18.505
18.625
18.76
18.875
19.365
19.395
19.895
20.155
20.185
20.405
20.905
21.415
21.665
21.8
21.915
22.175
22.305
22.43
22.555
22.675
22.81
22.93
23.19
23.45
23.95
24.21
24.245
24.46
24.965
25.475
25.715
25.85
25.975
26.23
26.36
26.485
26.61
26.73
26.865
26.985
27.22
27.495
27.56
28.0
28.265
28.295
28.515
28.76
29.01
29.53
