0.245
0.29
0.505
0.72
0.945
1.205
1.42
1.66
1.68
1.91
2.125
2.595
2.825
3.055
3.305
3.32
3.52
3.76
3.975
4.225
4.455
4.675
4.905
5.16
5.375
5.6
5.84
6.02
6.085
6.32
6.545
6.77
7.095
7.23
7.475
7.69
7.715
7.945
8.175
8.395
8.63
9.095
9.33
9.56
9.815
9.85
10.02
10.265
10.5
10.73
10.76
10.98
11.44
11.685
11.8
11.895
12.11
12.35
12.545
12.815
12.985
13.09
13.275
13.47
13.535
13.745
13.985
14.21
14.455
14.68
14.92
15.045
15.125
15.37
15.59
15.835
16.06
16.085
16.325
16.545
16.74
16.875
16.99
17.225
17.25
17.335
17.69
17.905
18.005
18.14
18.345
18.585
18.68
18.905
19.015
19.265
19.58
19.68
19.89
20.1
20.565
20.59
20.82
21.04
21.265
21.485
21.515
21.735
21.95
22.195
22.31
22.41
22.67
22.88
23.1
23.265
23.35
23.365
23.63
23.81
23.855
24.065
24.275
24.3
24.525
24.74
24.775
24.9
24.975
25.205
25.225
25.46
25.68
26.145
26.475
26.615
26.845
26.86
27.065
27.28
27.54
27.8
28.035
28.21
28.275
28.49
28.72
28.945
29.16
29.405
29.87
