0.215
0.345
0.46
0.685
1.075
1.565
1.84
2.0
2.26
2.45
2.685
2.875
3.1
3.125
3.33
3.355
3.595
3.775
4.035
4.235
4.47
4.665
4.925
5.125
5.39
5.56
5.835
6.015
6.265
6.46
6.695
6.915
7.215
7.365
7.605
7.8
7.92
8.055
8.25
8.51
8.965
9.14
9.42
9.585
9.84
10.02
10.27
10.46
10.68
10.92
11.16
11.365
11.585
11.625
11.795
12.07
12.225
12.465
12.69
12.915
12.98
13.17
13.345
13.55
13.79
13.975
14.01
14.235
14.44
14.65
14.715
14.88
15.115
15.15
15.33
15.565
15.755
15.78
16.02
16.205
16.455
16.67
16.88
16.945
17.085
17.305
17.53
17.72
17.97
18.22
18.41
18.58
18.64
18.795
18.845
19.065
19.185
19.275
19.735
19.985
20.19
20.21
20.415
20.625
20.86
21.025
21.095
21.3
21.51
21.755
21.78
21.95
22.215
22.39
22.635
22.845
23.045
23.26
23.955
24.15
24.39
24.6
24.78
24.845
25.04
25.275
25.45
25.49
25.695
25.9
25.935
26.09
26.31
26.56
26.77
27.005
27.185
27.43
27.635
27.85
28.075
28.53
28.77
29.0
29.19
29.21
29.415
29.63
29.725
29.84
