0.35
0.5
0.525
0.635
0.91
0.985
1.2
1.265
1.47
1.63
2.04
2.325
2.59
2.875
3.125
3.44
3.715
4.005
4.285
4.57
4.84
5.125
5.425
5.69
5.975
6.205
6.275
6.51
6.795
6.81
7.08
7.36
7.645
7.905
7.925
8.21
8.465
8.755
9.04
9.31
9.44
9.595
9.615
9.725
9.9
9.99
10.165
10.19
10.44
10.61
10.725
11.01
11.295
11.56
11.835
12.115
12.38
12.41
12.67
12.95
13.25
13.52
13.715
13.79
14.07
14.36
14.61
14.9
15.31
15.5
15.735
15.995
16.035
16.295
16.58
16.73
16.83
17.125
17.37
17.68
17.955
18.235
18.425
18.495
18.71
18.785
19.06
19.325
19.565
19.875
20.15
20.335
20.4
20.7
20.97
21.225
21.5
21.75
22.06
22.34
22.58
22.865
23.14
23.37
23.675
23.925
24.23
24.505
24.785
25.055
25.26
25.33
25.61
25.87
26.125
26.185
26.365
26.435
26.68
26.755
26.965
27.02
27.185
27.515
27.74
28.06
28.305
28.605
28.88
29.175
29.44
