0.13
0.265
0.305
0.595
0.75
0.97
1.085
1.24
1.53
1.56
1.725
2.035
2.08
2.205
2.25
2.525
2.71
3.01
3.18
3.26
3.505
3.66
3.995
4.165
4.49
4.605
4.96
4.98
5.115
5.135
5.375
5.46
5.6
5.88
5.92
6.07
6.405
6.565
6.86
7.08
7.36
7.425
7.52
7.845
8.04
8.325
8.48
8.82
8.845
8.875
8.99
9.295
9.445
9.7
9.795
10.255
10.42
10.725
10.75
10.895
11.21
11.225
11.245
11.37
11.71
11.865
12.185
12.345
12.57
12.685
12.84
12.975
13.12
13.32
13.445
13.64
13.845
14.115
14.53
14.605
15.075
15.105
15.23
15.565
15.72
15.75
16.06
16.21
16.54
16.695
16.745
16.98
17.045
17.185
17.52
17.595
17.695
18.06
18.17
18.46
18.5
18.645
18.995
19.135
19.485
19.63
19.685
19.965
20.115
20.295
20.45
20.595
20.625
20.795
20.945
21.09
21.405
21.575
21.895
22.065
22.23
22.35
22.52
22.565
22.855
22.92
23.005
23.025
23.355
23.5
23.815
24.005
24.285
24.31
24.455
24.675
24.795
24.95
25.265
25.435
25.74
25.91
25.945
26.085
26.215
26.38
26.72
26.875
27.205
27.37
27.53
27.68
27.835
28.015
28.145
28.31
28.625
28.8
29.09
29.295
29.58
