0.04
0.455
0.91
1.155
1.36
1.735
1.82
2.175
2.285
2.51
2.73
3.195
3.635
3.87
4.1
4.37
4.555
4.79
5.01
5.465
5.71
5.925
6.18
6.38
6.835
7.28
7.515
7.74
8.205
8.645
9.105
9.56
10.015
10.195
10.265
10.47
10.925
11.15
11.38
11.835
12.015
12.27
12.285
12.75
12.975
13.21
13.49
13.665
13.905
14.12
14.565
14.8
15.02
15.475
15.925
16.385
16.635
16.745
16.85
17.08
17.295
17.77
18.21
18.68
18.905
19.105
19.365
19.57
20.015
20.48
20.675
20.925
21.22
21.38
21.825
22.28
22.515
22.745
23.2
23.455
23.66
23.9
24.12
24.375
24.59
24.81
25.025
25.365
25.47
25.715
25.91
26.305
26.38
26.63
26.845
27.305
27.56
27.77
28.13
28.215
28.455
28.665
29.115
29.58
29.625
