0.09
0.215
0.525
0.55
0.855
0.88
1.07
1.18
1.38
1.54
1.75
1.85
2.03
2.075
2.205
2.405
2.52
2.84
3.175
3.39
3.72
3.84
4.045
4.195
4.335
4.51
4.82
4.85
5.04
5.17
5.365
5.495
5.835
6.025
6.185
6.505
6.735
6.845
7.165
7.375
7.495
7.7
7.805
8.01
8.075
8.14
8.48
8.72
8.825
9.025
9.165
9.305
9.495
9.675
9.805
10.02
10.15
10.345
10.465
10.66
10.805
11.02
11.11
11.145
11.445
11.775
11.965
12.125
12.325
12.435
12.665
13.12
13.33
13.435
13.775
13.965
14.135
14.31
14.43
14.63
14.65
14.78
14.985
15.09
15.33
15.445
15.63
15.745
16.1
16.405
16.74
17.045
17.06
17.255
17.27
17.615
17.735
17.96
18.26
18.38
18.575
18.71
19.035
19.305
19.375
19.585
19.7
19.88
20.25
20.35
20.55
20.575
20.695
20.865
21.005
21.21
21.335
21.66
22.0
22.315
22.515
22.82
22.885
22.965
23.21
23.31
23.54
23.63
23.955
24.22
24.285
24.47
24.635
24.82
24.945
25.175
25.475
25.59
25.83
25.945
25.97
26.14
26.245
26.465
26.585
26.795
26.9
27.11
27.245
27.56
27.75
27.79
28.215
28.43
28.55
28.74
28.855
29.06
29.19
29.515
29.545
29.855
