0.12
0.35
0.465
0.72
0.985
1.235
1.48
1.75
2.01
2.27
2.52
2.78
3.04
3.295
3.56
3.81
4.07
4.335
4.59
4.85
5.105
5.36
5.625
5.88
6.135
6.4
6.655
6.915
7.175
7.43
7.69
7.945
7.97
8.205
8.47
8.72
8.985
9.24
9.495
9.755
10.015
10.27
10.53
10.79
11.05
11.31
11.565
11.825
12.08
12.34
12.605
12.86
13.115
13.37
13.63
13.89
14.145
14.405
14.67
14.925
15.185
15.445
15.7
15.96
16.215
16.475
16.99
17.255
17.51
17.77
18.03
18.285
18.54
18.805
19.055
19.315
19.585
19.835
20.1
20.345
20.605
20.87
21.03
21.125
21.385
21.65
21.9
22.165
22.415
22.675
22.945
23.095
23.195
23.455
23.72
23.97
24.23
24.48
24.74
25.0
25.16
25.255
25.515
25.78
26.035
26.295
26.55
26.805
27.075
27.225
27.32
27.585
27.845
27.875
28.095
28.365
28.615
28.87
29.14
29.295
29.39
29.65
29.915
