0.09
0.45
0.64
0.815
1.01
1.165
1.52
1.55
1.72
1.9
2.265
2.46
2.49
2.615
2.98
3.22
3.335
3.515
3.69
4.055
4.08
4.26
4.425
4.605
4.78
5.03
5.14
5.505
5.87
6.065
6.225
6.48
6.64
6.785
6.945
7.315
7.485
7.675
8.03
8.145
8.225
8.3
8.39
8.585
8.73
8.95
9.115
9.32
9.4
9.485
9.83
10.04
10.19
10.56
11.285
11.655
12.01
12.355
12.73
12.915
13.09
13.27
13.46
13.815
14.01
14.115
14.175
14.54
14.905
15.265
15.62
15.79
15.98
16.345
16.705
17.07
17.435
17.48
17.8
18.095
18.165
18.515
18.73
18.88
19.235
19.46
19.96
20.33
20.69
21.05
21.405
21.805
21.98
22.14
22.51
22.765
22.855
23.225
23.58
23.985
24.3
24.66
24.705
25.035
25.75
26.125
26.48
26.825
27.18
27.55
27.93
28.285
28.635
29.005
29.365
29.735
