0.18
0.535
0.66
1.14
1.355
1.62
1.86
2.095
2.56
3.05
3.295
3.52
3.755
4.0
4.455
4.945
5.135
5.415
5.88
6.125
6.195
6.355
6.83
7.28
7.78
8.24
8.75
9.22
9.445
9.69
9.935
10.135
10.17
10.395
10.645
11.11
11.125
11.355
11.595
12.09
12.555
12.77
13.01
13.48
13.725
13.975
14.43
14.445
14.89
15.135
15.365
15.755
15.82
16.32
16.83
17.27
17.755
18.01
18.225
18.7
18.88
18.92
19.165
19.425
19.53
19.63
20.125
20.37
20.605
20.625
20.82
21.07
21.55
22.04
22.505
22.99
23.45
23.95
24.435
24.885
25.135
25.845
26.325
26.79
27.175
27.235
27.285
27.745
28.195
28.425
28.69
29.165
29.415
29.64
