0.615
1.275
1.91
2.425
3.04
3.245
3.675
3.895
3.975
4.09
4.23
4.565
4.89
5.235
5.87
6.54
7.185
7.24
7.55
7.795
7.86
7.92
8.225
8.29
8.33
8.52
8.58
9.06
9.16
9.175
9.405
9.5
9.845
10.18
10.495
10.915
11.15
11.815
12.165
12.48
12.745
12.835
13.01
13.425
13.535
13.66
13.785
14.015
14.15
14.47
15.015
15.12
15.14
15.465
15.77
16.43
16.715
16.79
17.09
17.44
17.515
17.745
18.09
18.16
18.4
18.445
18.91
19.055
19.2
19.575
19.78
20.345
20.675
21.0
21.655
22.075
22.32
22.61
22.69
22.845
23.005
23.045
23.24
23.58
23.94
24.315
24.515
24.73
24.97
25.565
25.97
26.29
26.95
27.62
29.33
29.675
29.69
