0.04
0.11
0.28
0.435
0.625
0.74
0.86
1.205
1.27
1.675
1.77
2.09
2.33
2.5
2.805
2.915
2.97
3.415
3.695
3.845
4.325
4.81
5.155
5.225
5.385
5.71
5.845
6.215
6.31
6.705
6.885
7.13
7.52
7.655
7.965
8.41
8.59
8.87
9.015
9.3
9.33
9.49
9.55
9.715
9.78
9.935
9.98
10.38
10.61
10.83
10.865
11.1
11.28
11.73
11.755
12.21
12.685
12.975
13.415
13.58
13.65
13.88
14.07
14.13
14.345
14.515
14.785
14.84
14.98
15.325
16.295
16.37
16.705
16.865
17.135
17.405
17.585
17.75
17.805
18.065
18.145
18.64
18.96
19.095
19.425
19.795
19.875
20.06
20.245
20.34
20.47
20.79
21.32
21.385
21.445
21.765
21.94
22.185
22.515
22.635
22.695
23.17
23.3
23.455
23.595
23.69
23.825
24.065
24.215
24.315
24.49
24.605
24.695
25.14
25.6
25.945
26.055
26.085
26.385
26.545
26.59
26.855
27.02
27.39
27.47
27.78
28.29
28.455
28.775
28.885
29.19
29.385
29.685
29.805
