0.25
0.565
0.745
0.9
1.23
1.42
1.57
1.905
2.08
2.24
2.41
2.565
2.745
2.895
3.24
3.42
3.58
3.75
4.245
4.56
4.74
4.885
5.06
5.095
5.215
5.385
5.545
5.605
5.865
6.045
6.21
6.23
6.375
6.52
6.695
6.835
7.16
7.345
7.5
7.67
7.995
8.17
8.49
8.66
8.825
8.995
9.14
9.315
9.41
9.475
9.8
9.965
10.13
10.3
10.46
10.645
10.785
11.12
11.295
11.435
11.605
11.76
11.94
12.085
12.415
12.595
12.755
12.92
13.07
13.405
13.74
14.24
14.39
14.565
14.72
14.77
15.05
15.24
15.385
15.555
15.715
16.04
16.38
16.55
16.705
16.875
17.025
17.205
17.355
17.69
17.885
18.03
18.2
18.35
18.585
18.695
19.015
19.195
19.345
19.52
19.675
19.88
20.015
20.35
20.685
20.86
21.015
21.34
21.675
21.855
22.005
22.185
22.335
22.515
22.665
22.985
23.185
23.325
23.505
23.66
24.005
24.52
24.675
25.015
25.21
25.35
25.68
25.995
26.025
26.21
26.35
26.665
26.7
27.015
27.18
27.34
27.665
27.84
27.995
28.315
28.495
28.655
28.815
28.9
28.985
29.32
