0.61
0.63
1.27
1.56
1.76
1.79
1.865
2.045
2.16
2.32
2.44
2.75
3.03
3.08
3.36
3.5
3.63
3.93
3.955
3.97
4.185
4.23
4.52
4.545
4.575
4.815
5.105
5.445
5.62
6.03
6.05
6.36
6.555
6.94
6.975
7.25
7.555
7.87
8.05
8.47
8.975
9.04
9.385
9.675
9.95
9.975
10.175
10.275
10.57
10.86
11.175
11.475
11.685
11.78
12.07
12.42
12.655
12.875
12.975
13.145
13.265
13.515
13.815
13.87
14.035
14.14
14.165
14.3
14.455
14.725
14.765
15.06
15.36
15.655
15.945
16.24
16.275
16.55
16.86
17.165
17.465
17.51
17.765
17.81
18.075
18.38
18.68
18.71
18.985
19.19
19.275
19.585
19.635
19.88
20.185
20.385
20.47
20.785
20.98
21.01
21.09
21.295
21.385
21.405
21.615
21.69
21.99
22.285
22.585
22.895
23.19
23.3
23.5
23.795
24.09
24.39
24.485
24.695
24.995
25.295
25.6
25.9
25.965
26.23
26.5
26.56
26.81
26.84
27.115
27.41
27.72
28.02
28.21
28.315
28.51
28.62
28.905
29.22
29.51
