0.17
0.2
0.435
0.47
0.53
0.695
0.945
1.085
1.205
1.4
1.47
1.59
1.69
1.84
1.96
2.19
2.37
2.485
2.675
2.74
2.865
2.915
2.995
3.125
3.35
3.42
3.51
3.625
3.755
3.895
4.01
4.25
4.51
4.745
4.77
5.03
5.285
5.4
5.455
5.54
5.795
6.045
6.17
6.32
6.555
6.6
6.685
6.805
6.945
7.07
7.215
7.325
7.575
7.71
7.83
8.095
8.34
8.615
8.845
9.095
9.12
9.365
9.4
9.61
9.745
9.875
10.125
10.355
10.405
10.55
10.64
10.765
10.895
11.025
11.155
11.305
11.4
11.54
11.665
11.77
11.79
11.915
12.075
12.17
12.415
12.675
12.94
13.19
13.21
13.465
13.64
13.735
13.855
13.885
13.965
14.115
14.22
14.46
14.725
14.75
14.975
15.11
15.24
15.37
15.495
15.75
15.875
16.0
16.125
16.215
16.24
16.5
16.765
16.885
17.02
17.265
17.315
17.505
17.67
17.78
17.9
18.045
18.28
18.525
18.655
18.805
19.065
19.195
19.315
19.4
19.465
19.56
19.695
19.8
19.83
19.955
20.09
20.21
20.34
20.485
20.585
20.845
20.985
21.095
21.25
21.35
21.48
21.61
21.77
21.86
22.02
22.125
22.295
22.37
22.505
22.625
22.775
22.885
23.135
23.275
23.395
23.54
23.655
23.67
23.77
23.92
24.035
24.17
24.3
24.425
24.545
24.675
24.7
24.81
24.925
25.025
25.19
25.44
25.695
25.875
25.97
26.195
26.465
26.72
26.975
27.125
27.24
27.365
27.495
27.645
27.73
27.88
28.125
28.225
28.26
28.38
28.505
28.635
28.755
28.78
29.01
29.19
29.27
29.455
29.52
29.545
29.76
