0.415
0.86
1.04
1.24
1.67
1.705
1.86
2.175
2.28
2.98
3.63
3.885
4.01
4.23
4.335
4.72
4.955
5.355
5.425
5.625
6.095
6.225
6.255
6.295
6.87
7.02
7.835
7.885
8.035
8.265
8.765
8.79
9.12
9.435
9.855
9.925
10.325
10.68
10.755
11.945
12.155
12.355
12.76
12.965
13.355
13.555
13.75
13.93
14.35
14.56
14.935
15.19
15.445
15.54
15.925
16.145
17.11
17.51
18.21
18.3
18.58
18.72
19.42
19.515
19.74
19.94
20.015
20.355
20.885
21.265
21.53
21.795
21.945
22.375
23.085
23.445
23.835
24.025
24.59
25.15
25.345
25.425
25.5
25.54
25.71
25.725
26.295
26.66
26.85
27.255
27.39
27.645
27.775
28.575
28.95
29.135
29.54
