0.535
0.835
1.005
1.315
1.49
1.91
1.975
2.265
2.42
2.69
2.73
2.825
3.375
4.165
4.31
4.61
4.635
5.26
6.045
6.2
6.475
6.595
6.945
7.15
7.45
7.93
8.115
8.385
8.57
8.905
9.045
9.53
9.625
9.79
9.96
10.25
10.445
10.6
10.67
10.91
11.17
11.445
11.525
11.645
11.8
12.065
12.085
12.285
12.685
12.76
13.13
13.51
13.685
13.915
14.155
14.415
14.625
14.885
15.26
15.41
15.585
15.835
15.865
16.015
16.055
16.52
16.735
17.135
17.285
17.455
17.72
17.74
17.935
18.3
18.395
18.595
18.675
19.145
19.315
19.575
19.775
19.92
20.075
20.23
20.38
20.515
20.665
20.82
20.96
21.1
21.24
21.385
21.525
21.555
21.87
22.03
22.345
22.515
22.82
22.845
23.0
23.275
23.51
23.79
23.965
24.23
24.405
24.78
24.925
25.215
25.335
25.4
25.69
25.865
26.155
26.175
26.355
26.635
26.66
26.82
27.105
27.3
27.32
27.625
27.765
28.08
28.265
28.485
28.55
28.73
29.01
29.22
29.705
