0.07
0.285
0.505
0.73
0.965
1.195
1.38
1.41
1.635
1.87
2.03
2.095
2.315
2.535
2.785
3.01
3.235
3.45
3.685
3.905
4.135
4.355
4.565
4.82
5.015
5.255
5.495
5.72
5.935
6.165
6.37
6.615
6.84
7.065
7.295
7.52
7.745
7.965
8.205
8.425
8.62
8.655
8.745
8.875
9.115
9.34
9.445
9.57
9.78
10.015
10.235
10.455
10.68
10.895
11.14
11.345
11.585
11.775
11.905
12.05
12.27
12.49
12.725
12.96
13.195
13.405
13.645
13.88
14.09
14.315
14.545
14.64
14.775
14.97
15.1
15.23
15.41
15.465
15.69
15.905
16.135
16.375
16.6
16.825
17.035
17.27
17.49
17.71
17.94
18.15
18.395
18.625
18.85
19.07
19.185
19.295
19.525
19.75
19.965
20.205
20.655
20.855
21.12
21.335
21.55
21.78
22.015
22.255
22.45
22.7
22.935
23.11
23.15
23.38
23.605
23.84
24.295
24.54
24.755
24.97
25.2
25.425
25.66
25.89
26.1
26.34
26.565
26.79
27.015
27.245
27.34
27.4
27.725
27.925
28.165
28.335
28.375
28.605
28.67
28.83
29.07
29.29
29.485
29.525
29.74
