0.255
0.405
0.45
0.59
0.94
1.23
1.42
1.58
1.905
2.075
2.11
2.215
2.255
2.445
2.565
2.9
3.07
3.225
3.53
3.575
3.87
4.05
4.225
4.375
4.54
4.7
4.87
5.205
5.51
5.685
5.86
6.185
6.365
6.48
6.675
6.745
6.835
7.005
7.155
7.335
7.48
7.815
8.17
8.285
8.32
8.48
8.79
8.955
9.13
9.285
9.425
9.445
9.745
9.77
10.09
10.435
10.75
10.935
11.04
11.105
11.435
11.51
11.645
11.715
11.905
12.09
12.405
12.55
12.685
12.725
12.84
13.045
13.365
13.395
13.54
13.68
14.025
14.335
14.485
14.665
14.98
15.135
15.28
15.44
15.64
15.955
16.12
16.285
16.62
16.905
17.085
17.255
17.525
17.585
17.73
17.895
18.065
18.235
18.56
18.875
19.215
19.375
19.7
19.865
20.04
20.185
20.36
20.53
20.865
21.07
21.18
21.37
21.465
21.535
21.85
22.16
22.315
22.49
22.8
22.955
23.125
23.465
23.79
23.94
24.095
24.435
24.54
24.735
24.905
25.075
25.395
25.545
25.72
26.045
26.36
26.53
26.685
27.03
27.33
27.5
27.67
27.985
28.14
28.29
28.32
28.51
28.595
28.635
28.915
28.945
29.115
29.275
29.59
29.78
29.9
