0.115
0.27
0.43
0.75
0.995
1.065
1.38
1.65
1.685
2.0
2.15
2.3
2.565
2.64
2.75
3.195
3.255
3.39
3.5
3.795
3.825
4.07
4.115
4.415
4.715
5.005
5.155
5.26
5.325
5.63
5.92
6.09
6.18
6.25
6.515
6.835
7.16
7.48
7.605
7.765
8.385
8.555
8.69
8.835
9.0
9.29
9.6
9.775
9.92
10.055
10.17
10.515
10.765
10.835
11.14
11.19
11.375
11.46
11.745
11.76
12.06
12.23
12.38
12.52
12.535
12.65
12.985
13.28
13.47
13.575
13.855
13.875
14.175
14.205
14.475
14.655
14.78
15.05
15.57
15.93
15.965
16.39
16.47
16.845
17.185
17.485
18.14
18.445
18.59
18.74
18.925
19.04
19.33
19.35
19.675
19.835
19.97
20.295
20.47
20.6
20.92
21.075
21.22
21.4
21.52
21.815
22.135
22.305
22.425
22.76
22.92
23.06
23.375
23.69
23.85
23.98
24.015
24.225
24.295
24.605
24.76
24.9
25.215
25.385
25.52
25.83
25.97
26.12
26.275
26.42
26.565
26.7
27.01
27.075
27.165
27.3
27.325
27.63
27.86
27.945
28.255
28.41
28.54
28.71
28.855
29.13
29.16
29.33
