0.23
0.38
0.545
0.695
0.855
1.005
1.19
1.325
1.55
1.875
2.145
2.265
2.44
2.61
2.765
2.84
3.08
3.225
3.71
4.16
4.485
4.64
4.745
4.82
4.96
5.1
5.45
5.61
5.745
6.035
6.1
6.38
6.505
6.535
6.665
6.82
6.965
7.145
7.285
7.335
7.445
7.59
7.75
7.905
8.085
8.225
8.415
8.525
8.71
8.84
8.87
9.17
9.47
9.775
10.11
10.255
10.4
10.555
10.695
11.06
11.18
11.355
11.645
11.97
11.985
12.16
12.33
12.455
12.585
12.685
13.105
13.395
13.55
13.745
13.855
13.905
14.02
14.185
14.33
14.36
14.49
14.83
14.965
15.41
15.59
15.745
15.885
16.045
16.2
16.305
16.365
16.57
16.84
16.995
17.15
17.3
17.675
17.93
18.09
18.235
18.565
18.715
18.87
19.025
19.16
19.48
19.68
19.8
19.955
20.105
20.43
20.59
20.735
20.88
21.03
21.37
21.505
21.67
21.825
21.985
22.15
22.29
22.455
22.76
22.925
23.08
23.23
23.385
23.54
23.705
23.84
23.86
24.535
24.805
25.12
25.585
25.73
26.53
26.665
27.02
27.475
27.62
28.13
28.295
28.55
29.19
29.35
29.5
