0.33
0.7
0.875
0.905
1.035
1.39
1.65
1.73
2.11
2.81
3.15
3.5
3.605
3.67
3.835
3.92
4.225
4.545
4.65
4.775
4.91
5.045
5.265
5.32
5.595
6.0
6.325
6.44
6.695
7.06
7.385
7.44
7.73
8.455
8.835
9.205
9.355
9.445
9.515
9.715
10.15
10.945
11.37
11.535
11.675
12.015
12.235
12.37
12.73
13.075
13.36
13.445
14.1
14.17
14.525
14.845
15.02
15.2
15.735
15.865
15.905
16.245
16.445
16.63
16.99
17.355
17.725
18.065
18.43
18.75
19.085
19.37
19.47
19.71
19.825
20.185
20.445
20.56
20.915
21.24
21.585
21.815
21.96
22.245
22.305
22.71
23.035
23.395
23.735
23.75
24.435
24.805
25.155
25.445
25.49
25.86
26.2
26.405
26.56
26.92
27.22
27.28
27.45
27.61
27.925
28.0
28.315
29.065
29.435
29.77
29.985
