0.085
0.38
0.64
0.88
1.145
1.4
1.66
1.92
2.17
2.415
2.685
2.95
3.19
3.455
3.705
3.95
4.22
4.465
4.71
4.955
5.225
5.48
5.74
5.995
6.255
6.495
6.77
6.895
7.27
7.51
7.78
8.025
8.29
8.53
8.785
8.925
9.035
9.3
9.55
9.69
9.8
10.05
10.185
10.315
10.56
10.815
10.96
11.095
11.34
11.485
11.585
11.85
12.09
12.35
12.605
12.845
13.015
13.11
13.36
13.545
13.795
13.87
14.135
14.25
14.375
14.635
14.89
15.16
15.41
15.685
15.915
16.16
16.41
16.665
16.91
17.075
17.445
17.705
17.885
17.955
18.225
18.365
18.48
18.73
18.99
19.13
19.245
19.505
19.75
20.015
20.255
20.5
20.76
21.005
21.175
21.255
21.535
21.8
21.94
22.04
22.225
22.56
22.82
23.08
23.325
23.58
23.83
24.095
24.335
24.595
24.765
24.855
25.1
25.37
25.615
25.875
26.12
26.64
26.88
27.155
27.4
27.645
27.665
27.93
28.155
28.415
28.665
28.915
29.16
29.425
29.685
29.95
