0.81
1.07
1.335
1.615
1.855
2.125
2.395
2.645
2.905
3.42
3.685
3.94
4.205
4.47
4.73
4.995
5.255
5.52
5.775
6.055
6.285
6.31
6.735
6.79
6.85
7.625
7.89
8.035
8.095
8.425
8.67
8.935
9.47
9.72
9.98
10.245
10.42
10.515
10.745
11.115
11.835
12.02
12.335
13.145
13.66
13.93
14.205
14.455
14.63
14.72
14.885
15.25
15.47
16.025
16.14
16.315
16.58
16.795
16.995
17.145
17.35
17.49
17.605
18.13
18.39
18.435
18.655
18.915
18.945
19.155
19.5
19.735
19.75
20.145
20.77
21.025
21.555
21.805
22.095
22.355
22.525
22.615
22.875
23.01
23.135
23.4
23.67
24.445
24.94
24.985
25.235
25.76
25.9
26.03
26.28
26.545
26.81
27.06
27.17
27.365
27.6
27.91
28.13
28.645
28.97
29.215
29.845
