0.29
0.59
1.2
1.36
1.59
1.795
1.84
2.13
2.3
2.44
2.73
3.055
3.225
3.35
3.52
3.69
3.96
4.27
4.585
5.525
6.45
6.765
7.085
7.995
8.54
8.61
8.795
8.925
9.17
9.2
9.505
9.825
10.09
10.265
10.54
10.705
10.92
11.3
11.525
11.845
11.91
12.535
12.69
12.96
13.135
13.62
13.75
14.025
14.37
14.635
14.975
15.14
15.575
15.865
16.19
16.8
17.075
17.195
17.265
17.42
17.73
17.91
18.03
18.2
18.26
18.415
18.615
18.745
18.93
19.235
19.53
19.855
20.14
20.36
20.465
20.665
20.77
20.925
21.355
21.675
21.945
22.105
22.265
22.57
22.795
22.885
23.155
23.18
23.335
23.485
23.78
24.09
24.395
24.675
24.99
26.07
26.15
26.985
27.265
27.42
28.655
29.905
