0.24
0.7
1.16
1.41
1.655
1.87
2.125
2.33
2.59
2.815
2.965
3.075
3.32
3.51
3.545
3.76
4.0
4.16
4.46
4.695
4.945
5.135
5.47
5.645
5.89
6.115
6.345
6.58
6.815
7.33
7.355
7.535
7.78
8.255
8.51
8.74
9.005
9.42
9.68
9.92
10.13
10.37
10.62
10.94
11.09
11.315
11.56
12.03
12.295
12.52
12.77
13.21
13.46
13.675
13.92
14.14
14.38
14.705
14.85
15.09
15.32
15.345
15.795
16.065
16.3
16.535
16.99
17.235
17.405
17.47
17.7
17.935
18.165
18.69
19.155
19.665
19.905
20.13
20.38
20.635
20.86
21.115
21.325
21.58
22.06
22.535
22.765
23.015
23.225
23.445
23.555
23.665
23.905
24.195
24.41
24.63
24.895
25.13
25.37
25.585
25.77
25.84
26.08
26.325
26.545
26.8
27.04
27.28
27.505
27.53
27.745
27.995
28.225
28.45
28.505
28.685
28.925
29.16
29.34
29.625
