0.19
0.705
0.975
1.245
1.51
1.76
2.045
2.295
2.57
2.82
3.085
3.35
3.365
3.885
4.2
4.425
4.6
4.945
5.195
5.235
5.485
5.74
6.005
6.285
6.545
6.805
7.065
7.33
7.605
7.87
8.115
8.66
8.925
9.185
9.455
9.72
9.96
10.165
10.235
10.47
10.515
10.775
11.045
11.305
11.545
11.58
11.835
12.345
12.875
13.155
13.405
13.665
13.845
13.935
14.085
14.275
14.46
14.98
15.26
15.52
15.705
15.785
16.045
16.565
17.1
17.365
17.625
17.89
18.16
18.36
18.68
18.945
18.98
19.21
19.47
19.745
19.995
20.27
20.52
20.775
21.3
21.58
21.835
22.1
22.365
22.61
22.875
23.26
23.405
23.615
23.685
23.94
24.205
24.475
24.91
24.99
25.3
25.51
25.775
25.81
26.025
26.29
26.555
26.705
26.95
27.035
27.07
27.295
27.335
27.58
27.9
28.46
28.695
28.99
29.51
29.76
