0.03
0.315
0.575
0.865
1.105
1.16
1.41
1.67
2.23
2.525
2.8
3.1
3.345
3.635
3.675
3.92
4.195
4.465
4.755
5.035
5.325
5.575
5.855
6.125
6.405
6.425
6.67
6.955
7.23
7.525
7.77
8.07
8.325
8.645
8.755
8.9
9.14
9.42
9.665
9.69
9.95
9.97
10.225
10.475
10.75
10.78
11.015
11.3
11.565
11.83
11.875
11.95
12.11
12.375
12.395
12.565
12.65
12.935
13.19
13.475
13.72
13.995
14.255
14.8
15.075
15.325
15.615
15.87
16.13
16.17
16.415
16.695
16.945
17.235
17.48
17.67
18.025
18.29
18.545
18.8
19.08
19.355
19.6
19.625
19.895
20.14
20.405
20.68
20.95
21.085
21.215
21.235
21.425
21.545
21.76
22.06
22.295
22.61
22.795
22.875
23.15
23.29
23.45
23.9
24.02
24.29
24.46
25.03
25.105
25.39
25.545
25.565
25.675
25.945
26.2
26.47
26.755
27.03
27.225
27.295
27.58
27.855
28.395
28.67
28.96
29.235
29.495
29.77
