0.02
0.15
0.385
0.63
0.71
0.77
0.865
1.095
1.335
1.56
1.7
1.72
1.805
2.04
2.275
2.51
2.64
2.755
2.985
3.225
3.46
3.59
3.705
3.935
4.175
4.405
4.535
4.645
4.78
4.875
5.12
5.245
5.28
5.375
5.42
5.475
5.59
5.71
5.82
6.065
6.3
6.435
6.54
6.775
7.01
7.04
7.155
7.255
7.375
7.49
7.615
7.72
7.96
8.195
8.285
8.335
8.435
8.66
8.9
9.14
9.26
9.375
9.605
9.845
10.08
10.21
10.33
10.555
10.795
10.915
11.035
11.15
11.28
11.5
11.735
11.985
12.21
12.675
12.795
12.93
13.05
13.155
13.275
13.4
13.51
13.735
13.86
14.005
14.105
14.265
14.34
14.585
14.735
14.82
14.985
15.05
15.285
15.525
15.695
15.76
15.885
16.0
16.12
16.23
16.47
16.595
16.715
16.83
16.855
16.945
17.095
17.185
17.285
17.42
17.655
17.805
17.895
18.135
18.36
18.49
18.595
18.72
18.755
18.84
19.07
19.315
19.55
19.675
19.785
19.935
20.02
20.035
20.175
20.255
20.495
20.53
20.625
20.645
20.725
20.965
21.2
21.41
21.44
21.57
21.675
21.84
21.915
22.155
22.39
22.42
22.515
22.62
22.855
22.89
23.095
23.325
23.455
23.575
23.67
23.735
23.8
24.04
24.2
24.28
24.305
24.4
24.515
24.62
24.745
24.89
24.985
25.22
25.46
25.7
25.93
25.955
26.07
26.17
26.32
26.405
26.64
26.695
26.885
27.115
27.25
27.485
27.585
27.825
27.95
28.065
28.185
28.3
28.53
28.77
29.01
29.14
29.25
29.48
29.715
29.75
29.885
