0.295
0.39
0.795
1.02
1.175
1.395
1.565
1.77
1.94
2.15
2.315
2.53
2.685
2.705
3.06
3.275
3.455
3.495
3.7
3.855
4.01
4.2
4.625
4.965
5.025
5.38
5.575
5.635
5.78
5.965
6.1
6.16
6.505
6.575
6.735
6.78
6.895
6.935
7.11
7.315
7.51
7.67
7.885
8.05
8.25
8.275
8.42
8.635
8.69
8.805
8.995
9.025
9.175
9.365
9.54
9.58
9.73
9.77
9.915
10.13
10.295
10.485
10.51
10.665
10.875
11.045
11.24
11.255
11.415
11.635
11.79
11.815
12.16
12.385
12.545
12.745
12.775
12.92
13.14
13.305
13.33
13.555
13.68
13.895
13.92
14.065
14.275
14.45
14.66
14.71
14.835
15.05
15.08
15.21
15.38
15.445
15.605
15.835
15.98
16.195
16.385
16.59
16.67
16.76
16.97
17.135
17.52
17.655
17.72
17.74
17.9
17.925
18.115
18.145
18.275
18.49
18.515
18.655
18.865
19.035
19.235
19.285
19.42
19.63
19.785
20.01
20.06
20.175
20.375
20.55
20.76
20.81
20.93
21.18
21.29
21.515
21.68
21.745
22.08
22.285
22.435
22.475
22.68
22.815
23.03
23.19
23.43
23.565
23.78
23.96
24.005
24.185
24.335
24.56
24.715
24.92
25.095
25.305
25.475
25.7
25.845
26.055
26.22
26.435
26.595
26.83
26.985
27.015
27.2
27.255
27.36
27.57
27.585
27.73
27.955
28.115
28.325
28.5
28.72
28.88
29.105
29.265
29.535
29.655
29.695
29.8
29.84
