0.275
0.51
0.84
1.41
1.695
1.98
2.255
2.55
2.825
2.98
3.115
3.41
3.685
3.97
4.265
4.535
4.835
5.1
5.4
5.77
5.965
6.27
6.555
6.84
7.12
7.41
7.695
7.985
8.26
8.555
8.85
9.13
9.415
9.7
9.995
10.29
10.58
11.175
11.465
11.6
11.74
12.025
12.325
12.615
12.9
13.355
13.485
13.77
14.045
14.335
14.625
14.905
15.13
15.2
15.265
15.495
15.555
15.775
16.065
16.145
16.34
16.62
16.915
17.425
17.495
17.83
18.08
18.365
18.635
18.92
19.22
19.51
19.775
20.33
20.35
20.645
20.91
21.215
21.49
21.53
21.795
22.06
22.35
22.635
22.895
23.215
23.5
23.545
23.79
24.02
24.045
24.07
24.345
24.64
24.935
25.235
25.495
25.795
26.065
26.345
26.625
26.92
27.205
27.495
27.765
28.025
28.14
28.315
28.635
28.915
29.495
