0.26
0.425
0.76
0.93
1.095
1.26
1.315
1.445
1.62
1.915
2.095
2.32
2.465
2.99
3.01
3.145
3.495
3.635
3.805
4.035
4.065
4.13
4.185
4.325
4.35
4.81
5.18
5.365
5.53
5.68
5.855
6.21
6.4
6.865
7.05
7.515
7.88
8.05
8.175
8.365
8.51
8.535
8.87
9.005
9.075
9.38
9.61
9.75
10.23
10.58
10.77
10.88
11.09
11.245
11.43
11.6
11.765
12.09
12.255
12.42
12.575
12.755
12.895
13.105
13.27
13.435
13.605
13.78
13.935
14.29
14.455
14.61
14.775
14.94
15.115
15.43
15.565
15.745
15.905
16.225
16.425
16.555
16.9
17.075
17.205
17.405
17.58
17.71
18.02
18.345
18.485
18.805
18.99
19.14
19.47
19.655
19.785
19.975
20.155
20.27
20.585
20.9
20.915
21.05
21.37
21.555
21.705
22.095
22.35
22.55
22.83
23.145
23.47
23.61
23.925
24.13
24.165
24.265
24.59
24.79
24.92
25.235
25.415
25.74
25.875
26.22
26.545
26.74
26.875
27.07
27.225
27.305
27.385
27.53
27.745
27.855
28.025
28.26
28.485
28.83
29.165
29.24
29.335
29.47
