0.36
0.495
0.845
1.17
1.495
1.815
1.84
2.145
2.335
2.485
2.665
2.82
2.96
3.105
3.445
3.77
4.095
4.405
4.75
4.905
5.07
5.23
5.4
5.55
5.695
5.87
6.035
6.205
6.38
6.515
6.67
6.99
7.335
7.655
7.82
7.98
8.135
8.26
8.31
8.495
8.62
8.94
8.965
9.11
9.155
9.61
9.94
10.28
10.435
10.465
10.6
10.765
10.91
10.94
11.245
11.585
11.925
12.22
12.28
12.585
12.92
13.07
13.105
13.245
13.38
13.545
13.9
14.105
14.535
14.835
14.865
15.185
15.5
15.55
15.725
15.85
16.005
16.14
16.49
16.825
17.14
17.445
17.485
17.805
18.12
18.305
18.465
18.625
18.745
19.115
19.31
19.43
19.765
20.09
20.43
20.74
20.95
21.26
21.285
21.38
21.74
21.92
22.03
22.28
22.395
22.71
23.05
23.35
23.395
23.575
23.68
23.705
23.865
23.99
24.34
24.575
24.655
25.005
25.305
25.335
25.54
25.65
25.89
25.975
26.175
26.305
26.595
26.965
27.155
27.29
27.485
27.63
27.945
28.295
28.615
28.825
28.96
29.11
29.265
29.48
29.62
