0.33
0.545
1.06
2.065
2.31
2.37
2.56
3.07
4.075
4.36
4.57
5.085
6.085
6.575
7.095
7.58
8.095
8.335
8.475
8.59
9.1
9.405
9.61
10.105
10.385
10.6
10.635
11.11
11.725
12.115
12.38
12.61
12.66
13.125
13.76
13.98
14.125
14.615
14.66
15.135
15.62
16.135
16.485
16.63
16.965
17.125
17.465
17.63
17.97
18.13
18.475
18.635
18.965
19.13
19.475
19.64
19.98
20.135
20.5
20.645
20.985
21.14
21.485
21.65
21.985
22.145
22.49
22.515
22.655
23.0
23.15
23.5
23.66
23.995
24.02
24.155
24.5
24.665
25.005
25.16
25.505
25.67
26.005
26.165
26.52
26.67
27.01
27.17
27.515
27.675
28.015
28.175
28.53
28.555
28.685
29.025
29.18
29.525
29.685
29.985
