0.185
0.42
0.56
0.75
0.92
1.11
1.365
1.94
2.14
2.325
2.52
2.55
3.11
3.54
3.705
3.73
4.035
4.09
4.91
5.165
5.3
5.485
6.08
6.265
6.66
7.065
7.235
7.265
7.64
7.835
8.235
8.435
8.47
8.81
9.035
10.005
10.22
10.61
10.82
11.235
11.405
11.795
11.98
12.02
12.625
13.015
13.23
13.59
14.165
14.405
14.735
15.025
15.285
15.59
15.9
16.005
16.23
16.835
17.11
17.4
17.46
17.78
18.03
18.4
18.63
19.025
19.235
19.615
19.845
20.255
20.27
20.42
20.48
20.855
20.875
21.04
21.475
21.685
22.015
22.26
23.165
23.23
23.455
23.795
24.0
24.405
24.605
25.16
25.615
25.79
26.39
26.605
26.76
27.005
27.575
27.805
27.965
28.08
28.15
28.325
28.55
29.315
29.485
