0.47
0.89
1.12
1.33
1.75
1.985
2.185
2.41
2.61
2.84
3.05
3.265
3.46
3.69
3.89
4.1
4.25
4.325
4.765
5.205
5.425
5.645
6.075
6.505
6.725
6.92
7.145
7.35
7.52
7.725
7.795
7.965
8.04
8.235
8.45
8.65
8.885
9.1
9.515
9.75
9.96
10.175
10.37
10.61
10.82
11.245
11.685
12.105
12.335
12.545
12.97
13.415
13.65
13.83
13.885
14.07
14.155
14.28
14.315
14.71
15.15
15.385
15.57
15.8
16.0
16.43
16.655
16.865
17.085
17.285
17.505
17.71
18.145
18.395
18.435
18.585
19.025
19.25
19.465
19.895
20.335
20.555
20.66
20.755
20.98
21.19
21.365
21.62
22.065
22.27
22.48
22.71
22.915
23.145
23.345
23.55
23.78
24.025
24.205
24.44
24.645
25.085
25.31
25.525
25.69
25.945
26.18
26.395
26.83
27.075
27.27
27.295
27.5
27.69
27.92
28.13
28.175
28.345
28.555
28.79
29.01
29.16
29.435
29.88
