0.225
0.48
0.725
0.99
1.25
1.51
1.77
2.0
2.32
2.555
2.805
3.07
3.35
3.385
3.59
3.845
4.105
4.62
4.87
5.01
5.14
5.39
5.655
5.91
6.175
6.45
6.695
6.945
7.2
7.475
7.73
7.985
8.245
8.51
8.755
9.02
9.275
9.79
10.315
10.58
10.725
10.81
11.07
11.615
11.73
11.84
12.105
12.615
12.875
13.095
13.355
13.63
13.885
14.145
14.405
14.66
14.92
15.18
15.445
15.71
15.98
16.235
16.49
16.775
17.015
17.27
17.535
17.785
18.06
18.315
18.58
18.77
18.84
19.105
19.355
19.625
19.875
20.15
20.395
20.66
20.925
21.185
21.435
21.695
22.22
22.48
22.75
23.255
23.52
23.785
24.31
24.56
24.825
25.35
25.61
25.865
26.38
26.895
27.175
27.31
27.395
27.64
27.7
28.18
28.295
28.415
28.665
29.2
29.455
29.68
29.94
