0.02
0.26
0.445
0.84
1.105
1.435
1.71
2.08
2.24
2.37
2.975
3.415
3.605
4.0
4.275
4.78
4.915
5.325
5.52
5.55
6.165
6.585
6.795
6.835
7.005
7.26
7.435
7.775
8.08
8.33
8.72
9.175
9.4
9.645
10.005
10.265
10.335
10.635
10.69
10.79
11.005
11.2
11.295
11.985
12.28
12.59
12.82
13.01
13.115
13.22
13.555
13.875
14.295
14.52
14.75
14.955
15.14
15.155
15.605
15.81
16.265
16.445
16.95
17.06
17.1
17.51
17.57
17.735
18.07
18.41
18.58
18.835
19.0
19.645
20.085
20.255
20.28
20.93
21.295
21.55
22.195
22.655
22.84
23.115
23.34
23.48
23.735
23.755
23.875
23.945
24.125
24.785
25.19
25.445
25.755
25.825
26.08
26.365
26.585
26.615
26.695
27.33
27.745
28.0
28.405
28.605
28.91
29.12
29.23
29.865
29.9
