0.115
0.255
0.51
0.65
0.765
1.025
1.28
1.425
1.55
1.68
1.805
2.085
2.19
2.315
2.45
2.565
2.72
2.84
3.105
3.355
3.615
3.755
3.885
4.145
4.27
4.405
4.66
4.805
4.91
5.175
5.435
5.57
5.7
5.835
5.96
6.09
6.22
6.345
6.475
6.5
6.61
6.74
6.875
7.0
7.125
7.25
7.375
7.495
7.845
7.915
8.03
8.3
8.415
8.535
8.835
8.965
9.075
9.36
9.585
9.865
10.11
10.26
10.35
10.495
10.635
10.88
11.025
11.15
11.415
11.66
11.71
11.89
11.945
12.19
12.465
12.575
12.705
12.965
13.125
13.225
13.485
13.615
13.74
13.865
14.025
14.265
14.415
14.53
14.655
14.795
14.915
15.055
15.17
15.295
15.55
15.805
16.335
16.61
16.725
16.85
17.11
17.275
17.375
17.665
17.89
18.175
18.42
18.57
18.68
18.805
18.935
19.07
19.21
19.325
19.45
19.715
19.965
20.235
20.3
20.495
20.76
20.88
21.005
21.27
21.43
21.525
21.685
21.795
21.92
22.055
22.185
22.335
22.575
22.72
22.835
22.965
23.09
23.22
23.38
23.475
23.61
23.855
23.985
24.11
24.33
24.515
24.64
24.91
25.025
25.155
25.3
25.415
25.555
25.675
25.935
26.085
26.195
26.33
26.465
26.595
26.725
26.87
26.985
27.105
27.235
27.255
27.365
27.485
27.625
27.75
28.01
28.27
28.405
28.535
28.675
28.795
29.065
29.125
29.19
29.32
29.58
29.73
29.84
