0.415
0.48
0.585
0.69
0.86
1.125
1.215
1.29
1.505
1.745
1.955
2.135
2.205
2.29
2.495
2.78
2.89
2.99
3.105
3.175
3.275
3.41
3.46
3.595
3.7
3.905
4.155
4.185
4.345
4.49
4.715
4.905
5.395
5.515
5.685
5.855
5.985
6.005
6.12
6.32
6.43
6.57
6.64
6.775
6.91
7.025
7.065
7.315
7.715
7.81
7.925
8.02
8.095
8.2
8.345
8.525
8.98
9.185
9.34
9.485
9.73
10.1
10.22
10.315
10.415
10.695
10.84
10.94
11.13
11.395
11.605
11.755
11.895
12.03
12.145
12.255
12.51
12.635
12.755
12.925
13.06
13.105
13.35
13.605
13.745
13.81
14.02
14.16
14.265
14.33
14.555
14.655
14.885
14.995
15.055
15.165
15.245
15.665
15.77
16.11
16.225
16.515
16.675
16.97
17.065
17.235
17.325
17.465
17.58
17.745
17.825
17.925
18.025
18.18
18.515
18.63
19.09
19.165
19.385
19.7
19.875
19.995
20.165
20.275
20.32
20.435
20.59
20.915
21.045
21.34
21.55
21.565
21.8
22.115
22.3
22.405
22.575
22.615
22.715
22.86
23.0
23.325
23.455
23.485
23.955
24.21
24.55
24.71
24.815
24.875
25.155
25.41
25.475
25.745
25.875
25.935
26.325
26.625
26.72
26.87
26.955
27.125
27.23
27.4
27.59
27.695
27.83
27.9
28.185
28.285
28.74
28.84
29.04
29.365
29.535
29.645
