0.18
0.27
0.525
0.785
1.045
1.185
1.295
1.56
1.705
1.805
2.065
2.31
2.515
2.57
2.835
3.09
3.24
3.33
3.5
3.605
3.74
3.85
4.125
4.26
4.34
4.595
4.715
4.865
5.12
5.265
5.295
5.365
5.635
5.785
5.88
6.165
6.29
6.385
6.545
6.615
6.645
6.775
6.9
7.155
7.315
7.415
7.665
7.82
7.915
8.185
8.325
8.42
8.595
8.675
8.805
8.94
9.19
9.345
9.38
9.45
9.705
9.825
9.945
10.205
10.365
10.455
10.63
10.705
10.975
11.23
11.385
11.48
11.75
11.9
11.99
12.395
12.485
12.665
12.73
13.005
13.26
13.41
13.505
13.755
13.785
13.92
14.015
14.265
14.425
14.505
14.535
14.75
14.945
15.035
15.215
15.295
15.44
15.53
15.79
15.85
15.94
16.045
16.215
16.28
16.455
16.715
16.805
16.85
17.065
17.32
17.345
17.465
17.57
17.725
17.825
17.985
18.075
18.295
18.485
18.59
18.825
18.965
19.095
19.265
19.355
19.5
19.6
19.85
19.88
20.015
20.115
20.375
20.52
20.6
20.86
21.13
21.305
21.415
21.535
21.64
21.88
22.055
22.15
22.425
22.56
22.665
22.925
23.065
23.16
23.31
23.39
23.425
23.575
23.675
23.75
23.995
24.085
24.18
24.46
24.595
24.685
24.86
24.955
25.13
25.205
25.375
25.45
25.535
25.61
25.72
25.82
25.97
26.13
26.225
26.505
26.635
26.74
26.99
27.255
27.515
27.58
27.67
27.765
28.025
28.09
28.26
28.465
28.54
28.6
29.01
29.04
29.175
29.275
29.365
29.545
29.69
29.795
