0.485
0.975
1.38
1.47
1.74
1.885
1.975
2.205
2.465
2.705
2.74
2.96
3.45
3.67
3.865
3.96
4.005
4.195
4.34
4.455
4.705
4.94
4.975
5.11
5.205
5.43
5.69
5.85
5.935
6.195
6.43
6.69
6.92
7.185
7.42
7.685
7.83
7.92
8.135
8.17
8.415
8.905
9.08
9.395
9.665
9.815
9.9
10.15
10.175
10.39
10.67
10.885
11.155
11.385
11.63
11.8
11.88
12.39
12.855
13.36
13.625
13.85
14.13
14.345
14.845
15.345
15.84
16.105
16.34
16.835
17.335
17.59
17.83
18.1
18.33
18.825
18.86
19.325
19.58
19.825
20.11
20.32
20.815
21.315
21.575
21.815
22.065
22.315
22.81
23.305
23.58
23.805
24.07
24.085
24.3
24.8
25.3
25.57
25.795
26.055
26.295
26.58
26.79
27.29
27.545
27.79
28.285
28.55
28.785
29.035
29.28
29.545
29.785
