0.1
0.29
0.55
0.635
0.85
1.115
1.3
1.45
1.625
1.755
1.895
2.04
2.235
2.495
2.775
2.83
2.945
3.135
3.24
3.43
3.58
3.74
3.83
4.155
4.38
4.45
4.635
4.8
4.945
5.065
5.195
5.22
5.355
5.485
5.65
5.83
5.975
6.135
6.255
6.39
6.425
6.445
6.56
6.67
6.745
6.85
7.175
7.325
7.38
7.46
7.61
7.76
7.885
8.045
8.215
8.355
8.52
8.67
8.745
8.97
9.065
9.21
9.255
9.405
9.565
9.65
9.715
9.795
9.84
9.99
10.17
10.26
10.43
10.63
10.745
10.81
10.9
11.025
11.075
11.285
11.64
11.96
12.095
12.26
12.28
12.385
12.525
12.685
12.815
12.87
13.13
13.285
13.34
13.465
13.625
13.765
14.065
14.35
14.53
14.81
14.97
15.12
15.255
15.41
15.565
15.73
15.875
16.005
16.18
16.47
16.78
16.95
17.06
17.11
17.24
17.39
17.525
17.67
17.845
17.98
18.15
18.27
18.395
18.57
18.705
18.87
19.045
19.27
19.31
19.425
19.48
19.625
19.79
19.89
19.93
20.045
20.23
20.36
20.53
20.65
20.815
20.845
20.935
21.09
21.13
21.265
21.505
21.575
21.725
21.8
21.895
22.005
22.15
22.17
22.195
22.31
22.44
22.61
22.755
22.915
23.075
23.38
23.67
23.86
23.99
24.155
24.235
24.43
24.59
24.745
24.87
25.0
25.045
25.18
25.26
25.35
25.485
25.67
25.775
25.915
26.085
26.28
26.535
26.68
26.825
26.97
26.99
27.125
27.255
27.435
27.465
27.625
27.735
27.87
27.9
28.095
28.2
28.48
28.93
29.15
29.215
29.365
29.405
29.52
29.655
29.825
29.965
