0.325
0.57
0.825
1.07
1.325
1.585
1.825
2.025
2.1
2.35
2.61
2.855
3.115
3.63
3.88
4.13
4.37
4.4
4.64
4.89
5.155
5.42
5.665
5.895
6.155
6.42
6.675
6.93
7.175
7.21
7.435
7.465
7.685
7.94
8.185
8.455
8.69
8.945
9.2
9.455
9.715
9.95
10.145
10.21
10.47
10.715
10.975
11.235
11.785
12.025
12.29
12.545
12.58
12.795
13.045
13.295
13.32
13.585
13.835
14.09
14.35
14.625
14.87
15.12
15.37
15.665
15.885
16.16
16.42
16.675
16.92
17.175
17.43
17.67
17.925
17.97
18.175
18.46
18.69
18.96
19.2
19.475
20.005
20.3
20.775
21.03
21.28
21.535
21.795
22.04
22.31
22.545
22.735
22.8
23.06
23.32
23.565
23.815
24.07
24.335
24.575
24.84
25.09
25.345
25.58
25.84
26.0
26.1
26.275
26.345
26.395
26.615
26.86
27.125
27.365
27.62
28.07
28.145
28.39
28.625
28.65
28.9
29.15
29.4
29.635
