0.365
0.595
0.925
1.125
1.4
1.61
1.725
1.91
2.135
2.395
2.44
2.695
3.03
3.2
3.455
3.48
4.01
4.27
4.59
4.995
5.08
5.305
5.345
5.545
5.745
5.8
5.875
6.135
6.285
6.32
6.605
6.655
7.12
7.37
7.835
7.93
8.17
8.35
8.435
8.69
8.735
8.94
9.2
9.42
9.745
9.985
10.245
10.395
10.51
10.845
11.04
11.21
11.3
11.735
12.075
12.39
12.545
12.855
12.91
13.09
13.385
13.595
13.645
14.17
14.2
14.435
14.73
14.915
14.96
14.985
15.175
15.53
15.57
15.64
16.025
16.055
16.275
16.46
16.55
16.69
17.085
17.235
17.595
17.855
17.89
18.045
18.11
18.33
18.37
18.75
18.815
19.165
19.94
20.795
21.065
21.295
21.55
21.81
22.095
22.34
22.605
22.85
23.12
23.365
23.605
23.89
23.945
25.415
25.54
25.815
25.94
26.06
26.165
26.56
26.81
27.085
27.105
27.45
27.525
27.875
28.2
28.395
28.485
28.725
29.22
29.285
29.475
29.505
