0.09
0.135
0.185
0.435
0.49
0.65
0.79
0.83
1.1
1.34
1.43
1.735
1.925
2.085
2.21
2.35
2.67
2.965
3.01
3.345
3.63
3.875
3.98
4.265
4.47
4.61
4.755
4.91
5.075
5.215
5.495
5.555
5.74
5.885
6.215
6.395
6.52
6.69
6.84
7.165
7.32
7.34
7.47
7.66
7.79
7.815
8.12
8.455
8.61
8.735
9.005
9.05
9.305
9.41
9.565
9.73
9.87
10.03
10.37
10.68
10.85
11.01
11.19
11.29
11.35
11.515
11.58
11.625
11.86
11.965
12.15
12.28
12.465
12.6
12.92
12.965
13.26
13.615
13.76
13.89
14.09
14.165
14.2
14.425
14.55
14.73
14.845
15.02
15.16
15.345
15.505
15.82
15.99
16.15
16.33
16.435
16.75
16.915
17.105
17.275
17.425
17.585
17.73
18.08
18.37
18.58
18.7
19.015
19.53
19.83
19.98
20.15
20.22
20.285
20.475
20.615
20.93
21.255
21.585
21.875
21.905
22.05
22.215
22.37
22.525
22.685
22.835
23.02
23.15
23.475
23.805
24.09
24.295
24.415
24.68
24.745
24.93
25.075
25.235
25.38
25.72
26.035
26.2
26.37
26.625
26.855
26.945
27.32
27.485
27.625
27.805
27.93
28.29
28.585
28.925
28.945
29.19
29.265
29.39
29.52
29.73
29.88
