0.275
0.6
0.91
1.19
1.35
1.51
1.67
1.795
1.95
2.105
2.395
2.705
2.99
3.15
3.285
3.46
3.59
3.74
3.9
4.03
4.18
4.335
4.48
4.78
5.0
5.095
5.25
5.41
5.56
5.685
5.74
5.865
5.895
6.02
6.15
6.195
6.61
6.755
6.94
7.24
7.505
7.55
7.675
7.845
7.965
8.12
8.14
8.16
8.445
8.565
8.6
8.905
9.025
9.33
9.66
9.97
10.135
10.275
10.48
10.6
10.9
11.055
11.205
11.375
11.485
11.805
12.105
12.4
12.565
12.71
12.88
12.99
13.32
13.46
13.62
13.765
13.895
14.205
14.525
14.67
14.835
14.97
15.14
15.315
15.405
15.455
15.735
15.855
16.065
16.105
16.175
16.31
16.45
16.6
16.885
16.915
17.085
17.185
17.23
17.375
17.525
17.8
18.11
18.23
18.415
18.585
18.705
18.985
19.015
19.335
19.53
19.645
19.79
19.945
20.265
20.56
20.715
21.015
21.15
21.315
21.47
21.76
22.05
22.09
22.235
22.395
22.53
22.69
22.88
22.99
23.115
23.29
23.45
23.595
23.745
23.865
24.205
24.495
24.805
25.125
25.41
25.715
26.025
26.625
26.93
27.12
27.235
27.55
27.85
28.16
28.3
28.445
28.585
28.73
29.055
29.355
29.67
