0.16
0.37
0.795
0.97
1.03
1.115
1.21
1.42
1.63
1.81
1.85
2.045
2.445
2.66
2.865
3.055
3.07
3.28
3.48
3.69
3.95
4.1
4.315
4.51
4.72
4.92
5.135
5.33
5.49
5.67
5.755
5.955
6.035
6.165
6.345
6.395
6.59
6.79
7.005
7.42
7.625
7.83
8.045
8.245
8.435
8.66
9.08
9.29
9.48
9.705
9.91
10.125
10.28
10.32
10.515
10.73
10.94
11.15
11.355
11.555
11.77
11.83
11.95
11.98
12.325
12.39
12.6
12.805
13.025
13.215
13.41
13.625
13.875
14.05
14.25
14.455
14.75
14.855
15.05
15.245
15.685
15.89
16.1
16.31
16.5
16.7
16.895
16.935
17.14
17.335
17.54
17.75
17.97
18.16
18.365
18.57
18.985
19.195
19.4
19.61
19.82
20.02
20.24
20.655
20.865
21.07
21.285
21.49
21.705
21.905
22.29
22.325
22.535
22.735
22.95
23.145
23.365
23.58
23.795
23.975
24.195
24.4
24.61
24.815
25.03
25.24
25.64
25.845
26.05
26.27
26.47
26.68
26.79
26.88
27.09
27.27
27.51
27.72
27.94
28.13
28.345
28.555
28.695
28.97
29.17
29.38
29.685
