0.35
0.39
0.455
0.735
0.975
1.27
1.525
1.83
1.935
2.055
2.32
2.59
2.845
3.12
3.37
3.63
3.91
4.185
4.48
4.595
4.72
4.855
4.99
5.255
5.535
5.67
5.725
5.795
6.01
6.215
6.34
6.49
6.75
7.135
7.4
7.665
7.805
7.925
8.21
8.385
8.465
8.73
8.89
8.98
9.25
9.52
9.92
10.05
10.325
10.47
10.585
10.725
10.85
11.1
11.405
11.55
11.66
11.825
12.075
12.18
12.46
12.725
12.975
13.0
13.235
13.495
13.51
13.77
14.03
14.12
14.175
14.305
14.56
14.675
14.83
14.955
15.09
15.23
15.335
15.745
15.76
15.865
16.375
16.655
16.9
17.17
17.3
17.42
17.685
17.7
17.945
17.96
18.175
18.2
18.355
18.46
18.485
18.735
18.84
19.01
19.265
19.42
19.535
19.815
20.055
20.335
20.465
20.585
20.87
21.11
21.355
21.385
21.525
21.635
21.9
22.16
22.4
22.435
22.705
23.215
23.48
23.75
24.01
24.265
24.525
24.665
24.785
25.05
25.315
25.57
25.72
25.825
26.03
26.115
26.38
26.65
26.89
27.145
27.41
27.43
27.665
27.925
28.37
28.45
28.88
28.905
29.0
29.18
29.36
29.415
29.53
29.795
