0.625
0.765
0.97
1.125
1.3
1.435
1.45
1.8
1.97
2.135
2.495
2.855
3.205
3.54
3.77
3.88
3.92
4.07
4.235
4.6
4.76
4.92
5.275
5.455
5.585
5.77
5.96
6.13
6.255
6.46
6.605
6.62
6.79
6.935
7.1
7.34
7.465
7.625
7.965
8.145
8.31
8.485
8.83
8.975
9.2
9.31
9.325
9.505
9.66
10.005
10.035
10.18
10.325
10.71
10.855
11.005
11.375
11.53
11.685
11.875
12.035
12.36
12.715
12.87
13.04
13.375
13.57
13.72
13.885
14.085
14.245
14.38
14.76
14.91
15.075
15.415
15.58
15.745
16.095
16.265
16.435
16.785
16.945
17.11
17.29
17.465
17.62
17.8
18.16
18.575
19.08
19.105
19.385
19.625
19.985
20.345
20.735
21.05
21.42
21.685
21.795
21.855
22.015
22.625
22.88
23.245
23.595
23.935
24.29
24.44
24.63
24.805
25.15
25.365
26.02
26.415
26.79
26.875
27.045
27.075
27.315
27.39
27.48
27.69
28.21
28.28
28.635
28.955
