0.24
0.315
0.545
0.585
0.745
0.875
0.895
0.92
1.26
1.33
1.51
1.7
1.79
2.075
2.39
2.545
2.785
3.06
3.255
3.29
3.51
3.74
3.965
4.02
4.405
4.6
4.79
5.25
5.71
5.935
6.02
6.13
6.47
6.61
6.885
7.11
7.615
7.725
8.27
8.285
8.475
8.555
8.9
9.11
9.325
9.53
9.8
10.305
10.705
10.74
10.89
11.05
11.475
11.675
11.885
12.1
12.455
12.62
12.92
13.005
13.495
13.6
13.74
14.085
14.175
14.455
14.6
14.785
15.065
15.255
15.47
15.755
15.975
16.17
16.505
16.785
17.235
17.445
17.67
17.865
18.085
18.21
18.45
18.515
18.93
19.18
19.41
19.625
19.83
20.21
20.465
20.7
20.81
21.065
21.33
21.545
21.775
21.985
22.225
22.42
22.635
22.665
22.83
23.09
23.105
23.435
23.725
23.955
24.17
24.385
24.53
24.595
24.795
24.855
25.065
25.185
25.455
25.75
25.91
26.12
26.14
26.285
26.515
26.795
26.91
26.97
27.21
27.455
27.895
28.055
28.175
28.38
28.52
28.615
28.865
29.09
29.47
29.505
29.78
29.98
