0.085
0.315
0.555
0.765
1.02
1.26
1.485
1.58
1.685
1.92
1.95
2.06
2.17
2.24
2.395
2.625
2.855
3.085
3.315
3.545
3.775
4.005
4.025
4.215
4.24
4.475
4.625
4.715
4.94
5.18
5.4
5.655
5.885
6.115
6.345
6.59
6.8
6.825
7.07
7.265
7.525
7.75
7.87
7.99
8.055
8.2
8.235
8.445
8.67
8.915
9.15
9.375
9.595
9.625
9.71
9.82
9.94
10.04
10.275
10.5
10.745
10.965
10.995
11.215
11.38
11.45
11.69
11.915
12.155
12.32
12.385
12.615
12.84
13.075
13.3
13.53
13.76
14.0
14.225
14.47
14.55
14.685
14.71
14.935
15.16
15.39
15.615
15.865
15.935
16.08
16.315
16.53
16.56
16.785
16.87
17.0
17.14
17.24
17.37
17.455
17.63
17.72
17.92
17.955
18.185
18.385
18.415
18.635
18.87
19.095
19.32
19.555
19.71
19.785
20.015
20.24
20.49
20.56
20.72
20.96
21.175
21.425
21.65
22.015
22.175
22.42
22.585
22.88
23.34
23.385
23.47
23.585
24.05
24.265
24.37
24.63
24.805
25.14
25.36
25.395
25.6
25.84
26.06
26.11
26.265
26.315
26.48
26.55
26.675
26.77
26.995
27.035
27.24
27.47
27.515
27.705
27.93
28.145
28.195
28.42
28.65
28.87
29.115
29.34
29.485
29.59
29.805
