0.3
0.455
0.54
0.595
1.115
1.16
1.435
1.57
1.885
2.0
2.035
2.32
2.455
2.69
2.765
2.9
3.205
3.335
3.645
3.705
3.77
4.105
4.21
4.54
4.65
5.09
5.42
5.54
5.675
5.87
5.985
6.15
6.3
6.405
6.725
6.85
7.295
7.585
7.74
8.05
8.165
8.465
8.64
9.055
9.085
9.32
9.495
9.81
9.945
10.21
10.27
10.39
10.415
10.7
10.815
11.13
11.15
11.26
11.575
11.615
11.695
12.0
12.185
12.28
12.455
12.575
12.895
13.075
13.355
13.44
13.49
13.745
13.835
13.895
14.21
14.33
14.665
14.775
15.09
15.215
15.505
15.655
15.69
15.91
15.98
16.105
16.34
16.41
16.555
16.855
16.97
17.025
17.245
17.425
17.465
17.73
17.85
17.9
18.155
18.305
18.725
19.035
19.08
19.17
19.535
19.595
19.925
20.04
20.08
20.315
20.39
20.475
20.625
20.725
20.785
20.91
20.975
21.03
21.23
21.355
21.615
21.67
21.805
22.1
22.14
22.24
22.55
22.685
22.995
23.11
23.325
23.455
23.575
24.01
24.085
24.335
24.45
24.755
24.885
25.215
25.63
25.755
26.07
26.205
26.52
26.65
27.085
27.52
27.83
27.965
28.39
28.695
28.83
29.195
29.265
29.59
29.715
29.765
