0.485
0.7
0.84
1.185
1.39
1.525
1.715
1.875
2.065
2.215
2.44
2.93
3.09
3.265
3.475
3.605
3.8
3.825
3.96
4.14
4.295
4.46
4.48
4.63
4.665
4.945
5.01
5.2
5.485
5.57
5.73
5.91
6.09
6.105
6.44
6.635
6.78
6.985
7.13
7.315
7.485
7.685
7.825
8.015
8.17
8.38
8.525
8.7
8.865
9.04
9.21
9.4
9.55
9.585
9.75
9.9
10.07
10.235
10.45
10.595
10.855
10.935
11.195
11.28
11.535
11.635
12.005
12.365
12.525
12.715
12.9
13.07
13.27
13.42
13.625
13.78
13.96
14.1
14.45
14.65
14.805
14.995
15.03
15.14
15.375
15.49
15.655
15.69
15.86
15.875
16.055
16.12
16.205
16.46
16.8
17.055
17.395
17.48
17.57
17.755
17.935
18.13
18.145
18.275
18.455
18.79
18.965
19.125
19.31
19.485
19.665
19.85
20.175
20.35
20.585
20.92
21.04
21.22
21.24
21.56
21.705
21.895
22.16
22.255
22.405
22.595
22.93
23.11
23.29
23.485
23.66
23.82
23.995
24.32
24.485
24.705
24.835
25.04
25.175
25.36
25.685
25.84
26.025
26.04
26.275
26.375
26.525
26.695
26.96
27.065
27.215
27.42
27.45
27.78
27.9
28.11
28.46
28.595
28.815
29.16
29.29
29.495
29.535
29.845
29.965
