0.455
0.94
1.22
1.42
1.77
1.91
2.26
2.41
2.905
3.405
3.7
3.9
4.265
4.42
4.905
5.22
5.255
5.395
5.69
5.89
6.215
6.355
6.855
7.36
7.65
7.865
8.205
8.34
8.36
8.855
9.16
9.325
9.665
9.815
10.16
10.305
10.79
11.135
11.29
11.59
11.775
12.1
12.255
12.755
13.09
13.26
13.57
13.73
14.065
14.225
14.715
15.215
15.535
15.7
16.03
16.185
16.67
17.005
17.03
17.17
17.49
17.66
17.975
18.12
18.55
18.66
19.145
19.63
19.87
19.93
20.135
20.43
20.66
20.725
20.92
21.11
21.6
21.97
22.1
22.585
23.075
23.585
24.06
24.415
24.55
24.785
25.045
25.545
25.66
25.865
26.01
26.545
26.565
27.02
27.505
27.545
27.73
28.015
28.49
28.815
29.04
