0.565
0.82
1.105
1.355
1.855
2.12
2.43
2.635
2.895
3.155
3.435
3.955
4.215
4.52
4.73
4.995
5.25
5.525
6.05
6.29
6.58
6.81
7.075
7.335
7.605
8.145
8.4
8.68
8.92
9.19
9.45
9.7
10.215
10.49
10.78
10.985
11.15
11.23
11.25
11.52
11.79
12.31
12.58
12.82
13.1
13.39
13.64
13.91
14.445
14.71
14.975
15.195
15.38
15.47
15.75
16.035
16.545
16.805
17.085
17.325
17.35
17.6
17.86
18.135
18.505
18.675
18.93
19.17
19.435
19.585
19.685
19.965
20.24
20.74
21.01
21.26
21.535
21.58
21.815
22.07
22.34
22.615
22.87
22.9
23.13
23.655
23.84
23.875
23.945
24.195
24.48
25.005
25.265
25.515
25.73
25.785
26.05
26.295
26.51
26.57
26.915
27.085
27.35
27.595
27.86
28.01
28.075
28.125
28.385
28.665
29.18
29.44
29.675
