0.11
0.325
0.565
0.805
0.985
1.055
1.305
1.58
1.735
1.8
2.03
2.295
2.405
2.77
3.01
3.26
3.515
3.555
3.75
4.0
4.175
4.245
4.475
4.715
4.975
5.22
5.265
5.455
5.62
5.705
5.955
6.195
6.49
6.67
6.905
6.945
7.15
7.505
7.64
7.875
8.12
8.37
8.43
8.605
8.855
9.11
9.345
9.59
9.83
10.085
10.57
10.81
11.055
11.325
11.425
11.56
11.79
12.055
12.34
12.54
12.79
13.04
13.285
13.305
13.525
13.77
13.81
14.015
14.28
14.5
14.74
14.785
15.01
15.29
15.5
15.735
15.815
15.995
16.29
16.48
16.72
16.975
17.235
17.465
17.685
17.96
18.195
18.445
18.69
18.87
18.945
19.195
19.215
19.43
19.685
19.92
20.18
20.665
20.69
20.995
21.145
21.445
21.635
21.655
22.11
22.355
22.835
23.2
23.31
23.785
24.025
24.25
24.5
24.75
24.985
25.22
25.47
25.735
25.965
26.205
26.45
26.715
26.925
27.045
27.175
27.315
27.425
27.67
27.915
28.145
28.395
28.645
28.88
29.12
29.365
29.61
29.855
