0.24
0.325
0.885
1.055
1.44
1.67
1.69
2.01
2.285
2.555
2.835
3.12
3.46
3.67
4.15
4.245
4.46
4.52
4.805
5.065
5.34
5.66
5.78
5.915
6.225
6.46
6.755
7.04
7.31
7.58
7.94
8.15
8.41
8.625
8.705
8.99
9.075
9.275
9.565
9.835
10.065
10.09
10.29
10.41
10.845
10.96
11.24
11.525
11.79
12.07
12.35
12.63
13.195
13.25
13.48
13.755
14.04
14.3
14.59
14.865
15.16
15.43
15.71
16.0
16.285
16.545
16.815
16.83
17.105
17.67
17.96
18.115
18.235
18.5
18.795
19.0
19.07
19.345
19.575
19.91
20.19
20.48
20.655
20.735
21.03
21.49
21.58
21.83
22.155
22.43
22.71
22.985
23.255
23.555
23.815
24.125
24.38
24.665
24.94
25.225
25.5
25.77
25.86
26.055
26.345
26.62
26.885
27.185
27.46
27.74
28.01
28.29
28.57
28.86
29.13
29.42
29.675
29.98
