0.275
0.37
0.495
1.3
1.475
1.695
2.135
2.195
2.215
2.55
2.565
3.605
4.03
4.25
4.515
4.72
4.76
5.125
5.455
5.81
6.5
6.795
6.935
7.29
7.57
7.59
7.995
8.395
8.595
8.685
9.04
9.8
10.14
10.51
10.855
11.1
11.215
11.57
11.96
12.29
13.01
13.22
13.365
14.445
15.21
15.54
16.14
16.475
16.625
16.835
16.97
17.165
17.255
17.33
17.495
17.625
18.29
18.545
18.75
19.675
19.925
20.55
20.865
21.115
21.57
21.92
23.005
23.35
23.695
24.06
24.8
25.115
25.47
25.81
26.175
26.515
26.905
27.035
27.26
27.625
27.93
28.17
28.29
28.665
29.005
29.175
29.46
