0.53
0.83
1.105
1.185
1.415
1.715
1.97
2.13
2.19
2.285
2.595
2.895
3.185
3.465
3.645
3.78
4.015
4.195
4.33
4.575
4.925
5.195
5.5
5.755
6.065
6.365
6.495
6.56
6.63
6.915
7.135
7.465
7.78
8.08
8.315
8.615
8.93
9.21
9.5
9.795
10.075
10.355
10.695
10.835
10.89
10.915
11.22
11.725
11.805
11.835
12.09
12.415
12.44
12.665
12.695
12.96
13.245
13.385
13.54
13.78
13.82
14.08
14.3
14.355
14.645
14.93
15.215
15.48
15.515
15.79
16.07
16.28
16.36
16.66
16.955
17.24
17.5
17.53
17.81
17.955
18.1
18.38
18.65
18.925
19.225
19.495
19.76
20.08
20.27
20.35
20.64
20.92
21.195
21.38
21.495
21.76
22.03
22.08
22.31
22.625
22.805
22.88
23.17
23.42
23.465
23.675
24.005
24.055
24.305
24.59
24.745
24.84
24.9
25.17
25.235
25.465
25.73
25.98
26.045
26.315
26.555
26.745
26.85
26.915
27.14
27.43
27.63
27.72
28.0
28.275
28.305
28.86
29.165
29.405
29.5
29.745
29.98
