0.385
0.61
0.82
1.26
1.735
2.15
2.605
3.015
3.465
3.865
4.32
4.495
4.51
4.545
4.74
4.965
5.195
5.285
5.36
5.625
6.01
6.07
6.25
6.49
6.7
6.895
7.09
7.36
7.8
7.98
8.235
9.105
9.56
9.745
9.975
10.425
10.615
10.83
11.23
11.255
11.275
11.72
12.155
12.585
13.0
13.05
13.455
13.91
14.315
14.535
14.71
14.785
15.195
15.42
16.06
16.935
17.395
17.595
17.805
18.27
18.455
18.69
19.24
19.325
19.555
19.99
20.22
20.42
21.295
21.73
22.17
22.6
23.025
23.68
23.89
24.35
24.755
25.21
25.43
25.63
26.08
26.565
26.95
26.98
27.165
27.375
28.24
28.675
29.035
29.13
29.575
29.805
29.985
