0.45
0.775
1.1
1.4
1.58
2.075
2.365
2.54
3.375
3.54
3.715
4.02
4.53
5.015
5.325
5.485
5.745
5.935
6.22
6.425
6.79
7.27
7.44
7.63
7.935
8.435
8.765
8.935
9.255
9.285
9.705
10.155
10.4
10.615
11.22
11.375
11.655
12.15
12.335
12.49
12.585
12.875
13.205
14.105
14.255
14.565
15.035
15.685
15.99
16.63
16.93
17.085
17.36
17.59
17.875
18.065
18.305
18.535
18.775
19.205
19.505
19.825
20.125
20.345
20.735
20.9
21.19
21.37
21.655
21.85
22.105
22.315
22.555
22.75
22.955
23.29
23.545
24.16
24.465
24.615
24.89
25.41
25.54
25.78
25.86
26.25
26.475
26.955
27.27
27.94
29.145
29.31
29.8
29.825
