0.335
0.6
0.885
1.145
1.435
1.69
1.96
2.235
2.53
2.78
3.07
3.185
3.32
3.6
3.875
4.01
4.145
4.415
4.665
4.795
4.925
5.49
5.78
6.035
6.305
6.58
7.12
7.465
7.54
7.67
7.96
8.23
8.375
8.48
8.75
9.01
9.28
9.595
9.85
10.135
10.295
10.395
10.665
10.85
10.95
11.485
11.755
11.905
12.03
12.325
12.585
12.735
12.75
12.845
13.12
13.385
13.65
14.22
14.57
14.765
14.795
15.04
15.315
15.85
15.9
16.17
16.265
16.385
16.675
16.945
17.095
17.2
17.47
17.745
17.96
18.015
18.56
19.11
19.37
19.64
20.185
21.56
21.85
22.12
22.415
22.965
23.375
23.535
23.595
23.8
24.085
24.335
24.645
24.93
25.19
25.47
26.01
26.295
26.42
26.57
26.865
27.42
27.71
28.275
28.555
29.12
29.415
