1.14
1.42
1.96
2.3
2.535
3.06
4.145
4.21
4.425
4.87
5.235
5.535
6.25
6.34
6.655
7.45
7.74
8.02
8.58
8.85
9.64
9.96
11.085
11.915
11.965
12.18
12.25
12.935
13.045
13.325
13.415
14.435
15.255
15.555
15.575
16.085
16.41
16.525
16.685
17.085
17.505
17.52
17.675
17.85
18.08
18.335
18.6
18.885
19.16
19.705
19.875
19.985
20.255
20.54
20.785
21.095
21.335
21.595
21.89
22.185
22.725
22.965
23.29
23.47
23.555
23.845
24.07
24.135
24.295
24.695
24.97
25.25
25.39
25.53
25.745
25.775
26.355
26.61
26.885
27.37
27.7
28.005
28.565
28.84
28.9
29.115
29.4
29.64
