0.215
0.535
0.685
1.06
1.24
1.45
1.615
1.655
1.8
2.31
2.705
2.855
3.39
3.42
3.74
3.785
3.93
3.965
4.32
4.395
4.515
4.74
4.87
5.055
5.39
5.59
5.79
5.965
6.125
6.21
6.67
7.015
7.205
7.375
7.54
7.72
8.085
8.115
8.14
8.28
8.305
8.67
8.825
9.015
9.165
9.2
9.36
9.725
9.8
9.905
10.1
10.29
10.31
10.47
10.505
10.83
10.96
11.035
11.38
11.58
11.76
11.82
11.9
12.085
12.12
12.455
12.485
12.635
12.675
12.99
13.15
13.195
13.475
13.525
13.73
13.855
13.945
14.095
14.26
14.595
14.64
14.655
14.84
15.02
15.17
15.27
15.345
15.725
15.875
15.905
16.08
16.215
16.41
16.76
16.945
17.12
17.28
17.37
17.485
17.785
17.84
18.035
18.235
18.37
18.425
18.61
18.775
18.95
19.095
19.14
19.365
19.47
19.5
19.625
19.71
19.92
19.98
20.005
20.085
20.25
20.55
20.685
21.04
21.225
21.26
21.405
21.565
21.745
22.015
22.17
22.3
22.35
22.475
22.54
22.675
22.835
22.855
23.185
23.295
23.44
23.735
23.77
23.92
24.0
24.275
24.475
24.805
24.865
24.99
25.17
25.325
25.375
25.54
25.56
26.07
26.44
26.61
26.655
26.96
27.15
27.18
27.51
27.7
27.73
28.085
28.235
28.585
28.77
29.125
29.31
29.68
