0.315
0.465
0.78
1.155
1.33
1.48
1.635
1.8
1.99
2.115
2.17
2.335
2.495
2.66
2.825
2.99
3.16
3.325
3.485
3.505
3.7
3.815
4.175
4.325
4.495
4.675
5.0
5.17
5.345
5.665
5.84
6.14
6.19
6.505
6.535
6.705
7.015
7.175
7.49
7.865
8.02
8.2
8.35
8.515
8.69
8.855
9.055
9.185
9.54
9.86
10.055
10.36
10.38
10.545
10.71
11.065
11.215
11.4
11.555
11.89
12.07
12.555
12.725
12.885
13.23
13.41
13.59
13.745
13.9
14.075
14.245
14.425
14.575
14.895
15.1
15.22
15.425
15.6
15.735
15.925
16.09
16.285
16.65
16.83
17.0
17.315
17.675
17.725
18.01
18.21
18.37
18.695
18.915
19.06
19.25
19.39
19.59
19.765
20.085
20.45
20.785
21.145
21.315
21.465
21.66
21.8
21.83
21.965
22.015
22.14
22.47
22.505
22.63
22.785
22.98
23.125
23.145
23.325
23.465
23.655
23.805
23.94
24.12
24.31
24.465
24.63
24.65
24.785
24.99
25.145
25.3
25.315
25.445
25.61
25.705
25.795
26.12
26.31
26.33
26.475
26.605
26.775
26.98
27.115
27.28
27.315
27.47
27.635
27.785
27.965
28.09
28.12
28.275
28.29
28.455
28.6
28.66
28.8
28.985
29.145
29.3
29.335
29.455
29.655
29.785
29.83
29.955
29.975
