0.04
0.845
0.875
2.265
2.715
2.765
3.085
3.395
4.385
4.67
5.59
5.665
6.28
6.595
6.92
7.22
8.2
8.91
9.09
9.12
9.715
10.205
10.38
11.045
11.24
11.46
11.655
11.695
12.29
12.58
12.915
13.245
13.525
13.84
14.095
14.15
14.45
14.545
14.785
15.09
15.78
15.795
16.035
16.305
16.425
16.675
16.72
17.08
17.35
18.27
18.335
19.09
19.235
19.89
20.305
20.51
20.905
21.175
21.385
21.605
21.795
22.42
22.755
23.1
23.375
23.415
23.445
23.705
24.005
24.13
24.365
24.65
25.595
25.825
25.915
26.185
26.86
27.195
27.82
28.14
28.44
28.76
29.095
29.245
29.355
29.4
29.66
29.715
