0.19
0.28
0.435
0.53
0.82
1.19
1.22
1.3
1.49
1.58
1.685
1.95
2.08
2.375
2.5
2.64
2.745
2.85
3.135
3.23
3.515
3.615
3.735
3.895
4.0
4.265
4.29
4.4
4.655
4.775
4.825
5.07
5.15
5.43
5.53
5.83
5.915
6.175
6.2
6.3
6.44
6.605
6.675
6.955
7.06
7.32
7.37
7.59
7.74
7.84
8.06
8.105
8.24
8.48
8.625
9.01
9.265
9.385
9.425
9.64
9.685
9.79
10.065
10.18
10.43
10.575
10.775
10.88
10.96
11.255
11.35
11.665
11.735
11.97
12.12
12.405
12.49
12.805
12.885
13.17
13.545
13.675
13.925
14.06
14.33
14.45
14.665
14.735
14.83
14.995
15.11
15.225
15.5
15.6
15.895
16.005
16.28
16.315
16.415
16.58
16.655
16.78
16.975
17.035
17.15
17.425
17.55
17.775
17.83
17.935
18.205
18.33
18.605
18.7
18.72
19.0
19.1
19.365
19.73
19.775
19.87
20.12
20.245
20.355
20.53
20.65
21.025
21.17
21.32
21.415
21.65
21.685
21.79
21.86
22.055
22.11
22.19
22.435
22.465
22.575
22.845
22.945
23.105
23.225
23.33
23.61
23.69
23.985
24.085
24.37
24.45
24.72
24.835
25.205
25.47
25.58
25.775
25.955
26.245
26.345
26.62
26.75
27.025
27.16
27.43
27.545
27.82
27.96
28.215
28.325
28.6
28.745
29.0
29.11
29.385
29.495
29.77
29.88
