0.085
0.25
0.305
0.465
0.57
0.775
0.895
0.96
1.11
1.33
1.565
1.685
1.765
1.9
1.99
2.205
2.42
2.635
2.855
2.9
3.075
3.13
3.285
3.38
3.505
3.555
3.725
3.94
4.165
4.23
4.385
4.455
4.585
4.81
5.025
5.08
5.24
5.315
5.465
5.68
5.87
5.935
6.11
6.325
6.405
6.755
6.975
7.01
7.195
7.41
7.64
7.735
7.845
7.915
8.07
8.28
8.505
8.555
8.72
8.755
8.94
9.155
9.4
9.59
9.805
10.01
10.23
10.435
10.45
10.52
10.675
10.705
10.895
11.16
11.38
11.45
11.535
11.76
11.98
12.05
12.195
12.275
12.42
12.565
12.64
12.85
12.89
13.06
13.285
13.505
13.615
13.71
13.925
14.135
14.37
14.485
14.59
14.705
14.825
15.02
15.23
15.46
15.51
15.665
15.72
15.895
15.94
16.02
16.11
16.26
16.335
16.465
16.54
16.76
16.805
17.035
17.08
17.195
17.33
17.41
17.45
17.55
17.63
17.84
18.065
18.335
18.4
18.485
18.71
18.79
18.94
19.005
19.145
19.36
19.585
19.765
19.865
20.015
20.235
20.42
20.535
20.665
20.755
20.885
21.01
21.11
21.315
21.505
21.545
21.75
21.975
22.0
22.185
22.345
22.47
22.625
22.845
22.915
23.065
23.215
23.28
23.375
23.495
23.72
23.9
24.105
24.145
24.235
24.41
24.44
24.58
24.745
24.795
24.85
25.015
25.225
25.35
25.5
25.66
25.885
25.91
26.1
26.32
26.54
26.79
26.965
27.19
27.275
27.34
27.41
27.62
27.83
28.055
28.275
28.515
28.625
28.74
28.92
29.135
29.375
29.58
29.795
29.83
