0.22
0.425
0.64
0.84
1.04
1.23
1.27
1.48
1.685
1.88
2.1
2.335
2.54
2.735
2.765
2.93
3.165
3.19
3.385
3.58
3.795
4.01
4.21
4.41
4.605
4.85
5.06
5.245
5.285
5.48
5.72
5.895
6.115
6.305
6.545
6.75
6.95
7.175
7.41
7.62
7.795
8.0
8.045
8.255
8.675
8.865
9.1
9.12
9.315
9.51
9.715
9.935
10.16
10.35
10.575
10.77
10.805
10.995
11.19
11.395
11.615
11.83
12.015
12.065
12.255
12.47
12.685
12.875
12.91
13.085
13.315
13.525
13.735
13.95
14.17
14.38
14.57
14.78
15.0
15.215
15.415
15.645
15.85
15.875
16.065
16.26
16.475
16.695
16.905
16.94
17.115
17.335
17.55
17.76
17.96
18.175
18.395
18.605
18.81
18.85
19.04
19.245
19.47
19.66
19.86
20.09
20.305
20.51
20.715
20.955
21.155
21.365
21.56
21.6
21.79
21.97
22.2
22.405
22.625
22.84
23.055
23.25
23.47
23.67
23.88
24.095
24.335
24.535
24.73
24.76
24.94
25.155
25.38
25.57
25.605
25.805
26.03
26.23
26.42
26.455
26.62
26.85
27.075
27.265
27.305
27.495
27.72
27.93
28.14
28.335
28.545
28.76
28.95
29.18
29.41
29.62
29.785
29.835
29.985
