0.085
0.24
0.345
0.52
0.64
0.87
1.03
1.19
1.41
1.46
1.57
1.695
1.8
2.085
2.165
2.415
2.705
2.865
2.995
3.13
3.27
3.395
3.525
3.63
3.785
3.94
4.085
4.215
4.32
4.36
4.605
4.895
5.03
5.17
5.3
5.43
5.575
5.7
5.835
5.975
6.13
6.25
6.385
6.51
6.905
7.055
7.42
7.485
7.595
8.035
8.145
8.305
8.45
8.58
8.675
8.97
9.08
9.205
9.38
9.47
9.635
9.735
9.775
10.035
10.155
10.305
10.34
10.455
10.685
10.855
11.215
11.29
11.4
11.46
11.765
11.83
11.975
12.345
12.52
12.88
13.04
13.405
13.61
13.97
14.04
14.135
14.19
14.51
14.66
15.06
15.19
15.555
15.715
15.74
16.13
16.285
16.67
16.845
17.215
17.24
17.375
17.735
17.775
17.89
17.95
18.27
18.46
18.63
18.775
18.995
19.21
19.345
19.51
19.865
20.085
20.305
20.385
20.625
20.985
21.15
21.24
21.31
21.535
21.705
21.78
22.075
22.115
22.26
22.63
22.76
22.99
23.105
23.32
23.73
23.85
23.955
24.205
24.23
24.39
24.445
24.745
24.93
24.945
25.2
25.32
25.49
25.515
25.845
26.01
26.405
26.565
27.08
27.47
27.645
27.95
28.435
28.665
28.985
29.445
29.47
29.74
