0.18
0.36
0.4
0.42
0.435
0.715
0.96
1.505
1.795
1.95
2.06
2.255
2.345
2.51
2.58
3.13
3.305
3.4
3.61
3.675
3.835
3.945
4.13
4.215
4.475
4.655
4.74
4.92
5.015
5.19
5.275
5.465
5.535
5.795
5.815
6.065
6.32
6.585
6.845
6.89
7.125
7.285
7.395
7.54
7.645
7.84
7.92
8.18
8.34
8.45
8.705
8.89
8.95
9.135
9.225
9.39
9.47
9.49
9.755
9.95
10.02
10.195
10.295
10.445
10.555
10.82
11.015
11.245
11.35
11.525
11.605
11.805
11.89
12.065
12.16
12.31
12.43
12.595
12.685
12.71
12.85
12.935
13.14
13.215
13.395
13.48
13.6
13.66
13.915
14.025
14.285
14.475
14.55
14.73
14.81
15.075
15.23
15.305
15.345
15.51
15.785
15.865
16.06
16.14
16.305
16.43
16.59
16.66
16.945
17.13
17.195
17.475
17.72
17.745
17.9
17.995
18.25
18.455
18.47
18.78
18.98
19.05
19.25
19.32
19.515
19.595
19.755
19.78
20.115
20.405
20.665
20.93
21.135
21.21
21.465
21.75
22.025
22.21
22.275
22.55
22.745
22.82
23.085
23.265
23.355
23.605
23.865
24.035
24.065
24.32
24.4
24.665
24.935
25.19
25.205
25.385
25.475
25.73
25.925
26.005
26.185
26.27
26.445
26.535
26.7
26.715
26.825
26.98
27.065
27.33
27.53
27.615
27.765
27.875
28.055
28.13
28.395
28.59
28.675
28.845
28.95
29.21
29.47
29.75
29.915
29.985
