0.105
0.37
0.655
0.91
1.2
1.325
1.45
1.73
1.995
2.275
2.535
2.815
3.075
3.61
3.88
4.425
4.675
4.955
5.22
5.765
6.04
6.315
6.585
6.715
6.85
7.11
7.385
7.7
7.93
8.205
8.48
8.75
9.0
9.305
9.36
9.435
9.545
9.82
9.96
10.08
10.365
10.63
10.895
11.155
11.445
11.565
11.69
11.97
12.23
12.515
12.78
13.045
13.31
13.625
13.725
13.855
14.135
14.275
14.39
14.665
14.94
15.19
15.465
15.745
15.93
16.015
16.29
16.425
16.535
16.805
17.08
17.355
17.62
17.885
17.915
18.105
18.175
18.33
18.365
18.43
18.58
18.7
18.98
19.245
19.505
19.555
19.785
20.075
20.195
20.33
20.605
20.86
21.035
21.135
21.415
21.675
21.84
21.95
22.135
22.25
22.49
22.76
22.895
23.025
23.3
23.565
23.835
24.1
24.375
24.405
24.65
24.915
25.18
25.46
25.73
26.0
26.135
26.26
26.51
26.81
27.085
27.14
27.215
27.34
27.625
27.895
28.165
28.42
28.735
28.965
29.235
29.5
29.78
