0.075
0.15
0.37
0.53
0.73
1.125
1.285
1.31
1.49
1.68
1.875
2.08
2.125
2.255
2.465
2.62
2.67
2.855
3.025
3.22
3.405
3.545
3.615
3.785
3.97
4.17
4.29
4.35
4.55
4.73
4.775
4.925
5.12
5.3
5.49
5.7
5.88
5.985
6.06
6.25
6.425
6.495
6.815
7.0
7.385
7.575
7.88
7.955
8.15
8.355
8.515
8.715
9.095
9.275
9.475
9.655
9.86
10.235
10.44
10.6
10.81
10.99
11.185
11.37
11.565
11.77
11.955
12.135
12.325
12.52
12.71
12.87
12.895
13.07
13.275
13.46
13.67
13.84
14.04
14.22
14.415
14.605
14.78
14.985
15.16
15.36
15.525
15.91
16.105
16.48
16.68
17.055
17.25
17.47
17.62
17.815
18.185
18.375
18.575
18.755
18.96
19.135
19.325
19.525
19.71
19.895
20.125
20.285
20.47
20.655
20.85
20.945
21.05
21.22
21.425
21.6
21.815
21.93
22.005
22.18
22.36
22.57
22.75
22.93
23.135
23.325
23.51
23.7
23.895
23.96
24.08
24.27
24.455
24.635
25.03
25.21
25.6
25.79
26.195
26.365
26.75
26.935
27.315
27.505
27.71
28.08
28.275
28.445
28.65
28.83
29.03
29.235
29.425
29.595
29.795
