0.125
0.39
0.66
0.81
0.95
1.14
1.23
1.385
1.5
1.78
1.935
2.02
2.325
2.49
2.585
2.75
2.86
3.02
3.04
3.425
3.51
3.68
3.965
4.1
4.195
4.215
4.475
4.765
5.185
5.33
5.51
5.585
5.615
5.775
5.855
5.89
6.04
6.185
6.42
6.69
6.97
7.395
7.53
7.695
7.8
7.975
8.07
8.24
8.345
8.635
8.815
8.89
8.915
9.18
9.43
9.6
9.725
10.015
10.045
10.175
10.28
10.43
10.58
10.7
10.835
11.1
11.38
11.685
11.82
11.955
12.215
12.37
12.485
12.655
12.775
12.91
13.03
13.335
13.59
13.885
14.01
14.16
14.345
14.42
14.6
14.7
14.84
15.01
15.26
15.54
15.8
16.105
16.245
16.365
16.635
16.67
16.91
17.075
17.185
17.47
17.635
17.74
18.0
18.265
18.32
18.435
18.555
18.745
18.835
18.995
19.105
19.275
19.395
19.45
19.53
19.665
19.925
19.955
20.21
20.53
20.65
20.78
20.925
21.035
21.21
21.315
21.56
21.78
21.865
22.05
22.15
22.385
22.82
22.925
23.23
23.385
23.495
23.795
23.915
24.055
24.12
24.345
24.62
24.915
25.045
25.16
25.455
25.61
25.72
25.875
26.0
26.13
26.275
26.495
26.575
26.835
27.14
27.26
27.38
27.66
27.82
27.94
28.115
28.29
28.5
28.78
29.05
29.335
29.475
29.625
29.87
