0.165
0.27
0.52
0.705
0.975
1.155
1.205
1.39
1.635
1.835
2.065
2.27
2.305
2.505
2.525
2.715
2.93
3.15
3.37
3.805
4.025
4.055
4.235
4.47
4.665
4.885
5.06
5.315
5.58
5.755
5.97
6.19
6.22
6.405
6.45
6.565
6.65
6.745
6.77
6.85
7.05
7.145
7.24
7.5
7.66
8.08
8.33
8.525
8.745
8.955
9.15
9.175
9.36
9.585
9.615
9.825
10.205
10.245
10.445
10.66
10.885
11.05
11.32
11.495
11.71
11.925
12.13
12.31
12.345
12.365
12.76
12.985
13.21
13.45
13.635
13.85
14.065
14.275
14.485
14.935
15.145
15.355
15.53
15.57
15.785
15.985
16.01
16.23
16.43
16.65
16.83
16.935
17.035
17.22
17.325
17.435
17.7
17.87
18.08
18.1
18.32
18.515
18.725
18.945
19.14
19.17
19.365
19.58
19.785
20.03
20.22
20.41
20.455
20.63
20.865
21.075
21.25
21.305
21.515
21.73
21.945
22.095
22.165
22.36
22.59
22.785
23.01
23.225
23.44
23.67
23.83
23.88
24.075
24.28
24.485
24.695
24.905
25.13
25.35
25.545
25.575
25.77
25.79
25.975
26.205
26.24
26.435
26.62
26.875
27.065
27.25
27.29
27.705
27.91
28.12
28.36
28.565
28.78
29.005
29.185
29.435
29.635
