0.14
0.45
0.625
0.81
1.025
1.355
2.08
2.45
2.48
2.825
3.02
3.18
3.21
3.38
3.56
3.93
4.31
4.67
4.85
5.04
5.385
5.42
5.6
5.785
5.98
6.16
6.34
6.525
6.87
6.89
7.25
7.615
7.795
7.99
8.365
8.535
8.625
8.725
8.975
9.085
9.275
9.35
9.455
9.805
10.175
10.38
10.41
10.895
11.275
11.42
11.645
12.1
12.19
12.39
12.47
12.6
12.78
12.805
13.095
13.295
13.48
13.82
14.215
14.56
14.915
15.305
15.685
16.045
16.415
16.595
16.71
16.78
17.15
17.33
17.51
17.715
17.9
18.24
18.345
18.465
18.595
18.975
19.335
19.51
19.695
20.075
20.43
20.68
20.805
20.98
21.155
21.335
21.53
21.7
21.94
22.11
22.445
22.635
22.995
23.185
23.36
23.73
23.92
24.095
24.44
24.82
25.015
25.19
25.35
25.385
25.545
25.71
26.125
26.285
26.47
26.655
26.89
27.04
27.21
27.41
27.785
28.35
28.545
28.87
29.295
29.62
29.845
29.86
