0.225
0.395
0.65
0.825
1.14
1.22
1.74
2.04
2.14
2.195
2.485
2.645
2.9
2.925
3.09
3.375
3.535
3.825
3.98
4.245
4.42
4.58
4.72
4.89
5.015
5.17
5.335
5.6
5.765
6.065
6.245
6.365
6.49
6.515
6.67
6.82
6.935
7.115
7.33
7.415
7.5
7.59
7.895
8.075
8.345
8.38
8.46
8.82
9.015
9.26
9.48
9.935
10.38
10.68
10.835
11.115
11.285
11.535
11.585
11.73
11.75
11.99
12.175
12.46
12.57
12.645
12.9
13.065
13.36
13.54
13.805
13.975
14.135
14.695
14.71
15.145
15.295
15.325
15.59
15.765
16.035
16.155
16.23
16.51
16.665
16.945
17.13
17.395
17.56
17.84
18.01
18.15
18.295
18.45
18.765
18.86
19.065
19.2
19.35
19.615
19.815
19.935
20.235
20.695
20.86
21.07
21.15
21.38
21.6
21.835
21.89
22.06
22.325
22.505
22.925
23.165
23.25
23.265
23.725
23.9
24.57
24.84
25.1
25.185
25.33
25.675
25.77
26.11
26.255
26.765
27.015
27.245
27.6
28.165
28.665
28.975
29.14
