0.115
0.275
0.63
0.805
1.135
1.31
1.675
1.84
2.175
2.355
2.695
2.875
2.92
3.215
3.38
3.735
3.895
4.255
4.395
4.755
4.77
4.92
5.27
5.425
5.785
5.945
6.295
6.33
6.465
6.83
6.985
7.35
7.495
7.515
7.865
8.075
8.385
8.55
8.6
8.925
9.125
9.455
9.575
9.94
10.105
10.47
10.62
10.665
10.975
11.47
11.635
12.005
12.16
12.22
12.51
12.665
13.035
13.085
13.195
13.545
13.7
13.78
14.055
14.22
14.265
14.4
14.56
14.605
14.75
14.79
15.08
15.255
15.285
15.585
15.62
15.77
15.92
16.12
16.295
16.345
16.645
16.79
17.135
17.155
17.315
17.355
17.655
17.69
17.83
18.19
18.365
18.7
18.86
19.235
19.385
19.56
19.74
19.895
20.24
20.415
20.765
20.92
21.275
21.445
21.49
21.825
21.975
22.32
22.5
22.515
22.825
23.005
23.34
23.515
23.895
24.035
24.4
24.55
24.91
25.045
25.075
25.415
25.57
25.95
26.115
26.475
26.63
26.99
27.16
27.185
27.5
27.67
28.025
28.175
28.525
28.695
28.745
29.03
29.195
29.55
29.71
