0.16
0.32
0.485
0.665
0.825
1.165
1.495
1.835
2.005
2.165
2.355
2.505
2.83
3.17
3.335
3.5
3.845
4.16
4.505
4.68
4.845
5.025
5.18
5.52
5.84
6.18
6.365
6.52
6.83
7.02
7.13
7.37
7.51
7.695
7.85
7.99
8.175
8.36
8.525
8.67
8.785
9.18
9.36
9.5
9.725
9.85
10.035
10.18
10.52
10.845
11.09
11.15
11.36
11.49
11.52
11.855
12.01
12.19
12.515
12.69
12.865
13.195
13.525
13.855
14.02
14.05
14.195
14.525
14.73
14.865
15.045
15.195
15.365
15.515
15.705
15.87
16.05
16.205
16.365
16.525
16.68
16.855
17.38
17.535
17.87
18.055
18.205
18.405
18.545
18.86
19.185
19.525
19.72
19.875
20.045
20.195
20.375
20.53
20.71
21.05
21.21
21.54
21.865
22.045
22.205
22.375
22.545
22.705
22.765
22.87
23.2
23.37
23.54
23.62
23.705
23.87
24.195
24.54
24.705
24.885
25.06
25.205
25.545
25.885
26.04
26.215
26.38
26.535
26.87
27.195
27.37
27.52
27.54
27.865
28.05
28.21
28.525
28.715
28.885
