0.2
0.36
0.75
1.06
1.15
1.415
1.55
1.96
2.225
2.36
2.625
2.65
2.77
3.005
3.165
3.425
3.54
3.96
4.275
4.375
4.63
4.78
5.05
5.195
5.59
5.77
5.865
6.0
6.315
6.42
6.69
6.8
6.845
7.245
7.625
7.65
7.9
8.07
8.285
8.49
8.675
8.91
9.17
9.29
9.705
9.99
10.11
10.525
10.935
11.225
11.33
11.6
11.63
11.75
12.15
12.56
12.98
13.28
13.39
13.705
13.805
14.075
14.2
14.485
14.62
14.855
15.02
15.285
15.45
15.845
16.09
16.12
16.245
16.52
16.67
16.9
17.055
17.45
17.485
17.71
17.77
17.86
18.14
18.28
18.575
18.67
19.07
19.345
19.48
19.74
19.87
19.89
20.12
20.28
20.535
20.68
20.91
21.095
21.33
21.48
21.54
21.795
21.895
22.315
22.49
22.585
22.71
22.73
22.93
23.12
23.56
23.82
23.935
24.22
24.36
24.6
24.62
24.775
24.96
25.025
25.16
25.44
25.575
25.86
26.005
26.255
26.385
26.43
26.71
26.82
27.235
27.515
27.66
27.905
28.06
28.445
28.465
28.725
28.87
29.13
29.26
29.29
29.61
29.705
29.735
