0.36
0.4
0.76
0.975
0.99
1.13
1.17
1.335
1.5
2.235
2.275
2.625
2.82
2.97
3.155
3.2
3.725
3.93
4.07
4.265
4.43
4.605
4.765
4.88
4.98
5.11
5.515
5.7
5.875
6.07
6.21
6.43
6.585
6.765
6.94
7.135
7.49
7.65
7.845
8.01
8.575
8.61
8.885
9.105
9.465
9.685
10.035
10.18
10.4
10.54
10.74
10.9
11.3
11.52
11.665
11.875
11.975
12.595
12.635
13.105
13.66
13.865
14.0
14.215
14.415
14.59
14.775
14.925
15.295
15.47
15.51
15.635
15.855
15.985
16.175
16.295
16.39
16.57
16.715
17.07
17.33
17.46
17.645
17.805
18.025
18.185
18.355
18.745
18.87
19.08
19.225
19.42
19.575
19.94
20.16
20.515
20.665
21.05
21.065
21.245
21.42
21.605
21.75
21.965
22.11
22.315
22.46
22.865
23.075
23.38
23.465
23.575
24.15
24.18
24.515
24.675
25.05
25.225
25.43
25.805
25.995
26.15
26.37
26.5
26.72
26.865
27.085
27.235
27.43
27.6
28.195
28.35
28.76
28.965
29.48
