0.07
0.325
0.66
0.935
1.235
1.365
1.515
1.84
2.13
2.44
2.73
3.035
3.2
3.355
3.63
3.79
3.93
4.25
4.4
4.54
4.56
4.835
5.15
5.31
5.455
5.685
5.775
6.07
6.37
6.685
6.915
6.985
7.135
7.29
7.585
7.905
8.2
8.405
8.505
8.635
8.72
8.785
9.105
9.4
9.71
9.995
10.31
10.615
10.9
10.935
11.205
11.55
11.715
11.82
12.095
12.42
12.58
12.73
12.885
13.045
13.315
13.48
13.625
13.955
14.09
14.255
14.555
14.705
14.84
15.15
15.305
15.385
15.46
15.78
15.915
16.06
16.37
16.595
16.975
17.275
17.605
17.885
18.345
18.48
18.79
19.105
19.385
19.415
19.7
19.995
20.3
20.76
20.885
21.055
21.215
21.36
21.425
21.515
22.105
22.445
22.72
23.17
23.32
23.62
23.94
24.235
24.53
24.835
25.025
25.145
25.455
25.745
26.35
26.405
26.665
26.965
27.275
27.565
28.015
28.16
28.48
28.78
28.805
29.075
29.375
29.685
29.835
29.985
