0.465
0.755
1.05
1.92
2.145
2.43
2.705
2.745
3.015
3.28
3.6
3.865
3.895
4.095
4.18
4.475
4.75
5.01
5.28
5.55
5.835
6.095
6.365
6.665
6.855
7.035
7.23
7.765
7.915
8.215
8.41
8.635
8.9
9.19
9.465
9.74
10.02
10.305
10.585
10.855
11.11
11.4
11.67
11.945
12.205
12.49
12.76
13.025
13.315
13.575
13.845
14.115
14.37
14.63
14.91
15.19
15.23
15.73
16.0
16.81
17.08
17.37
17.64
18.155
18.415
18.68
18.945
19.21
19.495
19.57
19.775
20.28
20.34
20.57
20.835
21.1
21.195
21.4
21.455
21.715
22.555
22.825
23.1
23.395
23.685
23.95
23.975
24.23
24.405
24.555
24.8
25.01
25.09
25.345
25.64
25.905
26.185
26.645
26.715
26.865
26.965
27.265
27.54
27.725
27.955
28.03
28.215
28.505
28.73
28.915
29.15
29.455
29.6
29.69
