0.19
0.32
0.445
0.57
0.855
0.975
1.1
1.345
1.505
1.62
1.89
2.155
2.285
2.42
2.55
2.67
2.955
3.07
3.2
3.34
3.465
3.725
3.995
4.18
4.25
4.535
4.65
4.775
5.055
5.185
5.305
5.45
5.575
5.705
5.83
6.1
6.22
6.35
6.4
6.625
6.755
6.88
7.135
7.285
7.405
7.545
7.65
7.815
7.935
8.2
8.335
8.455
8.605
8.735
8.855
8.98
9.39
9.51
9.655
9.78
10.035
10.305
10.44
10.565
10.705
10.83
10.955
11.085
11.34
11.49
11.615
11.75
11.885
12.02
12.135
12.405
12.665
12.91
12.945
13.06
13.195
13.465
13.715
13.845
13.99
14.115
14.245
14.51
14.64
14.765
15.04
15.17
15.295
15.575
15.695
15.82
15.955
16.06
16.225
16.345
16.61
16.74
16.87
17.11
17.14
17.275
17.325
17.4
17.68
17.78
17.855
17.925
18.06
18.19
18.325
18.45
18.715
18.845
18.975
19.25
19.27
19.375
19.495
19.785
19.895
20.025
20.305
20.43
20.545
20.82
20.955
21.075
21.355
21.485
21.6
21.885
22.015
22.13
22.4
22.54
22.655
22.925
23.19
23.415
23.705
23.96
24.085
24.235
24.5
24.635
24.76
25.025
25.28
25.555
25.8
26.075
26.33
26.86
27.125
27.265
27.375
27.655
27.805
27.91
28.18
28.295
28.44
28.7
28.965
29.23
29.485
