0.095
0.345
0.525
0.76
0.955
1.395
1.63
1.715
1.835
2.28
2.64
2.74
2.985
3.35
3.65
3.89
4.11
4.47
4.82
5.17
5.495
5.725
5.915
6.14
6.36
6.54
6.665
6.805
7.23
7.465
7.48
7.665
7.885
8.09
8.4
8.51
8.745
8.96
9.17
9.375
9.6
9.815
10.005
10.235
10.665
11.11
11.365
11.81
12.1
12.655
12.94
13.09
13.32
13.36
13.51
13.79
14.22
14.665
14.86
15.13
15.225
15.335
15.42
15.525
15.97
16.395
16.665
16.835
17.0
17.255
17.27
17.7
18.125
18.365
18.555
18.99
19.43
19.675
19.875
20.25
20.615
20.98
21.305
21.54
21.795
22.135
22.49
22.85
23.18
23.41
23.63
23.83
24.075
24.09
24.255
24.515
24.945
25.165
25.38
25.64
25.815
26.165
26.245
26.475
26.69
26.865
27.13
27.455
27.565
27.715
27.99
28.435
28.665
28.875
29.09
29.3
29.74
29.76
