0.12
0.36
0.57
0.805
1.04
1.295
1.525
1.735
1.98
2.24
2.68
2.93
3.15
3.39
3.61
3.845
4.095
4.555
4.78
5.03
5.27
5.5
5.735
5.84
5.96
6.205
6.335
6.445
6.67
6.785
6.89
6.91
7.16
7.41
7.64
7.77
7.89
7.97
8.11
8.34
8.575
8.815
9.145
9.26
9.73
9.965
10.2
10.455
10.695
10.915
11.16
11.61
11.85
12.105
12.565
12.805
13.05
13.3
13.505
13.745
13.985
14.2
14.44
14.925
15.18
15.4
15.85
16.065
16.35
16.455
16.635
16.805
17.04
17.26
17.285
17.51
17.74
17.985
18.235
18.455
18.695
18.92
19.155
19.39
19.62
19.855
20.1
20.325
20.56
20.795
21.035
21.505
21.73
21.845
22.005
22.21
22.43
22.66
22.915
23.26
23.37
23.605
23.85
24.3
24.55
24.795
24.945
25.275
25.62
25.75
25.975
26.08
26.215
26.455
26.705
26.95
27.14
27.32
27.39
27.625
27.85
28.08
28.55
28.79
29.025
29.495
29.98
