0.265
0.46
0.695
0.94
0.985
1.245
1.405
1.43
1.63
1.905
2.15
2.28
2.36
2.605
2.855
3.305
3.53
3.805
4.07
4.18
4.265
4.485
4.75
5.205
5.24
5.445
5.715
5.95
6.18
6.395
6.66
7.0
7.125
7.37
7.61
8.075
8.315
8.55
8.58
9.02
9.26
9.3
9.53
9.77
9.975
9.995
10.19
10.465
10.705
10.925
10.94
11.165
11.415
11.875
12.125
12.355
12.385
12.825
13.075
13.315
13.52
13.555
13.78
13.97
14.035
14.27
14.545
14.68
14.735
14.75
14.965
15.22
15.475
15.68
15.905
16.16
16.635
16.86
17.125
17.385
17.4
17.585
17.61
17.845
18.075
18.46
18.525
18.775
19.025
19.28
19.485
19.7
19.965
19.995
20.455
20.675
20.92
21.16
21.4
21.425
21.87
22.35
22.585
22.855
23.315
23.435
23.535
23.785
24.055
24.25
24.48
24.79
24.98
25.085
25.23
25.45
25.72
25.915
26.13
26.17
26.385
26.62
26.875
27.09
27.335
27.575
27.605
27.89
28.035
28.285
28.535
28.9
28.995
29.24
29.395
29.91
29.94
29.96
