0.085
0.28
0.5
0.665
0.705
0.87
1.275
1.665
1.88
2.12
2.285
2.5
2.71
2.91
3.305
3.915
4.115
4.34
4.525
4.57
4.93
5.145
5.54
5.72
6.135
6.54
6.745
7.15
7.37
7.79
8.185
8.42
8.805
9.01
9.43
9.825
10.065
10.44
10.65
10.85
11.055
11.445
11.66
12.045
12.255
12.46
12.49
12.655
12.72
12.885
13.065
13.27
13.67
13.88
14.065
14.28
14.68
14.905
15.19
15.3
15.505
15.715
15.92
16.315
16.535
16.915
17.12
17.31
17.345
17.515
17.915
18.135
18.515
18.715
19.53
19.745
20.145
20.17
20.35
20.59
20.765
21.17
21.385
21.77
21.975
22.2
22.385
22.79
23.005
23.4
23.605
23.815
24.01
24.41
24.615
25.015
25.22
25.315
25.61
25.645
26.015
26.22
26.62
26.82
27.225
27.635
27.845
28.255
28.455
28.67
28.86
29.26
29.475
29.87
