0.28
0.52
0.68
0.895
1.07
1.275
1.46
1.66
1.895
2.04
2.235
2.44
2.47
2.625
2.81
3.005
3.2
3.405
3.585
3.78
3.97
4.17
4.355
4.54
4.735
4.935
5.13
5.315
5.505
5.715
5.895
6.08
6.275
6.485
6.66
6.84
7.05
7.245
7.44
7.61
7.825
7.97
8.02
8.21
8.245
8.385
8.6
8.795
8.975
9.16
9.365
9.56
9.61
9.75
9.81
9.935
10.14
10.335
10.52
10.71
10.895
11.1
11.14
11.29
11.48
11.66
11.865
12.055
12.23
12.44
12.59
12.625
12.815
12.84
12.995
13.205
13.39
13.585
13.76
13.96
14.18
14.205
14.545
14.74
14.935
15.125
15.22
15.32
15.685
15.905
16.07
16.275
16.475
16.665
16.845
16.985
17.07
17.22
17.44
17.62
17.82
18.02
18.215
18.29
18.4
18.5
18.76
18.785
18.995
19.16
19.37
19.385
19.56
19.735
19.93
20.09
20.165
20.315
20.54
20.67
20.705
20.92
21.11
21.3
21.495
21.71
21.89
22.125
22.275
22.465
22.665
22.86
23.04
23.215
23.28
23.455
23.63
23.825
24.02
24.075
24.23
24.425
24.61
24.96
25.185
25.365
25.58
25.77
25.955
26.145
26.535
26.58
26.735
26.775
26.925
27.13
27.195
27.315
27.515
27.575
27.705
27.92
28.085
28.29
28.465
28.67
28.87
29.06
29.245
29.47
29.645
29.835
