0.885
1.11
1.36
1.57
1.715
2.06
2.3
2.525
2.73
3.055
3.225
3.7
4.19
4.64
4.895
5.1
5.145
5.535
5.61
5.92
6.07
6.545
6.805
7.035
7.275
7.375
7.525
7.98
8.45
8.725
8.995
9.4
9.92
10.34
10.595
11.295
11.83
12.25
12.51
12.71
12.92
13.19
13.43
13.57
13.68
14.15
14.39
14.655
15.11
15.6
16.075
16.325
16.58
16.85
16.945
17.055
17.29
17.55
17.705
17.965
18.945
19.18
19.41
19.595
19.705
19.88
20.11
20.37
20.84
21.095
21.315
21.565
21.77
22.25
22.715
23.205
23.235
23.945
24.155
24.625
24.9
25.57
25.855
26.055
26.29
26.375
26.535
26.745
26.78
26.95
26.995
27.265
27.49
27.75
27.985
28.22
28.46
28.84
28.955
29.19
29.435
29.685
29.895
