0.295
0.665
1.065
1.43
1.47
1.855
2.145
2.225
2.62
2.76
2.97
3.015
3.38
3.645
3.76
4.16
4.435
4.52
4.905
5.13
5.26
5.65
5.89
6.04
6.37
6.435
6.605
6.64
6.81
7.045
7.19
7.365
7.56
7.595
7.8
7.965
8.295
8.64
8.755
9.1
9.45
9.855
10.105
10.235
10.425
10.61
10.835
10.99
11.195
11.35
11.565
11.73
12.095
12.305
12.465
12.67
12.815
13.025
13.05
13.195
13.545
13.56
13.79
13.95
14.23
14.31
14.7
14.78
14.915
15.06
15.255
15.45
15.665
15.685
15.81
16.185
16.205
16.455
16.56
16.925
17.14
17.285
17.665
17.72
17.88
17.95
18.045
18.31
18.625
18.78
19.005
19.15
19.17
19.53
19.92
20.26
20.29
20.59
20.675
21.035
21.39
21.765
22.015
22.52
22.885
23.245
23.635
23.825
23.87
23.965
24.005
24.21
24.375
24.58
24.635
24.735
25.11
25.47
25.845
26.2
26.585
26.895
26.975
27.225
27.385
27.575
27.605
27.72
28.095
28.49
29.24
29.315
29.48
29.53
