0.06
0.38
0.61
0.68
0.99
1.2
1.52
1.63
1.8
1.865
1.94
1.97
2.16
2.25
2.465
2.56
2.88
3.105
3.18
3.21
3.505
3.705
4.005
4.145
4.315
4.335
4.44
4.5
4.76
4.955
5.05
5.22
5.285
5.38
5.67
5.685
5.705
5.99
6.19
6.525
6.625
6.835
6.93
7.15
7.235
7.42
7.46
7.53
7.74
7.86
8.155
8.5
8.825
8.865
8.95
9.155
9.18
9.355
9.455
9.645
9.78
10.075
10.29
10.395
10.625
10.7
11.02
11.22
11.53
11.635
11.815
11.93
12.14
12.25
12.475
12.555
12.61
12.885
13.1
13.255
13.515
13.7
13.815
13.935
14.02
14.115
14.325
14.415
14.51
14.735
14.955
15.07
15.365
15.575
15.675
15.72
15.985
16.18
16.225
16.4
16.49
16.595
16.815
16.9
17.225
17.435
17.535
17.575
17.845
18.0
18.075
18.155
18.205
18.46
18.67
18.775
18.975
19.065
19.285
19.375
19.59
19.72
20.03
20.265
20.34
20.665
20.965
21.015
21.195
21.31
21.49
21.625
21.895
21.925
22.155
22.225
22.45
22.53
22.75
22.845
23.155
23.465
23.67
23.995
24.095
24.305
24.39
24.625
24.71
24.9
25.015
25.335
25.555
25.64
25.95
26.165
26.465
26.585
26.805
26.9
27.09
27.21
27.415
27.505
27.825
28.04
28.12
28.425
28.645
28.93
29.06
29.23
29.365
29.405
29.68
29.81
29.975
