0.185
0.235
0.68
0.855
0.975
1.135
1.235
1.485
1.625
1.92
2.29
2.535
2.69
2.975
3.055
3.325
3.575
3.71
3.975
4.08
4.35
4.435
4.71
4.895
4.96
5.345
5.51
5.55
5.615
5.735
6.015
6.38
6.63
6.755
7.025
7.16
7.39
7.555
7.685
7.83
8.07
8.19
8.295
8.44
8.575
8.83
9.085
9.215
9.46
9.725
9.855
10.145
10.245
10.51
10.75
10.915
11.13
11.54
11.795
11.855
11.935
12.195
12.59
12.87
12.975
12.995
13.255
13.38
13.52
13.65
13.91
14.025
14.305
14.425
14.7
14.96
15.09
15.375
15.485
15.755
16.04
16.135
16.68
16.835
17.12
17.235
17.345
17.45
17.555
17.655
17.785
18.02
18.26
19.115
20.21
20.865
22.95
23.08
23.495
23.97
24.185
24.25
24.4
24.47
25.32
25.425
25.49
26.27
26.36
26.48
26.675
26.895
27.02
27.65
27.805
27.87
28.05
28.16
28.645
29.65
