0.305
0.56
0.805
1.315
1.565
1.82
2.075
2.335
2.6
2.84
3.345
3.865
4.125
4.26
4.38
4.885
5.14
5.395
5.59
5.915
6.165
6.43
6.68
6.935
7.445
7.745
7.96
8.465
8.73
8.98
9.23
9.5
9.845
10.01
10.265
10.52
10.775
10.81
11.025
11.29
11.54
11.845
12.05
12.295
12.555
12.825
13.07
13.35
13.585
13.87
14.095
14.35
14.6
14.86
15.12
15.395
15.64
15.895
16.14
16.665
16.95
17.165
17.675
18.185
18.45
18.69
18.945
19.11
19.215
19.715
20.245
20.5
20.745
21.005
21.26
21.53
21.77
22.09
22.285
22.535
22.59
22.805
23.04
23.285
23.305
23.575
23.82
24.085
24.33
24.6
24.835
25.095
25.355
25.615
25.865
25.89
26.125
26.145
26.375
26.63
26.875
27.14
27.395
27.65
27.9
28.42
28.685
28.93
29.195
29.44
29.705
29.96
