0.185
0.3
0.605
0.84
1.0
1.16
1.255
1.5
1.575
1.9
2.145
2.25
2.49
2.805
2.89
2.945
3.1
3.115
3.215
3.465
3.56
3.865
3.905
4.105
4.22
4.52
4.565
4.78
4.87
5.085
5.165
5.415
5.535
5.58
5.835
5.895
6.1
6.19
6.365
6.48
6.72
6.825
7.05
7.355
7.48
7.685
7.785
7.995
8.135
8.335
8.425
8.64
8.77
8.98
9.06
9.3
9.435
9.615
9.705
9.955
10.045
10.23
10.35
10.575
10.69
10.715
10.975
11.22
11.355
11.615
11.86
11.885
11.97
12.26
12.5
12.825
12.915
13.15
13.245
13.485
13.565
13.78
13.905
14.19
14.425
14.555
14.825
14.87
15.065
15.24
15.355
15.4
15.475
15.71
15.735
15.86
16.125
16.395
16.485
16.665
16.77
17.01
17.115
17.335
17.425
17.65
17.75
17.955
18.065
18.29
18.39
18.615
18.7
18.93
19.03
19.25
19.325
19.57
19.66
19.96
19.985
20.2
20.405
20.62
20.66
20.885
20.94
21.135
21.27
21.315
21.635
21.775
21.91
22.11
22.26
22.55
22.755
22.89
23.1
23.185
23.275
23.42
23.53
23.725
23.83
24.07
24.165
24.385
24.47
24.7
24.825
25.105
25.295
25.335
25.455
25.655
25.74
25.97
26.08
26.37
26.435
26.61
26.71
27.01
27.045
27.25
27.365
27.56
27.665
27.895
28.01
28.315
28.55
28.895
29.195
29.305
29.615
29.95
