0.08
0.105
0.23
0.255
0.285
0.63
1.175
1.63
1.745
1.775
2.185
2.54
2.715
2.885
3.04
3.105
3.12
3.185
3.745
4.23
4.63
4.78
4.9
4.975
5.01
5.095
6.18
6.59
6.86
7.065
7.085
7.745
7.905
8.06
9.065
9.54
9.58
9.66
9.705
10.055
10.465
10.56
10.885
10.925
11.11
11.495
11.655
11.83
11.985
12.955
13.48
13.51
14.0
14.185
14.24
14.32
14.51
14.78
15.305
15.395
15.56
16.27
16.615
16.835
17.75
18.19
18.695
19.075
19.25
19.42
19.485
19.605
19.645
19.71
20.155
20.57
20.63
21.1
21.58
21.67
21.72
21.975
22.04
22.1
22.19
22.55
22.81
22.89
23.165
23.345
23.455
23.525
23.735
23.815
24.13
24.21
24.385
24.49
24.65
24.725
24.79
24.945
25.165
25.44
25.505
25.9
25.995
26.025
26.365
26.4
26.475
26.635
26.815
26.985
27.32
27.825
28.275
28.36
29.315
29.515
29.625
29.935
