0.215
0.28
0.445
0.8
1.09
1.135
1.38
1.675
1.885
1.965
2.255
2.55
2.76
2.84
3.06
3.13
3.405
3.435
3.715
3.94
4.015
4.3
4.595
4.885
5.135
5.305
5.41
5.47
5.765
6.05
6.115
6.26
6.35
6.54
6.635
6.935
7.145
7.23
7.435
7.52
7.555
7.665
7.73
7.805
8.03
8.105
8.32
8.395
8.61
8.68
8.91
8.975
9.27
9.47
9.565
9.77
9.875
10.145
10.325
10.445
10.65
10.73
10.89
10.955
11.025
11.255
11.315
11.645
11.905
12.11
12.195
12.38
12.48
12.78
12.84
13.075
13.105
13.365
13.65
13.945
14.235
14.53
14.82
15.12
15.41
15.64
15.705
15.99
16.28
16.58
16.86
17.16
17.245
17.455
17.545
17.74
17.81
18.04
18.325
18.62
18.68
18.91
19.095
19.23
19.365
19.495
19.8
19.98
20.08
20.125
20.27
20.38
20.665
20.96
21.16
21.255
21.54
21.615
21.77
21.835
22.075
22.135
22.18
22.355
22.42
22.45
22.62
22.71
22.955
23.005
23.185
23.245
23.31
23.43
23.525
23.595
23.79
23.855
23.925
24.175
24.375
24.47
24.74
24.815
24.97
25.055
25.34
25.635
25.925
25.985
26.14
26.165
26.225
26.355
26.42
26.51
26.81
27.095
27.155
27.39
27.595
27.675
27.975
28.195
28.27
28.6
28.73
28.85
29.145
29.215
29.43
29.665
29.73
29.985
