0.095
0.385
0.53
0.73
1.015
1.205
1.675
1.885
2.29
2.595
2.81
3.05
3.245
3.305
3.535
3.68
3.75
3.965
3.99
4.2
4.42
4.685
4.875
5.065
5.4
5.505
5.775
5.9
6.12
6.495
6.535
6.63
6.81
7.03
7.185
7.285
7.485
7.575
7.79
8.15
8.64
8.845
9.555
10.07
10.13
10.425
10.665
10.9
11.18
11.395
11.43
11.585
11.865
12.27
12.645
12.85
13.195
13.27
13.405
13.57
13.605
13.95
14.01
14.265
14.66
14.735
14.955
14.98
15.385
15.645
15.695
15.875
16.095
16.355
17.06
17.4
17.5
17.745
17.94
18.42
18.85
18.92
19.13
19.565
19.855
20.285
20.555
21.26
21.635
21.68
21.975
22.255
22.39
22.695
22.96
23.17
23.405
23.615
23.835
24.08
24.31
24.52
24.76
24.99
25.235
25.45
25.865
25.96
26.155
26.2
26.635
26.895
27.1
27.27
27.34
27.58
27.82
28.04
28.255
28.28
28.695
28.755
28.995
29.7
29.955
