0.09
0.335
0.58
0.84
1.08
1.335
1.595
1.685
1.84
2.1
2.325
2.345
2.59
2.655
2.855
3.09
3.35
3.415
3.6
3.85
4.1
4.35
4.605
4.855
5.105
5.365
5.615
5.86
6.115
6.38
6.62
6.87
7.115
7.365
7.515
7.61
7.855
8.125
8.375
8.635
9.145
9.4
9.64
9.855
10.04
10.14
10.4
10.65
10.9
11.145
11.41
11.565
11.655
11.9
12.065
12.165
12.4
12.66
12.915
13.165
13.42
13.675
13.93
14.17
14.425
14.685
14.925
15.175
15.435
15.68
15.935
16.185
16.43
16.69
16.73
16.945
17.2
17.455
17.605
17.71
17.745
17.965
18.025
18.075
18.2
18.46
18.705
18.96
19.2
19.455
19.47
19.72
19.865
19.965
20.225
20.465
20.71
20.98
21.22
21.48
21.73
21.985
22.225
22.48
22.735
22.99
23.235
23.435
23.495
23.75
24.0
24.25
24.5
24.75
24.775
25.02
25.26
25.51
25.755
25.81
25.985
26.12
26.25
26.505
26.755
27.01
27.1
27.26
27.505
27.525
27.66
27.765
28.015
28.27
28.495
28.77
29.16
29.265
29.31
29.58
