0.095
0.295
0.555
0.585
1.13
1.41
1.68
1.98
2.15
2.27
2.53
2.76
3.345
3.59
3.615
3.85
4.16
4.395
4.645
4.89
5.46
5.5
5.72
6.0
6.295
6.41
6.465
6.55
6.57
6.755
6.83
7.09
7.625
7.885
8.155
8.685
8.97
9.2
9.53
9.55
10.02
10.05
10.275
10.535
10.785
11.03
11.31
11.585
11.845
12.045
12.34
12.62
12.855
13.14
13.375
13.445
13.675
13.725
13.94
14.215
14.44
14.465
14.73
14.985
15.235
15.445
15.52
15.78
16.05
16.255
16.545
16.58
16.83
17.04
17.09
17.305
17.345
17.58
17.62
17.845
18.15
18.415
18.665
19.205
19.465
19.74
20.015
20.27
20.54
20.81
20.835
21.075
21.32
21.375
21.6
21.85
21.91
22.105
22.4
22.42
22.625
22.905
23.175
23.425
23.675
23.945
24.225
24.49
24.735
25.015
25.275
25.53
25.79
26.045
26.1
26.315
26.59
26.84
27.105
27.38
27.59
27.64
27.865
28.14
28.415
28.675
28.92
29.2
29.23
29.47
29.725
