0.165
0.195
0.505
0.68
0.845
1.02
1.14
1.38
1.465
1.675
1.77
2.005
2.12
2.22
2.445
2.805
2.945
3.125
3.305
3.46
3.525
3.665
3.76
3.94
4.06
4.11
4.3
4.4
4.73
5.05
5.26
5.41
5.73
5.91
6.25
6.365
6.68
6.71
6.9
7.01
7.24
7.275
7.35
7.575
7.66
8.02
8.185
8.34
8.435
8.53
8.685
8.79
8.98
9.315
9.515
9.62
9.95
10.27
10.635
10.79
10.94
11.135
11.23
11.47
11.59
11.93
12.12
12.23
12.415
12.69
12.91
13.17
13.215
13.35
13.42
13.445
13.525
13.695
13.86
14.02
14.065
14.14
14.305
14.56
14.68
14.84
14.865
15.17
15.5
15.865
16.18
16.36
16.525
16.69
16.82
17.155
17.35
17.46
17.795
17.97
18.105
18.47
18.625
18.79
18.97
19.13
19.24
19.335
19.43
19.635
19.77
19.96
20.07
20.405
20.72
20.95
21.08
21.39
21.405
21.58
21.925
22.04
22.375
22.575
22.68
22.7
22.99
23.33
23.69
23.86
24.01
24.195
24.35
24.52
24.65
24.88
24.99
25.185
25.29
25.305
25.625
25.94
26.3
26.625
26.8
26.895
27.135
27.255
27.6
27.795
27.9
27.92
28.14
28.235
28.555
28.76
28.79
28.885
28.92
29.075
29.24
29.265
29.42
29.77
29.885
