0.585
0.905
0.995
1.435
1.735
1.855
2.16
2.545
2.735
2.865
3.04
3.11
3.45
3.55
3.595
3.92
3.995
4.025
4.065
4.205
4.31
4.415
4.47
4.66
4.725
4.86
4.93
5.145
5.285
5.6
5.7
6.005
6.43
6.55
6.84
7.01
7.305
7.43
7.535
7.695
7.75
7.845
8.175
8.29
8.595
8.705
9.02
9.235
9.41
9.57
9.685
9.86
9.965
9.98
10.38
10.47
10.725
10.83
10.87
11.09
11.27
11.49
11.6
11.7
11.72
11.99
12.405
12.545
12.82
13.005
13.26
13.39
13.68
13.82
13.885
14.23
14.565
14.66
14.97
14.985
15.065
15.095
15.415
15.505
15.805
15.83
16.2
16.355
16.68
16.76
16.98
17.08
17.2
17.505
17.74
17.895
18.035
18.3
18.335
18.48
18.775
18.885
19.13
19.19
19.6
19.725
20.005
20.04
20.17
20.465
20.585
20.88
21.095
21.29
21.64
21.71
21.89
22.17
22.205
22.275
22.36
22.385
22.59
22.71
22.955
23.105
23.37
23.665
23.89
24.08
24.365
24.53
24.835
24.965
25.155
25.215
25.365
25.385
25.405
25.615
25.785
26.065
26.245
26.465
26.685
26.855
27.05
27.075
27.37
27.505
27.545
27.855
27.925
28.265
28.35
28.65
28.68
28.765
29.085
29.185
29.475
29.51
29.86
29.91
29.985
