0.26
0.44
0.675
0.885
1.005
1.23
1.29
1.63
1.785
1.99
2.065
2.25
2.405
2.57
2.84
3.19
3.205
3.35
3.57
3.74
3.955
4.125
4.345
4.525
4.735
4.9
4.94
5.125
5.165
5.34
5.515
5.68
5.91
6.06
6.14
6.52
6.68
6.895
7.075
7.24
7.295
7.495
7.51
7.835
8.015
8.235
8.46
8.62
9.005
9.05
9.185
9.505
9.76
9.94
9.975
10.14
10.325
10.7
10.79
10.91
11.06
11.27
11.295
11.445
11.67
11.835
12.03
12.235
12.45
12.615
12.82
13.01
13.04
13.225
13.4
13.615
13.805
13.835
13.965
14.18
14.435
14.615
14.8
14.96
15.175
15.375
15.575
15.745
15.98
16.155
16.175
16.355
16.54
16.745
16.955
17.14
17.305
17.575
17.645
17.92
18.09
18.315
18.495
18.735
18.875
18.895
19.105
19.275
19.505
19.71
20.085
20.265
20.445
20.71
20.845
21.05
21.235
21.27
21.43
21.45
21.475
21.84
22.02
22.255
22.43
22.635
22.675
22.81
23.03
23.21
23.415
23.59
23.795
23.85
23.985
24.195
24.365
24.59
24.62
24.73
24.985
25.155
25.37
25.57
25.95
26.175
26.265
26.565
26.74
26.775
26.98
27.145
27.395
27.535
27.785
27.85
28.145
28.325
28.49
28.735
28.93
29.115
29.31
29.365
29.425
29.74
29.915
