0.56
0.655
0.905
1.335
1.36
1.58
1.675
1.81
2.015
2.235
2.475
2.885
3.365
3.595
4.045
4.305
4.37
4.53
4.935
5.165
5.385
5.73
5.795
6.01
6.075
6.245
6.465
6.825
6.91
7.155
7.185
7.36
7.475
7.82
8.085
8.48
8.595
8.795
8.95
9.135
9.455
9.54
9.645
9.755
10.005
10.02
10.44
10.55
10.69
10.905
11.23
11.355
11.9
12.29
12.37
12.715
13.165
13.41
13.56
14.03
14.255
14.715
14.955
15.145
15.415
15.63
15.845
16.06
16.275
16.72
16.93
17.04
17.09
17.185
17.35
17.575
17.77
18.23
18.46
18.59
18.695
18.805
18.895
18.93
19.11
19.23
19.46
19.56
19.72
19.78
19.98
20.105
20.22
20.415
20.635
20.855
21.075
21.285
21.41
21.505
21.64
21.72
21.94
22.15
22.285
22.38
22.505
22.585
22.71
22.81
22.94
23.035
23.13
23.24
23.45
23.68
23.79
23.885
24.04
24.11
24.325
24.535
24.755
24.975
25.185
25.41
25.445
25.625
25.85
25.98
26.1
26.27
26.49
26.585
26.91
27.135
27.265
27.445
28.1
28.285
28.51
28.615
28.705
28.82
28.925
29.165
29.255
29.37
29.585
29.81
29.91
