0.09
0.3
0.415
0.47
0.595
0.82
0.945
1.15
1.575
2.34
2.525
2.635
2.735
3.145
3.31
3.47
3.81
4.07
4.64
5.015
5.205
5.595
5.765
6.345
6.65
6.885
7.295
7.49
7.68
8.03
8.62
9.19
9.555
9.755
9.945
10.105
10.3
10.875
11.42
11.8
12.01
12.2
12.545
12.935
13.695
13.985
14.265
14.445
14.595
14.8
15.945
16.325
16.515
16.69
16.73
17.07
17.68
18.06
18.635
18.82
19.405
19.97
20.355
20.55
20.945
21.12
21.69
22.255
22.62
22.835
22.86
23.23
23.41
24.005
24.2
24.37
24.565
24.745
24.925
25.11
25.3
25.48
25.665
25.855
26.04
26.225
26.785
27.19
27.365
27.74
27.755
27.93
28.155
28.33
28.475
28.885
29.07
29.25
29.455
29.625
29.655
