0.125
0.315
0.495
0.92
1.295
1.62
1.705
1.81
2.11
2.505
2.89
3.2
3.305
3.705
3.88
4.105
4.42
4.495
4.89
5.17
5.285
5.61
5.685
5.985
6.065
6.43
6.495
6.57
6.88
7.29
7.5
7.695
8.03
8.095
8.49
9.275
9.7
10.065
10.47
10.85
11.16
11.275
11.47
11.495
11.645
12.055
12.445
12.855
13.01
13.065
13.225
13.62
14.005
14.405
14.825
15.26
15.485
15.63
15.655
15.865
16.9
17.205
17.6
17.635
18.41
18.445
18.785
19.19
19.335
19.555
19.945
20.37
20.785
20.83
20.96
21.165
21.6
21.8
21.965
22.015
22.17
22.675
22.745
22.81
23.22
23.41
23.585
23.97
24.025
24.385
24.4
24.835
25.215
25.615
25.785
26.0
26.4
26.86
27.245
27.415
27.655
28.075
28.27
28.45
28.835
29.21
29.6
