0.065
0.085
0.215
0.33
0.645
0.665
0.85
0.96
1.14
1.275
1.445
1.595
1.775
1.92
2.07
2.085
2.24
2.395
2.54
2.715
2.865
3.04
3.2
3.38
3.51
3.685
3.83
4.005
4.155
4.315
4.47
4.645
4.795
5.1
5.275
5.43
5.59
5.74
6.07
6.255
6.385
6.545
6.705
6.86
6.92
7.055
7.18
7.235
7.335
7.37
7.515
7.655
7.98
8.06
8.13
8.195
8.305
8.475
8.625
8.69
8.77
8.93
9.1
9.245
9.42
9.565
9.74
9.875
9.915
10.23
10.38
10.54
10.675
10.85
11.02
11.17
11.33
11.485
11.51
11.65
11.805
11.97
12.125
12.28
12.445
12.605
12.635
12.75
12.775
12.935
12.985
13.085
13.23
13.4
13.585
13.73
13.895
14.04
14.205
14.365
14.53
14.69
14.845
15.01
15.17
15.315
15.505
15.53
15.64
15.73
15.79
15.96
16.055
16.285
16.44
16.475
16.59
16.615
16.76
16.915
17.085
17.39
17.55
17.73
17.86
17.88
18.035
18.195
18.28
18.52
18.695
18.84
18.99
19.145
19.31
19.475
19.64
19.8
19.99
20.12
20.25
20.425
20.445
20.565
20.75
20.905
21.005
21.07
21.24
21.385
21.545
21.7
21.865
21.905
22.025
22.19
22.345
22.66
22.685
22.845
22.96
23.29
23.615
23.8
23.845
23.945
24.015
24.115
24.25
24.28
24.435
24.575
24.73
24.895
25.065
25.23
25.38
25.53
25.56
25.7
25.865
26.04
26.105
26.18
26.35
26.5
26.655
26.805
26.975
27.13
27.295
27.45
27.6
27.625
27.77
27.935
28.07
28.095
28.25
28.405
28.545
28.73
28.905
29.05
29.12
29.215
29.29
29.355
29.53
29.685
29.85
