0.355
0.38
0.775
1.075
1.24
1.315
1.705
1.88
2.31
2.68
2.85
3.04
3.07
3.24
3.455
3.635
3.82
4.03
4.21
4.415
4.535
4.64
4.785
4.94
4.99
5.21
5.365
5.575
5.755
5.96
6.14
6.175
6.365
6.53
6.625
6.73
6.795
6.91
6.97
7.14
7.29
7.52
7.675
7.78
7.885
8.075
8.19
8.275
8.445
8.635
8.81
9.01
9.055
9.375
9.59
9.625
10.01
10.185
10.59
10.79
11.195
11.245
11.57
11.755
11.985
12.155
12.455
12.52
12.725
12.75
13.07
13.635
13.685
14.025
14.225
14.625
15.21
15.235
15.385
15.445
15.565
15.775
15.955
16.17
16.355
16.535
16.6
16.88
16.97
17.045
17.26
17.505
17.72
17.885
18.04
18.19
18.39
18.44
18.65
18.795
19.04
19.21
19.36
19.585
19.675
19.775
19.96
20.15
20.335
20.53
20.715
20.915
21.095
21.285
21.48
21.705
21.855
21.95
22.09
22.45
22.67
22.805
23.025
23.21
23.59
23.955
24.185
24.205
24.355
24.61
24.785
24.82
25.18
25.455
25.59
25.76
26.005
26.145
26.2
26.315
26.375
26.77
26.94
27.135
27.58
27.73
27.755
28.135
28.295
28.49
28.51
28.685
28.86
28.96
29.1
29.21
29.3
29.595
29.855
29.975
