0.35
0.67
0.9
1.16
1.51
1.715
1.85
2.59
3.08
3.32
3.72
4.055
4.79
5.05
5.07
5.315
5.345
5.53
5.665
5.855
6.25
6.475
7.01
7.35
7.445
7.585
7.745
8.485
8.68
8.875
9.205
9.455
9.68
9.945
10.235
10.67
10.875
11.015
11.13
11.325
11.565
11.61
11.875
12.06
12.115
12.535
12.64
12.83
13.385
13.55
14.02
14.275
14.495
14.855
15.005
15.415
15.705
15.73
16.07
16.275
16.43
16.725
16.935
17.055
17.17
17.315
17.335
17.605
17.87
18.195
18.47
19.295
19.745
20.045
20.28
20.47
20.625
20.76
20.975
21.095
21.315
21.44
21.485
21.63
21.69
22.105
23.13
23.195
23.355
23.76
24.22
24.325
24.67
25.025
25.415
25.65
25.815
25.98
26.35
26.55
26.7
26.925
27.255
27.95
27.985
28.19
28.285
28.74
28.895
29.13
29.465
29.59
29.78
29.84
29.985
