0.36
0.55
0.735
0.93
1.12
1.295
1.47
1.65
1.695
2.02
2.215
2.385
2.425
2.57
2.935
3.145
3.5
3.69
3.865
4.23
4.41
4.625
4.805
4.975
5.51
5.535
5.855
6.47
6.495
6.64
7.205
7.39
7.565
7.94
8.13
8.31
8.49
8.53
8.875
9.06
9.105
9.435
9.47
9.615
9.635
9.81
9.88
10.18
10.365
10.74
11.105
11.3
11.49
11.68
11.865
12.055
12.075
12.42
12.605
12.8
13.01
13.165
13.345
13.54
13.715
13.9
14.105
14.27
14.46
14.83
15.035
15.39
15.57
15.75
15.94
16.135
16.225
16.325
16.405
16.5
16.695
16.875
16.965
17.145
17.4
17.79
18.16
18.525
18.765
18.885
19.08
19.27
19.64
19.825
20.2
20.38
20.58
20.75
20.81
21.15
21.33
21.69
21.88
22.255
22.435
22.985
23.35
23.54
23.725
23.92
24.095
24.46
24.64
24.72
24.82
25.185
25.395
25.75
25.94
26.675
27.07
27.415
27.605
28.135
28.33
28.5
28.72
28.875
29.07
29.235
29.275
