0.28
0.525
0.815
1.09
1.375
1.435
1.45
1.66
1.86
1.94
2.215
2.525
2.8
3.07
3.13
3.345
3.635
3.9
3.99
4.18
4.445
4.72
5.005
5.585
5.615
5.81
5.88
5.96
6.175
6.48
6.755
7.335
7.625
7.905
8.195
8.275
8.475
8.76
9.035
9.33
9.6
9.875
10.15
10.445
10.715
11.04
11.275
11.585
11.835
12.12
12.4
12.695
12.965
13.25
13.535
13.81
14.085
14.16
14.36
14.42
14.645
14.93
14.98
15.11
15.21
15.505
15.685
15.78
16.085
16.36
16.385
16.645
16.925
17.235
17.52
17.81
17.975
18.085
18.4
18.655
18.95
18.975
19.22
19.54
19.795
20.09
20.12
20.36
20.67
20.945
20.965
21.245
21.525
21.8
21.825
22.09
22.385
22.645
22.98
23.225
23.51
23.53
23.785
24.085
24.355
24.645
24.695
24.925
25.25
25.505
25.535
25.835
26.075
26.36
26.4
26.42
26.65
26.975
27.22
27.515
27.81
28.095
28.38
28.675
28.955
29.245
29.525
