0.19
0.215
0.63
0.94
0.955
1.21
1.305
1.68
2.015
2.205
2.33
2.555
2.675
2.91
3.215
3.28
3.38
3.62
3.725
4.055
4.29
4.38
4.58
4.735
5.065
5.39
5.72
5.745
6.035
6.14
6.31
6.465
6.705
6.83
7.185
7.545
7.85
7.875
8.225
8.465
8.55
8.755
8.89
8.92
9.115
9.245
9.62
9.965
9.985
10.15
10.3
10.475
10.615
10.67
10.965
11.46
11.52
11.68
11.91
12.015
12.195
12.305
12.425
12.48
12.585
12.89
12.905
13.05
13.12
13.265
13.375
13.395
13.615
14.43
14.61
14.785
14.935
15.115
15.27
15.425
15.77
15.785
16.11
16.38
16.495
16.735
16.87
17.1
17.165
17.405
17.525
17.605
17.73
17.89
18.045
18.57
18.925
19.21
19.46
19.595
19.95
20.095
20.33
20.495
20.64
20.825
20.965
20.99
21.295
21.57
21.735
21.905
22.03
22.285
22.375
22.735
23.035
23.425
23.605
23.75
23.935
24.11
24.165
24.395
24.475
24.61
24.69
24.78
25.0
25.065
25.14
25.36
25.495
25.745
25.825
26.065
26.49
26.845
27.18
27.54
27.835
27.9
28.635
28.925
29.315
29.67
29.955
