0.555
0.945
1.395
2.23
2.82
3.075
3.105
3.495
3.925
4.355
4.38
4.78
5.165
5.22
5.64
6.06
6.215
6.49
6.725
6.875
7.34
7.6
7.775
8.215
8.625
9.06
9.27
9.48
9.915
10.25
10.79
11.195
11.545
11.635
12.455
12.87
13.305
13.705
13.995
14.125
14.565
15.0
15.375
15.615
15.79
15.825
16.255
16.67
16.965
17.11
17.555
17.965
18.395
18.825
19.175
19.245
19.66
19.935
20.055
20.115
20.455
20.49
20.77
20.935
21.375
21.47
21.64
21.8
22.24
22.67
22.915
23.09
23.295
23.51
23.955
24.37
24.585
24.79
25.205
25.62
25.88
26.04
26.27
26.865
27.315
27.735
27.935
28.135
28.565
28.985
29.42
29.645
