0.25
0.545
1.105
1.245
1.3
1.64
1.785
1.915
2.35
2.435
2.61
2.665
2.755
3.02
3.285
3.575
3.865
3.995
4.13
4.405
4.68
4.96
5.12
5.205
5.245
5.51
5.77
5.805
5.95
6.1
6.215
6.23
6.355
6.435
6.63
6.92
7.06
7.2
7.35
7.48
7.745
8.01
8.05
8.21
8.305
8.5
8.615
8.885
9.155
9.335
9.44
9.595
9.715
10.005
10.26
10.565
10.715
11.01
11.115
11.135
11.285
11.42
11.58
11.72
11.825
11.98
12.23
12.365
12.54
12.81
12.98
13.075
13.405
13.675
13.96
14.105
14.235
14.39
14.51
14.66
14.8
14.955
15.105
15.21
15.535
15.66
15.74
15.925
16.22
16.34
16.495
16.74
16.785
17.03
17.065
17.295
17.365
17.49
17.635
17.9
18.175
18.425
18.48
18.73
19.045
19.07
19.255
19.28
19.58
19.865
20.15
20.405
20.675
20.97
21.215
21.235
21.52
21.96
22.04
22.075
22.35
22.605
22.88
23.505
23.715
24.005
24.25
24.27
24.62
24.82
25.04
25.085
25.11
25.375
25.665
25.845
25.89
25.915
26.15
26.175
26.43
26.47
26.86
27.005
27.145
27.26
27.565
27.87
28.08
28.385
28.64
28.67
28.925
29.165
29.44
29.475
29.745
29.765
