0.075
0.425
0.585
0.77
0.94
1.1
1.47
1.805
2.16
2.335
2.51
2.845
3.19
3.355
3.535
3.715
3.855
4.095
4.125
4.525
4.58
4.735
4.895
5.03
5.215
5.46
5.56
5.92
6.035
6.1
6.57
6.855
7.015
7.265
7.565
7.775
8.0
8.325
8.56
8.74
8.85
9.005
9.02
9.33
9.685
10.04
10.24
10.395
10.745
11.105
11.425
11.61
11.79
11.96
12.115
12.46
12.8
13.15
13.325
13.505
13.845
14.2
14.365
14.535
14.885
15.055
15.57
15.725
16.08
16.45
16.61
16.925
17.125
17.425
17.625
17.685
17.875
17.96
17.99
18.305
18.655
18.835
19.0
19.16
19.315
19.36
19.655
19.84
20.005
20.065
20.32
20.375
20.6
20.715
20.985
21.345
21.495
21.69
22.01
22.135
22.35
22.525
22.705
23.015
23.045
23.355
23.695
23.73
24.08
24.23
24.4
24.575
24.75
24.92
25.09
25.27
25.445
25.625
25.77
25.98
26.445
26.705
26.9
27.14
27.18
27.46
27.795
28.305
28.41
28.485
28.75
28.815
29.15
29.675
29.98
