0.115
0.31
0.33
0.455
0.68
0.72
0.94
1.125
1.52
1.87
1.93
2.13
2.35
2.5
2.655
3.13
3.38
3.53
3.775
3.95
4.36
4.62
4.75
5.135
5.545
5.975
6.365
6.755
6.795
7.19
7.62
8.02
8.45
8.765
8.87
9.24
9.305
9.53
9.675
9.935
10.1
10.445
10.51
10.845
10.93
11.31
11.745
12.145
12.57
12.965
13.385
13.805
14.22
14.615
14.96
15.025
15.43
15.855
16.245
16.675
17.09
17.5
17.905
18.31
18.715
18.745
19.17
19.565
19.99
20.41
20.83
21.21
21.64
22.055
22.3
22.48
22.865
23.29
23.7
24.1
24.5
24.905
24.925
25.345
25.765
26.17
26.195
26.585
26.995
27.41
27.81
28.23
28.64
29.06
29.465
29.835
29.875
