0.18
0.33
0.35
0.5
0.735
0.835
1.005
1.16
1.34
1.64
1.83
1.985
2.12
2.3
2.48
2.79
2.955
3.115
3.285
3.58
3.78
4.12
4.29
4.46
4.61
4.775
4.935
5.105
5.265
5.415
5.615
5.765
5.92
5.95
6.08
6.26
6.42
6.585
6.895
7.09
7.24
7.375
7.56
7.735
7.985
8.055
8.225
8.39
8.555
8.86
9.065
9.385
9.56
9.71
10.025
10.19
10.375
10.715
10.88
11.045
11.23
11.565
11.74
12.075
12.25
12.415
12.57
12.74
12.91
13.075
13.395
13.58
13.73
13.895
14.23
14.42
14.76
14.935
15.095
15.42
15.585
15.755
16.09
16.255
16.41
16.57
16.895
17.08
17.135
17.405
17.58
17.75
17.9
18.04
18.23
18.405
18.545
18.72
18.88
19.045
19.225
19.545
19.715
20.035
20.205
20.37
20.685
20.845
21.02
21.17
21.345
21.685
22.015
22.175
22.335
22.5
22.815
23.01
23.15
23.285
23.335
23.655
23.98
24.14
24.295
24.465
24.68
24.78
24.96
25.29
25.465
25.61
25.755
25.89
26.23
26.39
26.545
26.715
26.87
27.185
27.335
27.505
27.665
27.96
28.16
28.46
28.635
28.8
28.98
29.13
29.29
29.45
29.61
29.92
