0.675
0.93
1.07
1.185
1.44
1.455
1.69
1.95
1.985
2.195
2.375
2.445
2.705
2.965
3.22
3.395
3.475
3.72
3.91
4.015
4.225
4.395
4.475
4.735
5.02
5.115
5.24
5.385
5.49
5.74
6.01
6.13
6.25
6.37
6.415
6.5
6.645
6.75
7.005
7.25
7.495
7.755
8.02
8.26
8.425
8.505
8.76
9.02
9.26
9.525
9.65
9.765
10.02
10.265
10.39
10.51
10.635
10.76
11.03
11.255
11.505
11.77
12.055
12.29
12.545
12.81
13.065
13.335
13.445
13.59
13.645
13.86
14.13
14.18
14.385
14.63
14.9
15.165
15.195
15.425
15.68
15.945
16.2
16.365
16.465
16.615
16.715
16.985
17.225
17.51
17.695
17.79
18.035
18.31
18.55
18.8
19.065
19.36
19.595
19.85
19.905
20.11
20.31
20.375
20.505
20.62
20.865
21.13
21.395
21.65
21.91
22.165
22.44
22.685
22.93
23.19
23.45
23.47
23.495
23.715
23.975
24.235
24.495
24.525
24.64
24.75
24.995
25.26
25.53
25.775
26.045
26.08
26.295
26.59
26.69
26.82
27.065
27.32
27.62
27.83
28.09
28.355
28.63
28.885
29.035
29.395
