0.475
0.565
0.915
1.185
1.28
1.38
1.605
1.845
2.285
2.75
2.98
3.19
3.655
4.1
4.335
4.39
4.55
4.795
5.005
5.235
5.445
5.475
5.93
6.36
6.425
6.605
6.8
6.84
7.05
7.29
7.73
8.065
8.19
8.41
8.615
8.945
9.04
9.525
9.76
9.995
10.44
10.67
10.9
11.37
11.605
11.82
12.015
12.06
12.28
12.53
12.715
12.765
13.0
13.45
13.71
13.91
14.095
14.38
14.65
14.85
15.21
15.315
15.53
15.765
16.02
16.25
16.45
16.715
17.19
17.435
17.65
17.785
18.115
18.38
18.59
18.87
19.055
19.325
19.52
20.005
20.635
20.87
20.935
21.21
21.445
21.555
21.655
21.905
22.015
22.1
22.36
22.465
22.565
22.795
22.92
23.01
23.255
23.365
23.47
23.695
23.825
23.92
24.155
24.27
24.375
24.49
24.59
24.705
24.805
25.04
25.145
25.245
25.455
25.57
25.67
25.905
26.01
26.11
26.335
26.545
26.785
26.89
27.0
27.23
27.46
27.94
28.18
28.41
28.62
28.855
29.305
29.765
