0.42
0.45
0.65
0.8
0.98
1.105
1.185
1.32
1.44
1.575
1.85
1.97
2.12
2.345
2.585
2.715
3.13
3.545
3.58
3.745
3.91
4.3
4.49
4.68
4.76
5.105
5.27
5.475
5.855
6.235
6.63
6.9
7.005
7.4
7.575
7.78
7.865
8.225
8.265
8.555
8.96
9.03
9.33
9.73
9.77
10.115
10.135
10.42
10.6
10.88
11.145
11.285
11.61
11.665
12.04
12.435
12.675
12.815
13.02
13.21
13.565
13.965
14.155
14.31
14.69
14.765
15.08
15.29
15.485
15.755
15.86
16.045
16.255
16.595
16.845
17.02
17.365
17.74
18.12
18.52
18.825
19.095
19.27
19.49
19.7
19.73
19.855
20.03
20.25
20.81
21.2
21.52
21.555
21.59
21.94
22.33
22.715
22.74
22.905
23.09
23.605
23.63
23.855
24.245
24.46
24.615
24.825
24.985
25.21
25.37
26.045
26.445
26.795
27.205
27.99
28.32
28.595
28.795
28.885
28.96
29.045
29.49
29.555
29.85
