0.12
0.615
0.745
0.785
1.0
1.2
1.425
1.635
1.855
2.065
2.11
2.275
2.5
2.66
2.905
3.335
3.635
3.955
4.17
4.6
4.815
5.02
5.25
5.445
5.64
5.685
5.855
6.09
6.285
6.51
6.705
6.915
7.155
7.36
7.535
7.775
7.975
8.195
8.41
8.64
8.85
9.055
9.265
9.68
10.105
10.425
10.47
10.74
10.945
11.385
11.81
12.045
12.245
12.3
12.45
12.665
12.89
13.08
13.335
13.525
13.72
13.75
13.975
14.105
14.21
14.38
14.595
14.81
15.055
15.245
15.61
15.67
15.9
16.115
16.335
16.415
16.53
16.955
17.18
17.41
17.77
18.015
18.09
18.23
18.445
18.65
19.055
19.285
19.5
19.72
19.91
20.17
20.34
20.565
21.19
21.41
21.62
21.845
21.94
22.055
22.48
22.73
22.87
23.225
23.315
23.65
23.71
23.745
23.955
24.19
24.39
24.58
24.675
24.8
25.01
25.22
25.435
25.67
25.865
26.075
26.29
26.505
26.695
26.95
26.985
27.11
27.35
27.975
28.19
28.41
28.65
28.835
29.25
29.67
