0.28
0.605
0.92
1.095
1.275
1.47
1.6
1.91
2.235
2.57
2.845
2.905
3.225
3.545
3.725
3.89
4.215
4.535
4.865
5.205
5.535
5.87
6.195
6.37
6.545
6.855
7.185
7.515
7.865
8.2
8.52
8.84
9.03
9.185
9.505
9.83
10.165
10.495
10.825
11.15
11.47
11.65
11.79
11.995
12.115
12.16
12.43
12.61
12.82
13.08
13.215
13.46
13.755
14.07
14.25
14.42
14.735
15.075
15.395
15.72
16.05
16.38
16.69
16.885
17.065
17.18
17.37
17.69
18.0
18.055
18.33
18.42
18.67
18.99
19.51
19.58
19.63
19.955
20.28
20.635
20.93
21.24
21.59
22.085
22.205
22.265
22.58
22.875
23.195
23.47
24.205
24.54
24.7
24.855
25.2
25.535
25.865
26.19
26.525
26.85
27.17
27.36
27.505
27.53
27.85
28.185
28.43
28.52
28.85
29.12
29.52
