0.315
0.875
1.0
1.125
1.39
1.62
1.915
2.175
2.415
3.215
3.49
3.605
3.7
3.87
4.24
4.265
4.485
5.02
5.17
5.28
5.435
5.565
5.695
5.805
6.345
6.59
7.12
7.265
7.395
7.88
7.91
8.17
8.305
8.435
8.665
8.83
8.96
9.215
9.345
9.46
9.74
9.98
10.395
10.52
10.65
10.77
11.295
11.57
11.815
12.065
12.375
12.595
13.37
13.64
14.17
14.435
14.95
15.735
16.265
16.535
17.035
17.055
17.56
17.82
18.33
18.595
19.11
19.29
19.6
19.9
20.265
20.435
20.69
20.96
21.2
21.99
22.5
23.28
23.545
23.825
24.065
24.135
24.6
24.86
25.12
25.385
25.67
25.9
26.15
26.675
26.94
27.465
28.245
28.68
28.775
29.05
29.305
29.555
