0.63
1.06
1.265
1.78
1.935
2.55
2.755
3.11
3.175
3.54
4.02
4.465
4.665
4.825
4.9
5.11
5.265
5.49
5.695
5.905
6.12
6.335
6.46
6.53
6.895
7.385
7.825
8.17
8.245
8.64
8.87
9.07
9.275
9.47
9.5
9.68
9.905
9.925
10.36
10.735
11.375
11.555
11.97
12.39
12.425
12.81
13.225
13.655
13.945
14.075
14.09
14.105
14.365
14.765
15.15
15.335
15.59
15.765
16.175
16.45
16.61
18.085
18.495
18.725
18.92
19.12
19.56
19.99
20.63
21.47
21.89
22.12
22.295
22.55
22.715
22.935
23.14
23.35
23.56
24.17
24.195
24.69
24.82
25.05
25.445
25.905
26.095
26.305
26.52
26.715
26.765
26.92
27.12
27.43
27.55
27.905
28.2
28.415
28.77
28.805
28.995
29.195
29.62
29.985
