0.095
0.175
0.325
0.63
0.835
0.945
1.09
1.2
1.35
1.46
1.61
1.87
1.985
2.14
2.19
2.41
2.53
2.665
2.785
2.925
3.045
3.175
3.23
3.305
3.45
3.57
3.7
3.965
4.095
4.29
4.51
4.63
4.78
4.895
5.03
5.15
5.28
5.355
5.545
5.585
5.66
5.805
6.075
6.195
6.34
6.575
6.7
6.805
7.085
7.275
7.355
7.47
7.625
7.74
7.885
7.93
8.015
8.155
8.28
8.555
8.695
8.825
8.98
9.09
9.24
9.35
9.49
9.77
10.04
10.3
10.42
10.575
10.7
10.845
10.97
11.11
11.235
11.38
11.64
11.915
12.035
12.185
12.305
12.44
12.57
12.715
12.845
12.99
13.125
13.26
13.385
13.515
13.785
13.91
14.045
14.165
14.435
14.705
14.845
14.955
15.09
15.215
15.34
15.47
15.86
15.905
15.995
16.135
16.26
16.395
16.52
16.665
16.79
17.055
17.22
17.33
17.48
17.595
17.735
17.855
18.0
18.115
18.265
18.38
18.535
18.64
18.795
19.065
19.35
19.605
19.715
19.875
19.98
20.125
20.24
20.405
20.505
20.665
20.935
21.045
21.2
21.325
21.48
21.745
21.865
22.0
22.12
22.255
22.375
22.64
23.07
23.175
23.32
23.44
23.58
23.695
23.945
24.075
24.34
24.605
24.72
24.87
24.99
25.26
25.415
25.525
25.69
25.8
25.955
26.07
26.21
26.47
26.6
26.745
26.865
27.02
27.135
27.28
27.41
27.56
27.685
27.84
27.965
28.115
28.23
28.365
28.635
28.775
28.905
29.17
29.295
29.57
29.835
29.975
