0.47
1.35
2.165
2.805
3.065
3.285
3.43
3.78
3.89
4.205
4.57
4.68
4.78
5.035
5.21
5.605
6.005
6.15
6.52
7.005
7.025
7.21
8.2
8.25
8.665
9.065
9.495
9.92
10.12
10.365
10.73
10.76
11.175
11.565
12.275
12.42
12.875
13.105
13.28
13.53
13.715
14.12
14.135
14.595
15.02
15.43
15.49
15.815
16.24
16.535
16.695
17.12
17.49
17.915
18.33
18.355
18.75
19.175
19.33
19.515
19.635
19.855
20.015
20.435
20.66
20.825
21.085
21.26
21.415
21.675
21.935
22.115
22.195
22.295
22.49
23.02
23.355
24.18
24.215
24.585
25.0
25.035
25.235
25.43
25.63
25.835
25.88
26.06
26.175
26.225
26.33
26.38
26.5
26.555
26.67
26.955
27.47
27.95
28.07
28.19
28.34
28.7
29.135
29.63
