0.375
0.75
0.78
1.145
1.55
1.94
2.225
2.315
2.59
2.7
2.72
3.095
3.5
3.895
4.3
4.67
5.075
5.095
5.455
5.86
6.24
6.26
6.455
6.65
6.675
6.86
7.04
7.425
7.63
7.82
8.01
8.205
8.39
8.585
8.975
9.355
9.555
9.745
9.945
10.125
10.525
10.925
11.315
11.715
12.04
12.08
12.495
12.835
12.855
12.875
13.07
13.26
13.67
13.855
14.045
14.21
14.455
14.835
15.255
15.615
16.025
16.385
16.795
17.175
17.57
17.79
17.955
18.355
18.74
18.99
19.14
19.47
19.535
19.725
19.92
20.295
20.695
20.9
21.055
21.475
21.86
22.26
22.645
23.05
23.425
23.8
24.005
24.17
24.365
24.59
24.94
25.335
25.445
25.715
26.025
26.11
26.295
26.49
26.625
26.85
27.075
27.29
27.465
27.66
27.705
28.035
28.075
28.37
28.505
28.93
29.32
29.695
29.97
