0.1
0.33
0.615
0.75
1.07
1.19
1.41
1.505
1.915
2.38
2.85
2.92
3.245
3.55
3.78
3.85
4.075
4.23
4.56
4.985
5.09
5.36
5.51
5.855
5.97
6.295
6.395
6.58
6.725
6.835
7.15
7.265
7.55
7.685
8.025
8.14
8.465
8.565
8.76
8.875
8.92
9.01
9.305
9.345
9.675
9.705
9.925
10.185
10.35
10.61
10.765
11.045
11.095
11.51
11.585
11.91
12.01
12.34
12.365
12.44
12.69
12.76
12.885
13.09
13.28
13.325
13.755
13.975
14.03
14.055
14.175
14.42
14.605
14.925
15.045
15.365
15.485
15.78
16.225
16.36
16.645
16.775
16.825
17.145
17.305
17.5
17.92
18.04
18.35
18.47
18.785
18.9
19.2
19.345
19.64
19.76
20.07
20.205
20.625
20.94
21.05
21.285
21.38
21.455
21.485
21.81
21.91
22.22
22.36
22.5
22.63
22.785
22.86
23.185
23.21
23.555
23.65
23.69
23.855
23.93
24.095
24.395
24.515
24.83
24.935
25.245
25.675
25.78
26.07
26.16
26.555
26.66
26.995
27.09
27.425
27.525
27.545
27.75
27.94
28.25
28.37
28.675
28.69
28.83
29.0
29.085
29.22
29.57
29.765
29.84
29.965
