0.24
0.405
0.58
0.865
0.945
1.14
1.205
1.285
1.505
1.6
1.63
1.685
1.87
1.965
2.325
2.345
2.535
2.67
2.685
2.86
2.935
3.025
3.26
3.385
3.69
3.775
3.885
3.96
4.095
4.125
4.33
4.435
4.505
4.62
4.785
5.01
5.08
5.355
5.485
5.56
5.835
5.865
5.925
6.085
6.21
6.56
6.735
6.775
6.91
6.93
7.145
7.25
7.32
7.545
7.6
7.955
8.025
8.17
8.335
8.65
8.68
9.015
9.14
9.375
9.475
9.585
9.73
10.07
10.41
10.67
10.775
10.845
10.985
11.14
11.325
11.47
11.755
11.835
12.19
12.4
12.54
12.71
12.775
12.88
13.07
13.23
13.585
13.605
13.795
13.98
14.655
15.005
15.355
15.645
15.885
16.27
16.405
16.565
16.745
18.17
18.525
18.875
19.04
19.235
19.375
19.555
19.59
19.855
19.935
20.15
20.295
20.485
20.635
20.82
21.335
21.685
21.87
22.045
22.405
22.635
22.745
23.105
23.455
23.635
23.95
23.975
24.17
24.515
24.54
24.86
24.925
25.18
25.44
25.545
25.91
26.265
26.475
26.61
26.95
27.155
27.22
27.3
27.51
27.665
27.755
27.875
28.005
28.035
28.36
28.725
29.09
29.295
29.43
29.765
