0.645
1.16
1.47
1.675
2.02
2.205
2.52
2.735
3.065
3.24
3.605
3.765
4.275
4.61
4.805
5.335
5.645
5.67
5.855
6.155
6.375
6.675
6.86
7.38
7.685
7.895
8.2
8.355
8.445
8.755
8.935
9.29
9.325
9.455
9.72
9.81
9.99
10.155
10.305
10.505
10.71
10.825
11.0
11.355
11.535
11.82
11.955
12.075
12.285
12.355
12.55
12.87
12.93
13.045
13.09
13.575
13.9
14.005
14.1
14.305
14.425
14.645
14.775
14.885
15.15
15.415
15.625
15.935
16.155
16.44
16.475
16.635
16.845
16.965
17.07
17.165
17.51
17.62
17.685
18.025
18.11
18.195
18.445
18.695
18.835
18.975
19.245
19.735
20.035
20.21
20.285
20.57
20.77
20.935
21.02
21.28
21.53
21.59
21.8
21.95
22.08
22.275
22.45
22.605
22.825
22.95
23.12
23.185
23.31
23.64
23.8
24.025
24.135
24.33
24.65
24.84
25.08
25.155
25.315
25.625
25.855
26.18
26.225
26.355
26.57
26.685
26.865
27.15
27.355
27.66
27.755
27.89
28.2
28.36
28.4
28.525
28.565
28.715
28.92
29.065
29.265
29.465
