0.305
0.59
0.86
1.08
1.295
1.9
2.12
2.51
3.045
3.175
4.02
4.245
4.285
4.51
4.605
4.86
5.165
5.255
5.635
5.76
6.84
7.715
7.99
8.07
8.185
8.38
8.59
8.76
8.905
9.09
9.28
9.35
9.71
10.03
10.79
11.43
11.495
11.635
11.795
11.895
12.06
12.105
12.58
12.925
14.205
14.48
14.73
14.98
15.51
15.885
16.285
16.365
16.685
16.905
17.095
17.275
17.475
17.695
18.185
18.265
18.48
18.655
18.885
18.915
19.075
19.115
19.225
19.4
19.515
19.64
19.72
19.93
20.065
20.205
20.375
20.625
20.75
20.905
21.085
21.17
21.305
21.415
21.54
21.675
21.88
21.985
22.16
22.31
22.595
22.815
24.365
24.505
24.66
24.835
25.33
25.53
25.71
25.93
26.105
26.465
26.655
26.795
27.045
27.215
27.435
28.05
28.195
28.485
28.67
28.76
28.945
29.985
