0.115
0.25
0.4
0.73
0.87
1.225
1.88
2.13
2.245
2.375
2.62
2.74
2.87
3.23
3.725
3.875
4.24
4.395
4.74
4.865
5.27
5.35
5.63
5.78
5.89
5.945
6.3
6.41
6.775
6.91
7.285
7.42
7.54
7.84
7.91
8.29
8.42
8.925
9.285
9.455
9.655
9.8
9.93
9.975
10.145
10.285
10.45
10.815
10.92
11.325
11.425
11.48
11.805
11.935
12.29
12.435
12.495
12.815
12.97
13.335
13.45
13.95
14.215
14.375
14.5
14.835
14.97
15.345
15.47
15.63
15.855
15.975
16.015
16.35
16.46
16.855
16.98
17.375
17.895
17.995
18.39
18.5
18.89
19.0
19.065
19.375
19.51
19.545
19.87
19.92
20.385
20.5
20.54
20.89
21.01
21.38
21.555
22.035
22.41
22.535
22.57
23.045
23.07
23.435
23.545
23.595
23.985
24.06
24.45
24.585
25.055
25.34
25.43
25.595
26.06
26.11
26.44
26.56
26.61
26.94
27.07
27.295
27.455
27.57
27.77
27.925
28.075
28.42
28.58
28.945
29.085
29.455
29.58
29.65
29.955
