0.405
0.755
0.96
1.125
1.305
1.475
1.84
2.065
2.195
2.41
2.565
2.585
2.73
2.915
3.11
3.175
3.285
3.645
4.03
4.365
4.735
4.925
5.095
5.265
5.465
5.595
5.805
6.015
6.175
6.54
6.73
6.915
7.1
7.15
7.275
7.63
7.87
7.99
8.18
8.36
8.595
8.7
9.065
9.11
9.43
9.475
9.61
9.79
10.02
10.15
10.35
10.515
10.585
10.875
11.055
11.245
11.59
11.65
11.8
11.96
12.145
12.315
12.485
12.69
12.875
12.97
13.04
13.22
13.4
13.42
13.44
13.765
13.935
14.12
14.48
14.65
14.75
14.85
15.21
15.385
15.445
15.565
15.77
15.935
16.285
16.655
16.855
17.025
17.21
17.385
17.595
17.75
17.93
18.1
18.305
18.45
18.82
19.19
19.55
19.91
20.26
20.44
20.52
20.61
20.89
20.975
21.16
21.335
21.53
21.62
21.71
21.89
21.98
22.07
22.35
22.43
22.795
22.99
23.075
23.16
23.245
23.34
23.425
23.515
23.715
23.785
23.875
24.07
24.15
24.24
24.33
24.42
24.505
24.595
24.78
24.86
24.96
25.34
25.515
25.695
25.77
26.045
26.225
26.315
26.41
26.6
26.685
26.79
26.865
26.96
27.145
27.22
27.405
27.49
27.695
27.76
27.85
28.045
28.12
28.215
28.39
28.575
28.65
28.835
28.93
29.025
29.29
29.48
29.67
29.86
