0.175
0.33
0.355
0.47
0.775
0.94
1.08
1.34
1.395
1.585
1.685
1.835
1.97
2.01
2.135
2.31
2.625
2.77
2.915
3.095
3.24
3.365
3.44
3.53
3.695
3.85
4.01
4.025
4.135
4.45
4.755
4.915
5.075
5.215
5.36
5.56
5.63
5.67
5.88
5.975
6.15
6.29
6.48
6.58
6.9
7.195
7.34
7.515
7.54
7.66
7.805
8.115
8.28
8.42
8.735
8.925
9.02
9.34
9.535
9.65
9.935
10.11
10.255
10.435
10.56
10.725
10.865
11.03
11.18
11.37
11.475
11.79
11.92
12.095
12.25
12.41
12.55
12.7
12.895
13.005
13.145
13.22
13.31
13.625
13.81
13.915
14.14
14.21
14.235
14.405
14.53
14.695
14.8
14.865
15.0
15.145
15.335
15.46
15.64
15.76
15.93
16.07
16.265
16.365
16.525
16.605
16.67
16.845
16.99
17.07
17.265
17.445
17.59
17.795
17.87
17.9
18.045
18.1
18.205
18.375
18.515
18.705
18.805
19.12
19.26
19.285
19.43
19.74
19.905
20.075
20.25
20.365
20.39
20.55
20.65
20.715
21.015
21.175
21.35
21.51
21.645
21.675
21.835
21.91
21.98
22.29
22.44
22.6
22.77
22.9
23.055
23.075
23.18
23.235
23.545
23.705
23.88
24.025
24.185
24.355
24.46
24.51
24.82
24.955
25.115
25.295
25.32
25.44
25.495
25.6
25.725
25.765
26.05
26.125
26.39
26.53
26.695
26.84
26.875
26.995
27.065
27.32
27.465
27.63
27.785
27.965
28.11
28.255
28.415
28.58
28.645
28.9
28.98
29.045
29.215
29.37
29.52
29.84
29.985
