1.005
1.405
1.64
1.775
2.155
2.355
2.485
2.545
2.585
2.785
2.925
3.305
3.68
3.855
4.065
4.445
4.705
4.82
5.015
5.195
5.39
5.585
5.775
5.825
5.965
6.26
6.355
6.385
6.73
6.915
7.09
7.475
7.675
7.875
8.03
8.23
8.415
8.63
8.855
8.985
9.36
9.55
9.735
9.93
10.115
10.47
10.685
10.85
10.94
11.195
11.4
11.585
11.96
12.345
12.54
12.73
12.895
13.095
13.475
13.85
14.04
14.22
14.395
14.605
14.97
15.005
15.155
15.335
15.355
15.54
15.695
15.885
16.07
16.25
16.44
16.82
17.01
17.195
17.385
17.57
17.785
17.955
18.15
18.335
18.36
18.515
18.72
18.895
19.095
19.275
19.455
19.835
20.03
20.205
20.405
20.585
20.755
20.945
21.105
21.33
21.52
21.685
21.74
21.905
22.1
22.465
22.84
23.015
23.205
23.49
23.625
23.95
23.975
24.145
24.33
24.545
24.71
25.03
25.09
25.45
25.84
26.02
26.21
26.385
26.585
26.765
26.955
27.165
27.24
27.33
27.545
27.685
27.875
28.07
28.435
28.62
28.805
29.185
