0.12
0.59
0.84
1.055
1.525
2.515
3.045
3.52
4.06
4.53
5.035
5.495
6.015
6.415
6.49
6.955
7.255
7.43
7.47
7.77
7.92
8.255
8.415
8.905
9.395
9.905
10.4
10.795
10.895
11.375
11.875
12.175
12.36
12.87
13.345
13.37
13.855
14.34
14.69
14.82
15.095
15.315
15.795
16.045
16.275
16.515
16.745
17.0
17.205
17.66
18.21
18.465
18.68
18.98
19.145
19.65
20.025
20.145
20.645
20.91
21.11
21.365
21.615
21.92
22.075
22.095
22.58
22.905
23.05
23.34
23.55
23.85
23.88
24.055
24.555
25.035
25.545
26.04
26.345
26.535
26.82
27.01
27.505
28.0
28.175
28.48
28.955
29.455
29.92
