0.115
0.35
0.525
0.745
0.94
1.17
1.37
1.595
1.795
2.02
2.195
2.49
2.61
2.82
3.04
3.235
3.46
3.675
4.33
4.49
4.92
5.15
5.325
5.735
6.185
6.275
6.795
6.985
7.215
7.435
7.625
7.87
8.045
8.28
8.525
8.875
9.07
9.085
9.28
9.485
9.695
9.815
9.92
10.33
10.505
10.715
10.74
10.92
11.145
11.345
11.56
11.77
11.98
12.18
12.38
12.59
12.78
13.005
13.625
13.83
14.03
14.215
14.47
14.67
14.87
15.06
15.315
15.695
15.905
15.99
16.54
16.695
16.94
17.35
17.755
17.95
18.175
18.515
19.005
19.185
19.395
19.605
19.83
20.01
20.21
20.445
20.625
20.755
20.875
21.07
21.24
21.455
21.69
21.91
22.105
22.315
22.515
22.715
22.935
23.165
23.355
23.58
23.77
23.985
24.175
24.395
24.59
25.015
25.425
25.63
25.825
26.025
26.45
26.655
26.85
26.88
27.07
27.285
27.485
27.715
27.895
28.11
28.23
28.32
28.545
28.725
28.96
29.14
29.38
29.55
29.765
29.96
