0.18
0.22
0.365
0.425
0.45
0.685
0.81
1.085
1.285
1.37
1.49
1.52
1.655
1.755
2.08
2.115
2.39
2.44
2.78
4.885
4.975
5.09
5.695
5.87
6.045
6.225
6.3
6.475
6.56
6.66
6.995
7.08
7.25
7.42
7.675
7.855
7.94
8.04
8.11
8.37
8.455
8.63
8.805
9.06
9.235
9.32
9.42
9.755
9.835
10.01
10.185
10.435
10.615
10.7
10.8
11.13
11.215
11.39
11.565
11.815
11.995
12.08
12.185
12.515
12.6
12.77
12.94
13.195
13.37
13.455
13.56
13.89
14.025
16.725
17.16
17.605
17.845
18.115
18.16
18.36
18.555
18.625
19.015
19.15
19.495
19.915
20.085
20.28
20.37
20.52
20.77
20.88
21.095
21.15
21.39
21.57
21.605
21.92
22.255
22.695
23.115
23.365
23.635
24.155
24.67
25.015
25.475
25.745
25.88
26.13
26.405
26.44
26.65
26.91
26.935
27.175
27.42
27.515
27.785
27.955
28.13
28.385
28.56
28.645
28.745
28.82
29.075
29.16
29.335
29.505
29.78
29.94
