0.35
0.775
1.185
1.265
1.43
1.69
1.94
2.235
2.37
2.5
2.685
2.875
3.13
3.265
3.49
4.295
4.73
5.035
5.115
5.525
6.295
6.32
6.63
6.93
7.1
7.845
8.085
8.205
8.615
9.335
9.385
9.96
10.145
10.305
10.48
10.57
10.88
11.28
11.71
12.485
12.865
13.26
13.47
13.535
13.635
13.685
13.755
14.04
14.085
14.35
14.49
14.635
14.73
14.875
14.895
15.075
15.64
16.0
16.765
17.215
17.57
18.01
18.685
18.775
18.945
19.445
19.69
19.985
20.17
20.265
20.635
21.055
21.3
21.68
21.715
21.81
21.985
22.185
22.365
22.935
22.975
23.36
23.635
23.71
23.87
24.12
24.87
24.9
25.27
25.685
25.86
26.075
26.305
26.51
26.71
26.85
27.28
28.025
28.405
28.8
29.015
29.18
