0.79
1.245
1.48
1.705
2.175
2.6
2.825
3.045
3.755
3.96
4.43
4.875
5.285
5.32
5.545
5.795
6.065
6.235
6.485
6.515
6.685
6.895
7.58
7.605
8.065
8.315
8.505
8.995
9.255
9.4
9.615
9.84
10.045
10.1
10.29
10.78
11.23
11.5
11.665
12.115
12.34
12.385
12.57
12.805
13.025
13.27
13.48
13.66
13.915
14.135
14.715
14.89
15.105
15.32
15.535
15.805
16.035
16.25
16.73
16.915
17.175
17.885
18.095
18.54
18.58
18.855
19.015
19.495
19.775
19.835
19.945
20.2
20.405
20.65
20.84
21.315
21.545
21.765
22.22
22.665
23.15
23.61
23.9
24.06
24.345
24.53
25.005
25.45
25.875
26.155
26.35
26.5
27.265
27.72
28.18
28.47
28.515
28.83
