0.02
0.2
0.54
0.69
1.095
1.185
1.425
1.505
1.68
1.88
2.125
2.41
2.53
2.605
3.105
3.34
3.58
3.815
4.06
4.535
4.99
5.02
5.255
5.5
5.735
5.99
6.24
6.48
6.71
6.82
6.95
7.445
7.695
7.915
8.16
8.395
8.64
8.875
9.355
9.61
9.845
10.085
10.32
10.565
10.805
11.045
11.285
11.54
11.785
12.01
12.255
12.485
12.735
13.21
13.455
13.705
13.935
14.18
14.415
14.435
14.67
14.915
15.14
15.375
15.555
15.635
15.86
15.89
16.105
16.35
16.59
17.075
17.575
17.795
18.05
18.255
18.285
18.515
18.765
18.99
19.245
19.42
19.485
19.705
19.965
20.19
20.43
20.68
20.93
21.195
21.41
21.64
21.89
22.375
22.605
22.855
23.1
23.335
23.575
23.815
24.3
24.535
24.775
25.26
25.49
25.735
25.94
26.22
26.46
26.705
26.92
27.19
27.43
27.67
28.13
28.39
28.415
28.64
28.885
29.125
29.36
29.61
29.855
29.92
