0.1
0.34
0.62
0.835
0.86
1.1
1.245
1.85
1.865
2.15
2.345
2.605
2.835
3.08
3.61
3.87
4.11
4.365
4.62
4.865
5.115
5.385
5.62
5.875
6.13
6.37
6.625
6.88
7.11
7.42
7.66
7.87
8.375
8.625
8.865
9.095
9.43
9.845
10.1
10.365
10.6
10.85
11.11
11.35
11.84
12.085
12.32
12.355
12.58
12.83
13.095
13.34
13.78
13.845
14.05
14.34
14.605
14.785
14.85
15.095
15.345
15.42
15.48
15.58
15.835
16.085
16.33
16.595
16.695
17.065
17.335
17.71
17.835
18.045
18.315
18.375
18.56
18.755
18.815
19.06
19.36
19.565
19.665
19.74
19.8
20.065
20.31
20.375
20.555
20.775
20.825
21.065
21.09
21.565
21.8
22.075
22.31
22.55
22.81
23.07
23.315
23.57
23.82
24.075
24.145
24.32
24.56
24.8
25.01
25.165
25.44
25.77
25.91
26.125
26.295
26.425
26.755
26.95
27.2
27.465
27.715
27.735
27.94
28.245
28.475
28.69
28.77
28.975
29.005
29.25
29.75
