0.305
0.56
0.82
1.06
1.335
1.58
1.83
2.08
2.355
2.47
2.61
2.88
3.13
3.35
3.37
3.63
3.73
3.89
4.125
4.395
4.645
4.91
5.13
5.425
5.67
5.915
6.075
6.16
6.435
6.695
6.95
7.175
7.205
7.385
7.455
7.6
7.7
7.98
8.22
8.485
8.735
8.995
9.24
9.5
9.755
10.01
10.265
10.52
10.775
11.035
11.285
11.485
11.56
11.81
12.08
12.29
12.575
12.835
13.005
13.095
13.305
13.6
13.855
14.105
14.335
14.625
14.875
15.135
15.38
15.665
15.9
16.16
16.39
16.665
16.905
17.165
17.185
17.4
17.685
17.94
18.19
18.415
18.71
18.855
18.95
19.215
19.4
19.48
19.74
19.995
20.185
20.25
20.47
20.76
21.015
21.295
21.51
21.785
22.035
22.275
22.545
22.805
22.985
23.06
23.3
23.34
23.555
23.73
23.845
24.08
24.375
24.58
24.85
25.105
25.355
25.385
25.575
25.885
26.12
26.38
26.61
26.82
26.895
27.15
27.42
27.575
27.645
27.805
27.925
28.17
28.335
28.435
28.665
28.945
29.195
29.365
29.455
29.68
