0.225
0.49
0.76
1.05
1.195
1.31
1.585
1.86
2.015
2.13
2.955
3.235
3.5
3.655
3.92
4.045
4.315
4.595
4.87
5.14
5.42
5.575
5.69
5.965
6.235
6.385
6.51
7.05
7.335
7.61
7.885
8.035
8.15
8.43
8.705
8.975
9.255
9.52
9.955
10.075
10.345
10.62
10.89
11.715
12.0
12.26
12.415
12.805
13.085
13.355
13.63
13.9
14.185
14.335
14.45
14.725
15.0
15.27
15.83
16.095
16.37
16.64
16.805
16.915
17.19
17.46
17.735
18.28
18.56
18.715
18.84
19.105
19.385
19.66
20.205
20.475
20.755
21.025
21.18
21.57
21.85
22.115
22.395
22.665
22.945
23.095
23.21
23.485
23.755
24.03
24.585
24.855
25.135
25.405
25.56
25.68
25.955
26.225
26.5
26.775
26.975
27.04
27.485
27.59
27.86
28.145
28.42
28.96
29.235
