0.115
0.275
0.47
0.67
0.88
1.06
1.27
1.475
1.695
1.865
1.89
2.08
2.175
2.265
2.465
2.665
2.86
3.055
3.265
3.465
3.66
3.85
4.055
4.26
4.46
4.65
4.86
5.055
5.26
5.445
5.655
5.845
6.045
6.235
6.465
6.63
6.835
7.025
7.23
7.66
7.815
8.04
8.215
8.405
8.6
8.8
8.99
9.205
9.3
9.395
9.585
9.8
10.0
10.185
10.39
10.585
10.785
10.98
11.18
11.385
11.585
11.775
11.96
12.185
12.39
12.57
12.77
12.97
13.165
13.36
13.565
13.755
13.955
14.17
14.375
14.575
14.77
14.875
14.965
15.17
15.355
15.585
15.755
15.97
16.155
16.355
16.46
16.55
16.74
16.945
17.14
17.34
17.55
17.73
17.93
18.035
18.13
18.325
18.52
18.745
18.92
19.125
19.315
19.515
19.705
19.9
20.1
20.31
20.495
20.7
20.91
21.09
21.29
21.485
21.705
21.94
22.1
22.285
22.49
22.685
22.88
23.075
23.09
23.275
23.48
23.67
23.865
24.065
24.265
24.45
24.67
24.865
25.065
25.255
25.435
25.465
25.64
25.66
25.84
26.035
26.21
26.275
26.435
26.655
26.85
27.065
27.25
27.455
27.645
28.045
28.195
28.27
28.44
28.63
28.68
28.85
29.075
29.26
29.66
29.88
