0.39
0.73
1.28
1.42
1.62
1.765
2.12
2.34
2.51
2.665
2.825
3.16
3.525
3.755
4.06
4.225
4.575
4.935
5.455
5.625
5.995
6.185
6.34
6.515
6.695
7.02
7.21
7.57
7.89
8.075
8.42
8.595
8.765
9.125
9.49
9.645
9.825
10.005
10.175
10.22
10.35
10.505
10.86
11.19
11.35
11.545
11.885
12.07
12.26
12.405
12.57
12.75
13.095
13.26
13.64
13.96
14.275
14.315
14.66
15.03
15.18
15.345
15.515
15.71
15.865
16.03
16.235
16.4
16.55
16.72
17.065
17.41
17.745
17.93
18.095
18.28
18.46
18.62
18.78
18.945
19.14
19.285
19.455
19.79
20.15
20.41
20.67
20.755
20.845
21.11
21.18
21.55
22.055
22.23
22.575
22.935
23.295
23.475
23.66
23.81
23.995
24.34
24.51
24.685
24.855
25.03
25.19
25.38
25.72
26.235
26.39
26.75
27.1
27.615
27.79
28.145
28.5
28.67
29.18
29.7
