0.515
0.705
0.825
1.14
1.445
1.75
1.835
2.11
2.405
2.705
2.915
3.235
3.65
4.12
4.31
4.335
4.515
4.62
4.96
5.185
5.27
5.58
5.905
6.215
6.53
6.85
7.15
7.455
7.805
8.1
8.42
9.055
9.34
10.005
10.195
10.305
10.6
10.775
11.23
11.55
11.68
11.92
12.0
12.14
12.43
12.625
13.055
13.55
13.735
13.88
14.015
14.22
14.595
14.905
15.21
15.39
15.53
15.68
15.855
16.05
16.46
16.765
17.095
17.405
17.73
18.05
18.225
18.355
18.66
18.99
19.29
19.465
19.6
20.265
20.54
20.99
21.315
21.47
21.76
21.915
22.255
22.365
22.685
22.815
22.99
23.145
23.3
23.575
23.91
24.2
24.525
24.83
24.99
25.15
25.28
25.755
26.055
26.375
26.525
26.68
26.855
27.015
27.315
27.925
28.245
28.55
28.625
28.71
28.86
29.155
29.47
29.765
