0.39
0.59
0.68
1.04
1.27
1.36
1.57
1.68
1.89
2.0
2.215
2.335
2.675
3.0
3.255
3.515
3.89
3.98
4.085
4.49
4.63
4.845
4.965
5.19
5.31
5.625
5.85
6.08
6.29
6.615
6.825
6.955
7.145
7.27
7.48
7.6
7.93
8.255
8.48
8.775
8.915
9.245
9.44
9.46
9.765
9.92
10.095
10.23
10.57
10.885
11.115
11.39
11.535
11.675
11.865
12.085
12.39
12.53
12.86
13.195
13.255
13.515
13.835
14.015
14.325
14.51
14.725
14.97
15.175
15.38
15.49
15.835
16.15
16.385
16.46
16.825
17.155
17.375
17.695
17.805
18.145
18.355
18.475
18.8
19.025
19.12
19.29
19.47
19.635
19.805
20.0
20.12
20.335
20.46
20.785
20.91
21.17
21.445
21.67
21.815
21.9
22.1
22.435
22.645
22.98
23.09
23.18
23.42
23.75
24.08
24.315
24.585
24.74
24.91
24.96
25.065
25.21
25.28
25.4
25.73
25.925
26.045
26.17
26.255
26.385
26.49
26.545
26.605
26.71
26.93
27.025
27.15
27.375
27.695
27.92
28.215
28.34
28.55
28.665
29.0
29.325
29.545
29.615
29.985
