0.165
0.235
0.465
0.595
0.705
0.94
1.185
1.32
1.43
1.66
1.895
2.145
2.29
2.385
2.615
2.88
3.08
3.33
3.35
3.61
3.825
4.07
4.1
4.255
4.32
4.56
4.785
5.035
5.27
5.52
5.745
5.995
6.15
6.245
6.485
6.54
6.71
6.97
7.2
7.45
7.68
7.915
7.965
8.175
8.415
8.47
8.65
8.895
9.01
9.145
9.375
9.615
9.86
9.885
10.105
10.225
10.34
10.44
10.555
10.79
11.03
11.06
11.305
11.525
11.78
12.03
12.27
12.35
12.495
12.745
12.775
12.985
13.205
13.295
13.455
13.645
13.745
13.94
14.055
14.17
14.275
14.4
14.45
14.63
14.78
14.795
14.88
14.91
15.16
15.375
15.625
15.865
16.115
16.34
16.59
16.825
17.07
17.175
17.285
17.4
17.515
17.63
17.755
17.78
17.985
18.105
18.22
18.455
18.705
19.19
19.45
19.69
19.925
20.15
20.41
20.645
20.89
21.12
21.36
21.61
21.85
22.085
22.33
22.56
22.76
22.795
23.04
23.305
23.545
23.79
24.02
24.275
24.5
24.76
24.98
25.24
25.47
25.72
25.955
26.22
26.44
26.715
26.795
26.825
27.105
27.24
27.415
27.615
27.775
28.24
28.385
28.44
28.79
29.51
29.74
