0.06
0.345
0.845
1.1
1.375
1.625
1.885
2.4
2.9
3.19
3.44
3.65
3.69
3.925
4.425
4.72
4.93
5.475
5.72
5.97
6.2
6.475
6.98
7.5
7.75
8.0
8.505
8.765
9.01
9.255
9.53
9.785
9.83
10.02
10.25
10.53
11.03
11.295
11.555
11.795
12.04
12.29
12.345
12.56
14.72
15.46
15.76
16.035
16.325
16.57
16.87
17.13
17.425
17.675
17.955
18.52
18.755
19.045
19.305
19.6
19.84
20.12
20.39
20.66
21.165
21.195
21.715
21.98
22.21
22.235
22.49
22.745
22.94
23.24
23.485
23.75
24.0
24.285
24.525
24.785
25.025
25.27
25.54
25.8
26.065
26.29
26.325
26.575
26.82
27.05
27.325
27.515
27.82
28.075
28.31
28.595
28.845
29.325
29.86
