0.11
0.21
0.315
0.59
0.665
0.75
0.87
0.925
1.15
1.33
1.415
1.705
1.865
1.97
2.255
2.405
2.505
2.795
3.06
3.08
3.35
3.605
4.035
4.065
4.16
4.44
4.58
4.61
4.69
4.85
4.975
5.24
5.27
5.485
5.69
5.775
5.955
5.975
6.215
6.325
6.615
6.755
6.865
7.14
7.4
7.455
7.675
7.72
7.96
8.225
8.51
8.775
8.965
9.055
9.33
9.6
9.64
9.905
10.055
10.165
10.445
10.71
10.975
11.265
11.31
11.53
11.805
12.08
12.105
12.37
12.505
12.645
12.92
13.19
13.47
13.595
13.74
13.915
14.01
14.29
14.575
14.855
15.14
15.305
15.55
15.805
15.97
16.19
16.5
16.74
17.02
17.285
17.565
17.725
17.83
18.095
18.375
18.425
18.64
18.82
18.94
19.205
19.48
19.755
20.03
20.29
20.575
20.855
20.875
21.145
21.425
21.685
21.985
22.24
22.52
22.8
22.84
23.075
23.345
23.61
23.89
24.075
24.315
24.48
24.565
24.685
24.845
24.96
25.24
25.52
25.955
26.07
26.345
26.63
26.785
26.85
26.91
27.165
27.43
27.7
27.985
28.125
28.255
28.53
28.66
28.925
29.045
29.29
29.515
29.59
29.85
