0.2
0.35
0.6
0.63
1.025
1.57
1.795
1.825
2.06
2.315
2.54
2.765
2.79
2.86
3.05
3.09
3.25
3.51
3.745
4.01
4.235
4.3
4.48
4.71
4.84
4.975
5.055
5.445
5.69
5.955
6.18
6.41
6.65
6.905
7.15
7.37
7.6
7.865
8.105
8.335
8.6
8.835
9.085
9.3
9.525
9.78
9.865
10.275
10.535
10.65
10.76
10.89
11.24
11.405
11.485
11.565
11.735
12.02
12.215
12.445
12.705
12.925
13.18
13.41
13.83
14.155
14.38
14.625
14.88
15.11
15.345
15.61
15.84
16.08
16.305
16.34
16.555
16.58
16.825
17.05
17.125
17.28
17.54
17.775
17.84
18.025
18.175
18.245
18.49
18.505
18.75
18.86
18.88
18.975
19.21
19.46
19.6
19.73
19.915
20.095
20.435
20.5
20.91
21.19
21.66
21.875
22.13
22.22
22.365
22.46
22.85
23.095
23.59
23.825
24.06
24.31
24.675
24.785
25.03
25.07
25.295
25.555
25.78
25.855
26.25
26.515
26.74
26.985
27.285
27.375
27.57
27.705
27.95
28.2
28.33
28.485
28.515
28.675
29.165
29.265
29.445
29.64
