1.305
1.66
2.305
2.63
2.98
4.13
4.595
5.01
5.76
6.17
6.46
6.545
7.19
7.795
8.11
8.255
8.28
8.41
8.68
8.945
9.045
9.13
9.375
9.52
9.995
10.03
10.26
10.59
10.69
10.855
11.48
11.515
12.09
12.685
12.82
12.885
13.215
13.29
13.645
13.695
13.9
14.055
14.37
14.505
14.76
15.06
15.1
15.26
15.46
15.695
15.93
16.325
16.405
16.92
17.475
17.52
17.665
17.97
18.11
18.535
18.565
18.765
18.92
19.27
19.625
19.765
19.925
20.215
20.325
20.525
20.935
21.07
21.145
21.585
21.665
21.865
22.31
22.655
22.67
22.915
23.135
23.34
23.51
23.875
24.095
24.245
24.36
24.68
25.275
25.4
25.55
25.715
25.875
26.475
27.06
27.365
27.65
27.85
28.16
28.28
28.7
28.875
29.18
29.36
29.465
