0.39
0.62
0.845
1.04
1.275
1.505
1.735
1.79
1.965
2.14
2.37
2.625
2.81
3.025
3.465
3.905
4.155
4.17
4.365
4.4
4.81
5.07
5.26
5.525
5.725
5.93
6.16
6.375
6.59
7.04
7.485
7.735
7.945
7.985
8.405
8.84
9.295
9.505
9.735
9.945
10.165
10.605
10.635
10.81
11.07
11.51
11.95
12.405
12.845
13.075
13.275
13.49
13.715
13.895
14.15
14.185
14.605
15.06
15.49
15.935
16.18
16.385
16.41
16.605
16.825
17.04
17.26
17.47
17.7
17.895
18.065
18.155
18.385
18.405
18.605
18.815
18.98
19.05
19.225
19.51
19.705
19.965
20.175
20.41
20.625
20.845
21.26
21.28
21.485
21.655
21.725
22.185
22.635
22.805
22.835
23.09
23.26
23.54
23.765
23.935
24.0
24.205
24.415
24.855
25.01
25.085
25.31
25.765
26.0
26.105
26.21
26.455
26.665
26.895
27.1
27.335
27.54
27.56
27.77
27.985
28.175
28.195
28.43
28.645
28.865
29.32
29.54
29.765
29.96
29.985
