0.185
0.45
0.495
0.955
1.225
1.465
1.745
2.01
2.535
2.805
3.08
3.32
3.335
3.575
3.865
4.09
4.285
4.38
4.61
4.845
5.14
5.675
5.93
5.965
6.19
6.275
6.475
6.725
6.76
7.005
7.24
7.27
7.51
7.795
7.945
8.03
8.305
8.835
9.09
9.35
9.57
9.625
9.865
10.15
10.35
10.42
10.66
10.855
10.915
11.13
11.205
11.45
11.975
12.225
12.25
12.485
12.505
12.775
13.03
13.32
13.535
13.81
14.06
14.285
14.585
15.04
15.12
15.325
15.39
15.585
15.91
16.175
16.74
16.97
17.235
17.495
17.76
18.025
18.275
18.55
19.08
19.365
19.565
19.865
20.14
20.665
20.93
21.13
21.46
21.52
21.735
22.275
22.53
22.805
23.045
23.085
23.32
23.825
24.1
24.29
24.59
24.88
25.13
25.66
25.84
26.08
26.165
26.43
26.955
27.195
27.7
27.98
28.25
28.5
28.755
29.035
29.28
29.545
29.745
