0.145
0.17
0.425
0.555
0.68
0.83
0.95
1.08
1.11
1.215
1.39
1.48
1.615
1.745
1.91
2.01
2.285
2.555
2.68
2.71
2.815
3.075
3.225
3.355
3.465
3.605
3.76
3.875
4.14
4.41
4.685
4.815
4.95
5.215
5.37
5.48
5.605
5.9
6.015
6.28
6.545
6.815
6.945
7.08
7.345
7.495
7.615
7.73
8.025
8.145
8.4
8.68
8.96
8.995
9.08
9.215
9.345
9.475
9.625
9.74
9.9
9.995
10.16
10.28
10.545
10.81
11.08
11.205
11.345
11.485
11.595
11.745
11.875
12.14
12.275
12.405
12.55
12.655
12.67
12.81
12.935
13.2
13.335
13.475
13.735
13.87
14.005
14.275
14.425
14.54
14.695
14.8
14.94
15.075
15.34
15.48
15.61
15.76
15.88
16.025
16.145
16.42
16.56
16.675
16.82
16.94
17.21
17.4
17.485
17.62
17.745
17.86
17.895
18.02
18.275
18.54
18.705
18.81
19.07
19.345
19.625
19.77
19.88
20.0
20.15
20.295
20.41
20.64
20.69
20.825
20.95
21.08
21.115
21.205
21.345
21.48
21.745
21.88
22.015
22.125
22.185
22.27
22.455
22.54
22.805
22.935
23.08
23.215
23.26
23.34
23.59
23.87
23.99
24.02
24.145
24.4
24.54
24.67
24.945
25.095
25.21
25.35
25.475
25.645
25.76
26.005
26.185
26.28
26.55
26.685
26.815
26.94
27.08
27.215
27.35
27.48
27.6
27.735
27.79
27.875
28.16
28.41
28.6
28.825
28.96
29.095
29.345
29.485
29.75
