0.15
0.29
0.42
0.56
0.695
0.955
1.1
1.365
1.5
1.76
1.805
1.89
2.15
2.275
2.295
2.54
2.575
2.68
2.935
3.33
3.475
3.75
3.915
4.165
4.29
4.555
4.69
4.96
5.085
5.35
5.425
5.49
5.755
5.895
6.14
6.175
6.345
6.57
6.685
6.89
6.965
7.385
7.795
8.1
8.2
8.33
8.555
8.605
8.665
8.73
9.01
9.12
9.36
9.82
9.94
10.125
10.21
10.35
10.63
10.765
11.035
11.445
11.58
11.875
12.26
12.38
12.65
12.785
13.075
13.195
13.465
13.6
13.875
13.99
14.235
14.4
14.65
14.795
15.065
15.46
15.59
15.86
15.93
16.02
16.27
16.415
16.65
16.695
16.81
17.08
17.205
17.48
17.605
17.86
18.0
18.27
18.655
18.78
19.045
19.185
19.43
19.57
19.845
19.975
20.235
20.365
20.75
21.02
21.155
21.395
21.57
21.8
21.93
22.14
22.18
22.315
22.56
22.72
22.985
23.105
23.375
23.51
23.89
24.18
24.305
24.55
24.93
25.07
25.335
25.495
25.715
25.86
26.12
26.25
26.515
26.655
26.865
27.3
27.445
27.63
27.71
27.835
28.105
28.215
28.49
28.615
28.875
28.995
29.24
29.645
29.735
