0.24
0.275
0.59
0.74
1.09
1.275
1.525
1.6
1.81
2.125
2.32
2.665
2.83
3.205
3.345
3.71
3.875
4.245
4.395
4.75
4.91
5.295
5.44
5.795
5.965
6.335
6.5
6.785
6.99
7.31
7.505
7.54
7.805
7.835
8.03
8.375
8.395
8.56
8.885
9.075
9.33
9.435
9.595
9.97
10.41
10.625
10.665
10.94
11.125
11.495
11.635
12.0
12.175
12.535
12.685
12.715
13.07
13.195
13.58
13.71
14.09
14.25
14.59
14.77
15.095
15.27
15.61
15.795
15.83
16.095
16.12
16.325
16.63
16.705
16.855
17.025
17.145
17.355
17.555
17.71
17.855
18.24
18.4
18.705
18.925
19.18
19.41
19.79
19.92
20.255
20.285
20.465
20.83
20.97
21.35
21.465
21.77
21.805
21.97
22.29
22.505
22.86
23.02
23.34
23.4
23.54
23.93
24.03
24.05
24.43
24.59
24.975
25.095
25.135
25.46
25.495
25.61
25.97
25.985
26.12
26.505
26.545
27.005
27.175
27.535
27.685
28.08
28.215
28.58
28.73
29.095
29.25
29.6
29.775
