0.39
0.635
0.735
0.9
1.27
1.405
1.6
1.775
1.93
2.19
2.3
2.44
2.69
2.955
3.01
3.205
3.465
3.75
3.97
3.995
4.505
4.76
5.015
5.275
5.53
6.045
6.31
6.565
6.82
7.075
7.335
7.595
8.11
8.375
8.62
8.87
9.14
9.58
9.64
10.16
10.43
10.67
10.91
11.095
11.19
11.44
11.595
11.695
12.225
12.715
13.0
13.255
13.645
13.775
14.285
14.62
14.81
15.055
15.325
15.625
15.755
15.84
16.09
16.355
16.735
16.87
17.125
17.38
17.665
17.895
18.375
18.415
18.67
18.93
19.11
19.435
19.705
19.965
20.465
20.49
20.68
21.005
21.25
21.52
21.765
22.015
22.52
23.035
23.3
23.555
24.05
24.575
24.855
25.09
25.355
25.615
25.87
26.125
26.39
26.515
26.615
26.66
26.905
27.165
27.66
28.19
28.68
28.7
29.225
29.485
29.735
29.955
