0.31
0.515
0.715
0.92
1.115
1.31
1.525
1.705
1.915
2.12
2.325
2.525
2.705
2.92
3.115
3.51
3.705
3.92
4.13
4.3
4.5
4.715
4.91
5.095
5.305
5.52
5.6
5.685
6.08
6.29
6.515
6.69
6.89
7.09
7.295
7.47
7.69
7.885
8.28
8.465
8.675
8.695
8.89
9.265
9.48
9.865
10.07
10.3
10.495
10.67
10.875
11.075
11.265
11.465
11.655
11.875
12.01
12.075
12.45
12.655
13.045
13.225
13.47
13.665
14.05
14.225
14.27
14.645
14.84
15.065
15.275
15.475
15.645
15.845
15.885
16.245
16.44
16.665
16.855
17.03
17.235
17.45
17.48
17.84
18.03
18.245
18.435
18.66
18.855
19.05
19.45
19.655
19.89
20.08
20.265
20.465
20.89
21.065
21.255
21.48
21.655
21.865
22.085
22.275
22.67
22.865
23.04
23.085
23.275
23.47
23.65
23.78
23.875
24.14
24.275
24.45
24.68
24.875
25.055
25.255
25.315
25.84
26.08
26.45
26.47
26.62
26.86
27.015
27.22
27.4
27.59
27.81
28.03
28.21
28.4
28.845
28.925
28.99
29.01
29.185
29.395
29.61
29.785
29.81
29.98
