0.255
0.445
0.69
0.865
1.27
1.595
1.79
2.26
2.445
2.705
3.18
3.33
3.415
3.535
3.605
3.805
4.08
4.145
4.325
4.51
4.945
5.0
5.015
5.44
5.895
6.1
6.235
6.35
6.79
7.045
7.115
7.27
7.505
7.7
7.735
7.945
8.18
8.425
8.635
8.895
9.075
9.525
9.565
9.725
9.965
10.2
10.405
10.625
10.845
11.065
11.28
11.5
11.72
11.94
12.165
12.385
12.6
12.9
13.05
13.12
13.335
13.535
13.985
14.26
14.445
14.655
14.905
15.1
15.16
15.245
15.335
15.565
15.815
16.055
16.23
16.715
16.94
17.15
17.375
17.58
17.805
18.02
18.245
18.46
18.675
18.885
19.14
19.34
19.625
19.69
19.795
20.025
20.23
20.295
20.48
20.505
20.7
20.935
21.14
21.365
21.545
21.59
21.83
22.055
22.21
22.305
22.495
22.715
23.39
23.64
23.845
24.115
24.285
24.515
24.735
24.96
25.17
25.445
25.6
25.84
26.045
26.545
26.565
26.995
27.44
27.715
27.895
28.355
28.79
29.25
29.69
