0.295
0.6
1.06
1.145
1.49
1.76
2.005
2.05
2.365
2.7
2.885
3.21
3.4
3.415
3.51
3.715
4.035
4.465
4.575
4.885
5.15
5.425
5.75
6.155
6.295
6.585
6.9
7.09
7.155
7.3
7.315
7.405
7.945
8.26
8.525
8.795
9.115
9.5
9.655
9.83
9.94
10.235
10.36
10.43
10.61
10.74
11.285
11.58
11.85
11.915
12.12
12.445
12.77
12.98
13.285
13.63
13.82
14.125
14.675
14.985
15.26
15.515
15.845
16.14
16.37
16.66
16.94
17.21
17.5
17.97
18.045
18.355
18.63
18.87
18.9
19.2
19.48
19.55
19.745
20.035
20.56
20.865
21.405
21.695
21.97
22.205
22.53
23.025
23.07
23.365
23.685
23.89
24.19
24.595
24.71
24.74
25.04
25.295
25.555
25.875
26.335
26.405
26.695
27.235
27.53
28.08
28.38
28.655
28.9
29.23
29.56
29.765
