0.295
0.5
0.845
1.025
1.185
1.525
2.045
2.45
2.56
2.815
3.07
3.31
3.575
3.795
4.075
4.445
4.51
4.575
4.865
5.055
5.085
5.31
5.575
5.995
6.095
6.61
6.885
7.12
7.395
7.625
7.9
8.155
8.415
8.645
8.925
9.07
9.17
9.68
9.93
10.205
10.72
10.89
11.245
11.525
11.74
12.275
12.52
12.765
12.96
13.305
13.605
13.71
13.8
14.04
14.085
14.325
14.615
14.835
15.345
15.595
15.86
16.13
16.38
16.665
16.895
17.215
17.42
17.71
17.93
18.145
18.245
18.455
18.835
18.96
19.19
19.485
19.735
19.975
20.21
20.885
20.995
21.205
21.305
21.45
21.52
22.005
22.505
23.0
23.5
23.76
24.01
24.505
24.77
25.025
25.49
25.535
26.025
26.23
26.315
26.525
27.53
28.04
28.275
28.525
28.965
29.045
29.555
