0.51
0.79
1.285
1.555
1.81
2.05
2.58
2.825
3.365
3.585
3.84
4.375
4.59
4.855
5.37
5.62
5.875
6.27
6.41
6.62
6.89
7.39
7.445
7.65
7.91
8.42
8.64
8.92
9.375
9.69
9.755
9.945
10.27
10.45
10.695
10.835
10.96
11.225
11.47
11.72
11.805
11.965
12.275
12.365
12.475
12.73
12.99
13.225
13.485
13.755
13.965
14.005
14.31
14.465
14.52
14.76
15.02
15.28
15.535
15.785
16.035
16.305
16.54
16.795
17.045
17.29
17.565
17.825
18.075
18.25
18.355
18.43
18.5
18.58
18.825
19.005
19.085
19.36
19.605
19.84
20.1
20.365
20.485
20.73
20.855
20.88
21.12
21.36
21.63
21.885
22.11
22.135
22.585
22.645
22.895
23.155
23.415
23.665
23.915
24.17
24.435
24.665
24.925
25.175
25.36
25.42
25.69
25.955
26.205
26.425
26.715
26.96
27.215
27.485
27.73
27.98
28.085
28.23
28.5
28.665
28.71
28.99
29.185
29.25
29.495
29.755
