0.245
0.615
0.655
0.825
0.91
1.01
1.18
1.42
1.785
1.98
2.185
2.36
2.555
2.76
2.95
3.235
3.35
3.535
3.65
3.72
3.89
4.08
4.3
4.465
4.49
4.505
4.855
5.075
5.175
5.26
5.445
5.63
5.87
6.03
6.4
6.64
6.72
6.8
6.98
7.17
7.375
7.565
7.855
7.925
8.14
8.33
8.475
8.72
8.895
9.1
9.475
9.675
9.865
10.035
10.245
10.425
10.445
10.605
10.635
11.025
11.265
11.395
11.58
11.775
11.995
12.165
12.365
12.55
12.8
12.945
13.105
13.32
13.525
13.705
14.0
14.09
14.315
14.475
14.655
14.865
15.065
15.25
15.62
15.88
16.015
16.19
16.395
16.605
16.63
16.785
16.965
17.01
17.16
17.385
17.405
17.55
17.76
17.785
17.93
18.315
18.7
18.895
18.955
19.08
19.29
19.46
19.655
19.76
19.845
20.235
20.625
20.81
21.0
21.195
21.39
21.56
21.76
21.98
22.155
22.355
22.545
22.735
22.925
23.31
23.675
23.71
23.905
24.07
24.265
24.47
24.63
24.84
25.23
25.445
25.63
25.825
25.955
26.015
26.385
26.765
26.795
26.96
26.995
27.17
27.36
27.55
27.705
27.93
28.125
28.325
28.605
28.71
28.86
29.1
29.475
