0.315
0.365
0.71
0.875
1.035
1.21
1.39
1.545
1.72
1.855
1.895
2.405
2.585
2.91
3.755
3.93
4.105
4.47
4.8
5.085
5.27
6.31
6.445
6.46
6.61
6.8
6.955
7.17
7.295
7.785
7.97
9.145
9.495
9.875
9.975
10.48
10.64
10.815
11.01
11.135
11.325
11.47
11.7
11.82
12.01
12.175
12.51
12.68
13.19
13.345
13.52
13.715
13.81
13.845
14.03
14.19
14.535
14.69
14.875
14.985
15.075
15.205
15.745
15.875
16.03
16.21
16.295
16.405
16.535
16.875
17.085
17.22
17.4
17.57
17.735
17.9
18.435
18.57
18.73
18.91
19.1
19.23
19.55
19.575
19.75
20.08
20.27
20.345
20.44
20.595
21.09
21.44
21.925
22.27
22.59
22.765
22.9
23.11
23.47
23.625
23.645
23.79
23.84
23.965
24.055
24.14
24.45
24.63
24.81
24.845
24.98
25.15
25.31
25.48
25.67
25.815
25.845
26.04
26.155
26.22
26.48
26.635
26.82
27.0
27.15
27.315
27.485
27.675
27.84
28.015
28.08
28.35
28.485
28.685
28.87
29.025
29.16
29.365
29.49
29.54
29.865
