0.165
0.305
0.455
0.505
0.745
0.895
1.055
1.34
1.495
1.645
1.795
1.925
2.075
2.115
2.235
2.4
2.52
2.545
2.68
2.825
2.965
3.125
3.405
3.71
3.745
4.035
4.29
4.44
4.585
4.755
4.875
5.035
5.185
5.335
5.47
5.485
5.63
5.775
5.92
6.06
6.085
6.215
6.36
6.66
6.81
6.955
7.25
7.56
7.71
7.845
8.005
8.115
8.45
8.74
9.02
9.165
9.31
9.48
9.61
9.91
10.07
10.335
10.49
10.805
11.1
11.4
11.525
11.68
11.985
12.29
12.585
12.745
12.89
13.19
13.48
13.635
13.8
14.045
14.345
14.65
14.815
14.955
15.235
15.54
15.84
16.0
16.15
16.275
16.43
16.725
17.03
17.19
17.33
17.6
17.92
18.21
18.635
18.79
19.09
19.4
19.835
19.985
20.285
20.59
20.87
21.035
21.185
21.47
21.77
21.925
22.07
22.345
22.66
22.965
23.37
23.525
23.825
24.125
24.28
24.565
24.71
25.015
25.305
25.61
25.73
25.89
26.18
26.5
26.64
26.785
26.935
27.085
27.39
27.68
27.825
27.98
28.09
28.245
28.55
28.715
28.85
29.015
29.29
29.45
29.74
