0.11
0.39
0.55
0.665
0.94
1.1
1.215
1.38
1.49
1.77
1.92
2.045
2.2
2.31
2.585
2.62
2.75
2.86
3.03
3.13
3.415
3.575
3.685
3.97
4.12
4.25
4.4
4.51
4.78
4.93
5.06
5.23
5.34
5.505
5.615
5.775
5.885
6.165
6.32
6.435
6.6
6.715
6.88
6.98
7.15
7.265
7.425
7.53
7.7
7.815
7.97
8.085
8.365
8.515
8.64
8.8
8.905
9.18
9.325
9.455
9.625
9.73
9.895
10.01
10.17
10.285
10.565
10.685
10.72
10.835
10.97
10.985
11.105
11.235
11.345
11.385
11.53
11.645
11.825
11.93
12.1
12.205
12.37
12.485
12.765
12.915
13.035
13.19
13.3
13.575
13.735
13.85
14.02
14.13
14.29
14.405
14.57
14.675
14.885
14.96
15.085
15.115
15.225
15.285
15.39
15.49
15.695
15.78
15.93
16.05
16.22
16.325
16.49
16.605
16.765
16.875
17.16
17.305
17.43
17.59
17.695
17.97
18.115
18.245
18.41
18.525
18.68
18.8
18.965
19.06
19.37
19.63
19.79
19.895
20.175
20.21
20.33
20.445
20.72
21.0
21.16
21.265
21.55
21.705
21.83
21.985
22.095
22.265
22.365
22.535
22.64
22.92
23.085
23.195
23.36
23.44
23.75
23.905
24.025
24.185
24.295
24.565
24.735
24.845
25.02
25.12
25.395
25.555
25.665
25.945
26.1
26.225
26.38
26.49
26.765
26.93
27.04
27.205
27.315
27.475
27.56
27.76
27.865
28.14
28.295
28.42
28.57
28.685
28.84
28.96
29.105
29.125
29.235
29.385
29.51
29.655
29.79
29.945
