0.075
0.145
0.37
0.46
0.66
0.785
1.0
1.125
1.28
1.42
1.74
2.065
2.1
2.275
2.755
3.02
3.345
3.565
3.675
3.99
4.18
4.345
4.65
4.905
4.95
5.155
5.26
5.335
5.6
5.815
5.91
6.12
6.23
6.295
6.585
6.805
6.88
7.2
7.42
7.525
7.83
8.14
8.48
8.815
9.15
9.47
9.7
9.73
9.805
10.02
10.315
10.46
10.775
11.01
11.105
11.305
11.44
11.635
11.75
11.95
12.11
12.31
12.435
12.62
12.735
12.93
13.075
13.39
13.58
13.72
13.9
14.035
14.25
14.385
14.605
14.71
14.91
15.03
15.225
15.365
15.545
15.585
15.875
16.175
16.51
16.635
16.805
16.84
16.965
17.165
17.28
17.48
17.615
17.82
18.02
18.13
18.15
18.27
18.46
18.49
18.59
18.79
18.91
19.1
19.22
19.42
19.535
19.88
20.205
20.29
20.52
20.865
21.07
21.19
21.275
21.375
21.505
21.585
21.71
21.825
22.025
22.15
22.345
22.46
22.49
22.66
22.8
22.975
23.125
23.305
23.45
23.64
23.765
24.015
24.11
24.46
24.65
24.77
25.11
25.295
25.425
25.73
26.07
26.11
26.295
26.405
26.745
27.065
27.26
27.39
27.69
27.875
28.015
28.175
28.32
28.495
28.635
28.815
28.965
29.12
29.28
29.445
29.61
29.89
29.955
