0.03
0.17
0.375
0.645
0.775
1.03
1.185
1.31
1.41
1.56
1.95
2.095
2.12
2.355
2.515
2.815
3.0
3.19
3.42
3.595
3.7
3.995
4.145
4.25
4.65
4.78
5.19
5.235
5.325
5.47
5.59
5.865
6.055
6.125
6.28
6.4
6.615
6.795
6.925
7.2
7.35
7.365
7.635
7.895
7.985
8.185
8.43
8.545
8.835
8.95
8.98
9.47
9.79
10.0
10.16
10.6
10.69
11.09
11.635
11.76
11.955
12.14
12.295
12.7
12.72
12.84
13.02
13.085
13.28
13.385
13.53
13.59
13.79
13.935
14.085
14.345
14.48
14.64
14.885
15.01
15.22
15.43
15.565
15.83
16.045
16.64
16.82
17.075
17.19
17.465
18.125
18.28
18.59
18.68
18.785
18.855
18.975
19.095
19.245
19.535
19.75
20.08
20.165
20.47
20.9
21.165
21.475
21.675
21.91
22.06
22.195
22.57
22.995
23.12
23.38
23.64
23.93
24.08
24.185
24.45
24.58
24.71
25.145
25.255
25.43
25.78
25.965
26.205
26.345
26.465
26.585
26.875
27.14
27.325
27.445
27.66
27.84
28.175
28.365
28.465
28.89
29.0
29.23
29.41
29.525
29.785
