0.14
0.295
0.565
0.685
0.95
1.11
1.35
1.465
1.485
1.735
2.17
2.265
2.545
2.65
2.72
3.085
3.325
3.5
3.76
3.88
4.13
4.295
4.525
4.655
4.91
5.08
5.35
5.475
5.745
5.895
6.15
6.295
6.58
6.995
7.085
7.375
7.54
7.74
7.89
8.155
8.565
8.71
8.98
9.125
9.36
9.505
9.75
9.925
10.15
10.315
10.55
10.71
11.1
11.46
11.495
11.9
12.325
12.7
12.94
13.48
13.895
14.285
14.535
15.085
15.1
15.485
15.75
15.765
15.895
16.3
16.7
17.1
17.385
17.49
17.725
17.79
17.88
18.145
18.175
18.315
18.54
18.695
18.955
19.105
19.365
19.53
19.665
19.745
19.89
20.14
20.29
20.535
20.685
20.93
21.3
21.48
21.555
21.7
21.86
22.11
22.26
22.505
22.64
23.055
23.395
23.435
23.735
23.905
24.185
24.315
24.46
24.75
25.04
25.165
25.345
25.45
25.72
25.965
26.035
26.23
26.525
26.655
26.825
26.925
27.02
27.115
27.22
27.31
27.4
27.505
27.6
27.695
27.79
27.875
27.97
28.07
28.385
28.545
28.685
28.855
28.915
29.18
29.22
29.505
