0.305
0.84
1.045
1.295
1.325
1.79
2.035
2.275
2.77
3.27
3.53
3.78
4.03
4.23
4.26
4.28
4.53
4.805
5.015
5.26
5.765
6.25
6.745
6.805
7.005
7.24
7.49
7.625
7.745
8.0
8.23
8.495
8.735
8.955
9.225
9.475
9.74
9.98
10.22
10.71
10.975
11.22
11.485
11.645
11.72
11.97
12.205
12.6
12.715
12.97
13.18
13.705
13.965
14.21
14.445
14.715
14.96
15.205
15.445
15.71
15.955
16.19
16.45
16.685
16.94
17.17
17.425
17.665
17.92
18.155
18.65
18.905
19.155
19.66
20.155
20.415
20.655
20.925
21.04
21.16
21.64
21.665
21.875
22.145
22.415
22.645
22.865
23.115
23.37
23.62
23.9
24.115
24.4
24.61
24.865
25.105
25.44
25.595
25.88
26.11
26.32
26.615
26.855
27.04
27.11
27.35
27.61
27.855
28.1
28.365
28.6
28.85
29.08
29.345
29.585
29.81
