0.17
0.2
0.455
0.475
0.68
0.765
1.06
1.31
1.595
1.815
1.88
2.1
2.165
2.275
2.44
2.59
2.715
2.865
2.91
2.99
3.145
3.25
3.305
3.4
3.56
3.705
3.835
4.11
4.29
4.38
4.665
4.865
4.935
5.125
5.21
5.39
5.48
5.655
5.77
5.925
6.045
6.07
6.325
6.4
6.505
6.53
6.585
6.89
6.91
7.035
7.16
7.21
7.345
7.435
7.62
7.72
7.74
7.995
8.025
8.28
8.565
8.83
8.87
9.12
9.145
9.31
9.415
9.685
9.845
10.135
10.25
10.52
10.55
10.825
10.985
11.03
11.29
11.405
11.54
11.58
11.675
11.885
11.99
12.155
12.315
12.55
12.725
12.84
13.16
13.315
13.72
13.835
13.885
13.97
14.01
14.115
14.305
14.4
14.47
14.855
14.875
15.02
15.06
15.145
15.275
15.35
15.455
15.61
15.92
15.99
16.28
16.46
16.52
16.595
16.77
16.92
16.94
17.095
17.165
17.445
17.51
17.745
17.83
17.94
17.975
18.3
18.595
18.635
18.82
18.965
19.075
19.19
19.35
19.49
19.625
19.77
19.99
20.06
20.28
20.38
20.63
20.835
20.94
21.075
21.235
21.385
21.665
21.79
21.825
21.96
22.095
22.28
22.405
22.53
22.775
22.875
22.945
23.21
23.245
23.375
23.51
23.8
24.06
24.195
24.39
24.675
24.865
24.97
25.07
25.165
25.255
25.455
25.56
25.84
26.13
26.415
26.445
26.72
26.885
26.995
27.16
27.26
27.55
27.71
27.815
27.84
28.005
28.035
28.125
28.26
28.395
28.55
28.66
28.82
28.96
29.095
29.155
29.42
29.54
29.78
29.93
