0.17
0.335
0.405
0.775
0.88
1.12
1.355
1.605
1.715
1.815
2.08
2.31
2.53
2.665
2.785
3.025
3.26
3.615
3.74
3.975
4.215
4.46
4.695
4.935
5.17
5.52
6.1
6.36
6.83
7.07
7.42
7.54
7.775
8.02
8.49
8.73
8.97
9.325
9.445
9.68
9.805
9.92
10.395
10.63
10.74
10.87
11.23
11.345
11.585
11.715
11.82
12.065
12.235
12.3
12.54
12.62
12.775
13.005
13.135
13.25
13.49
13.725
13.97
14.2
14.445
14.675
15.03
15.155
15.39
15.625
15.995
16.105
16.345
16.58
16.935
17.055
17.29
17.53
18.0
18.245
18.36
18.48
18.84
18.96
19.2
19.435
19.675
19.845
19.915
20.15
20.23
20.375
20.605
20.74
20.86
21.095
21.335
21.58
22.05
22.17
22.29
22.765
23.005
23.05
23.235
23.71
23.95
24.075
24.19
24.435
24.665
24.9
25.14
25.625
25.86
25.975
26.095
26.33
26.57
26.805
27.04
27.28
27.52
27.76
27.995
28.47
28.595
28.705
28.835
28.94
29.19
29.42
29.665
29.785
29.9
