1.24
1.58
1.68
2.11
2.205
2.49
2.555
2.97
3.05
3.24
3.315
3.635
3.745
3.855
4.115
4.19
4.35
4.89
5.51
5.67
5.815
6.015
6.555
6.775
6.88
7.085
7.22
7.535
7.78
7.855
8.305
8.7
8.925
9.09
9.525
10.47
10.565
10.645
10.98
11.22
11.645
11.77
11.975
12.74
13.04
13.415
13.605
13.79
13.995
14.19
14.9
15.225
15.405
15.92
16.57
16.665
17.27
17.875
18.53
18.75
19.02
19.155
19.215
19.65
19.735
19.85
20.01
20.19
20.21
20.3
20.715
20.9
21.08
21.18
21.52
21.57
21.93
22.14
22.37
22.49
22.55
22.785
22.895
23.085
23.295
23.565
23.755
23.9
24.03
24.25
24.51
24.74
24.795
24.95
25.19
25.645
25.87
25.99
26.095
26.33
26.55
26.57
26.72
26.775
27.12
27.26
27.54
28.02
28.125
28.27
28.425
28.545
28.66
28.705
29.14
