0.105
0.315
0.515
0.74
0.765
0.98
1.19
1.41
1.63
1.85
2.065
2.275
2.5
2.72
2.94
3.375
3.82
4.045
4.295
4.505
4.76
5.21
5.655
5.89
6.105
6.34
6.6
7.0
7.435
7.67
7.875
8.0
8.115
8.34
8.56
8.78
8.955
9.06
9.215
9.455
9.685
9.885
10.1
10.34
10.545
10.965
11.21
11.38
11.52
11.65
11.875
12.08
12.115
12.295
12.74
12.955
13.19
13.375
13.6
13.845
14.07
14.495
14.715
14.98
15.16
15.385
15.62
15.84
16.075
16.165
16.26
16.495
16.715
16.92
17.145
17.37
17.595
18.02
18.245
18.365
18.545
18.695
18.91
19.17
19.37
19.79
20.0
20.25
20.46
20.68
20.995
21.135
21.395
21.54
21.785
22.0
22.425
22.645
22.9
23.13
23.315
23.555
23.755
24.185
24.41
24.63
24.92
25.075
25.29
25.505
25.745
25.93
26.155
26.38
26.505
26.735
26.845
27.03
27.285
27.605
27.72
27.925
28.115
28.165
28.35
28.395
28.51
28.605
28.82
28.99
29.05
29.49
29.685
