0.405
0.825
0.87
1.04
1.25
1.475
1.89
2.125
2.55
2.775
2.98
3.205
3.295
3.62
3.83
4.055
4.1
4.495
4.705
4.935
5.36
5.57
6.005
6.225
6.425
6.65
7.085
7.305
7.73
7.945
8.16
8.37
8.81
9.02
9.265
9.465
9.69
9.9
10.14
10.24
10.555
10.76
11.005
11.195
11.42
11.63
11.85
12.28
12.515
12.95
13.155
13.365
13.595
14.005
14.245
14.645
14.87
15.285
15.95
16.4
16.62
16.635
16.835
17.055
17.28
17.5
17.715
17.925
18.36
18.565
18.775
19.215
19.44
19.67
19.86
20.085
20.235
20.475
20.505
20.935
21.15
21.375
21.58
21.8
22.22
22.515
22.67
22.875
23.115
23.55
23.765
23.975
24.14
24.395
24.6
24.85
25.045
25.26
25.47
25.525
25.695
26.125
26.34
26.57
26.78
26.985
27.185
27.425
27.845
28.07
28.295
28.49
28.715
28.925
29.155
29.565
