0.115
0.41
0.57
1.055
1.38
1.655
1.7
1.85
2.02
2.245
2.34
2.52
2.635
2.98
3.15
3.39
3.46
3.63
3.755
3.91
3.94
4.265
4.44
4.69
4.755
4.92
5.085
5.21
5.25
5.565
5.73
6.045
6.205
6.37
6.53
6.68
6.825
6.85
7.005
7.35
7.475
7.495
7.735
7.83
8.025
8.135
8.305
8.78
9.11
9.37
9.43
9.59
10.07
10.245
10.4
10.635
10.715
10.875
11.11
11.13
11.185
11.36
11.645
11.685
12.01
12.165
12.42
12.49
12.645
12.805
12.945
13.305
13.425
13.455
13.7
13.775
13.93
14.09
14.265
14.74
15.01
15.055
15.22
15.385
15.545
16.03
16.32
16.355
16.495
16.515
16.67
16.83
17.045
17.155
17.33
17.52
17.67
17.795
18.125
18.305
18.445
18.475
18.615
18.805
18.935
19.09
19.255
19.395
19.74
19.865
19.9
20.135
20.22
20.34
20.38
20.54
20.7
20.95
21.19
21.445
21.505
21.67
21.825
21.99
22.31
22.62
22.955
23.095
23.285
23.435
23.6
23.76
24.02
24.085
24.24
24.39
24.565
25.045
25.305
25.375
25.53
25.695
25.845
26.34
26.57
26.61
26.815
26.97
27.11
27.14
27.395
27.46
27.795
28.105
28.235
28.43
28.535
28.915
29.15
29.185
29.4
29.56
29.675
29.725
