0.575
0.91
1.225
1.555
1.71
1.855
2.045
2.195
2.51
2.85
3.155
3.48
3.66
3.795
4.115
4.44
4.61
4.76
4.945
5.07
5.355
5.4
5.56
5.705
5.89
6.03
6.175
6.34
6.56
6.665
6.84
6.98
7.155
7.28
7.615
7.765
7.95
8.1
8.25
8.45
8.57
8.885
9.09
9.245
9.53
9.695
9.855
10.165
10.44
10.5
10.795
10.995
11.135
11.445
11.635
11.765
12.085
12.38
12.6
12.72
12.895
13.055
13.305
13.36
13.685
13.985
14.18
14.325
14.65
14.965
15.155
15.28
15.465
15.615
15.925
16.105
16.245
16.44
16.56
16.74
16.89
17.205
17.37
17.53
17.73
17.84
18.07
18.17
18.485
18.81
19.11
19.295
19.435
19.75
20.085
20.28
20.395
20.685
20.73
20.9
21.02
21.23
21.36
21.57
21.66
21.845
21.985
22.18
22.295
22.44
22.615
22.93
23.095
23.25
23.555
23.74
23.845
24.19
24.51
24.66
24.825
24.995
25.135
25.34
25.46
25.65
25.78
26.105
26.41
26.73
26.93
27.015
27.05
27.365
27.675
27.995
28.325
28.63
28.8
28.965
29.17
29.27
29.59
