0.21
0.48
0.59
0.71
0.83
0.95
1.205
1.455
1.715
2.22
2.475
2.57
2.73
2.96
3.06
3.21
3.32
3.445
3.955
3.99
4.235
4.465
4.5
4.735
4.885
5.155
5.245
5.38
5.515
5.645
5.77
5.905
5.99
6.13
6.24
6.375
6.51
6.76
7.125
7.24
7.36
7.495
7.525
7.61
7.74
7.86
7.995
8.11
8.235
8.36
8.49
8.53
8.64
8.74
8.895
8.98
9.11
9.245
9.365
9.495
9.61
9.74
9.84
10.0
10.24
10.405
10.51
10.615
10.745
10.87
11.005
11.125
11.24
11.505
11.63
11.72
11.765
11.845
11.98
12.045
12.23
12.395
12.5
12.88
13.145
13.25
13.385
13.525
13.63
13.78
13.885
13.975
14.135
14.24
14.37
14.5
14.75
15.0
15.13
15.255
15.38
15.51
15.625
15.76
15.88
16.015
16.12
16.26
16.385
16.505
16.55
16.755
16.885
16.905
16.92
17.04
17.15
17.27
17.395
17.53
17.575
17.645
17.9
18.035
18.265
18.43
18.54
18.665
18.78
18.895
19.025
19.165
19.275
19.4
19.535
19.67
19.785
19.905
20.035
20.165
20.275
20.525
20.57
20.785
21.045
21.17
21.285
21.415
21.55
21.59
21.66
21.8
21.92
22.16
22.28
22.545
22.575
22.68
22.815
22.895
23.19
23.3
23.52
23.585
23.78
23.945
24.205
24.295
24.325
24.545
24.585
24.705
24.825
24.93
24.955
25.09
25.2
25.315
25.445
25.57
25.7
25.815
26.075
26.2
26.325
26.46
26.59
26.705
26.845
26.955
27.1
27.2
27.22
27.325
27.455
27.59
27.84
28.1
28.175
28.21
28.355
28.465
28.595
28.725
28.855
28.97
29.23
29.34
29.48
29.6
