0.24
0.51
0.765
0.905
1.19
1.265
1.54
1.715
1.795
1.875
2.015
2.155
2.285
2.345
2.64
2.805
2.98
3.005
3.19
3.335
3.845
4.255
4.375
4.48
4.67
4.74
4.88
5.275
5.325
5.405
5.625
5.835
5.915
6.105
6.12
6.18
6.465
7.05
7.175
7.2
7.365
7.525
7.81
7.87
8.17
8.34
8.515
8.595
8.71
8.895
9.12
9.275
9.585
9.61
9.685
9.9
10.175
10.305
10.63
10.985
11.24
11.335
11.57
11.695
12.035
12.375
12.685
12.75
13.095
13.265
13.45
13.575
13.715
13.945
14.04
14.395
14.695
14.75
14.97
15.05
15.24
15.305
15.405
15.675
15.74
15.835
15.905
16.025
16.1
16.335
16.365
16.575
16.7
16.73
17.02
17.08
17.385
17.645
17.755
18.01
18.095
18.46
18.675
18.795
18.995
19.125
19.365
19.46
19.71
19.79
20.105
20.385
20.705
20.805
21.12
21.475
21.835
22.12
22.37
22.455
22.8
23.175
23.245
23.435
23.495
23.785
24.065
24.14
24.49
24.65
24.715
24.805
25.155
25.46
25.5
25.645
25.84
25.995
26.175
26.465
26.5
26.845
27.025
27.165
27.325
27.5
27.835
27.86
28.195
28.43
28.51
28.835
29.09
29.165
29.455
29.525
29.815
