0.35
0.63
0.905
1.075
1.16
1.205
1.455
1.76
1.89
2.025
2.27
2.295
2.6
2.865
3.135
3.43
3.7
3.96
4.115
4.245
4.53
4.805
4.94
5.085
5.345
5.63
5.92
6.185
6.455
6.73
6.785
7.035
7.215
7.24
7.575
7.85
8.135
8.385
8.415
8.685
8.955
8.985
9.25
9.515
9.785
10.86
10.96
11.23
11.255
11.53
11.815
12.09
12.395
12.68
12.695
12.73
12.865
12.955
13.105
13.235
13.515
13.805
13.9
14.08
14.175
14.365
14.645
14.925
15.085
15.205
15.485
15.785
16.06
16.33
16.475
16.525
16.61
16.89
17.045
17.165
17.32
17.46
17.73
18.015
18.305
18.54
18.575
18.75
18.84
19.12
19.395
19.68
19.965
20.13
20.225
20.55
20.825
21.085
21.39
21.665
21.86
21.94
22.22
22.495
22.55
22.69
22.78
23.055
23.34
23.615
23.915
24.17
24.44
24.69
24.75
25.005
25.03
25.255
25.495
25.57
25.835
26.04
26.11
26.295
26.415
26.515
26.695
26.9
26.965
27.175
27.25
27.52
27.595
27.8
27.945
28.06
28.35
28.62
28.9
29.16
29.445
29.75
