0.275
0.59
0.695
0.99
1.12
1.42
1.535
1.86
1.975
2.235
2.29
2.405
2.665
2.835
2.865
3.035
3.115
3.24
3.525
3.685
3.96
4.11
4.15
4.415
4.55
4.96
5.005
5.255
5.305
5.405
5.845
5.88
6.31
6.595
6.765
6.85
6.98
7.18
7.62
7.64
7.935
8.08
8.3
8.495
8.725
8.785
8.945
9.24
9.405
9.84
10.125
10.185
10.275
10.435
10.535
10.7
11.01
11.14
11.455
11.57
11.82
11.885
12.0
12.235
12.295
12.43
12.715
12.855
13.15
13.28
13.595
13.715
14.0
14.12
14.435
14.545
14.885
14.965
15.325
15.65
15.8
16.1
16.525
16.54
16.655
16.85
16.945
17.08
17.37
17.505
17.805
17.935
18.355
18.855
19.065
19.11
19.27
19.48
19.66
19.69
20.085
20.315
20.58
21.39
21.435
21.83
22.6
22.695
22.78
22.985
23.1
23.155
23.59
24.49
24.79
24.885
25.315
25.335
25.37
25.635
25.94
26.26
26.435
26.615
26.9
26.92
27.055
27.3
27.9
28.195
28.35
28.76
28.82
29.05
29.225
29.645
29.935
