0.08
0.22
0.32
0.555
0.795
0.935
1.03
1.17
1.275
1.335
1.505
1.745
1.89
1.985
2.125
2.225
2.46
2.7
2.84
2.935
3.075
3.18
3.41
3.65
3.79
3.89
4.03
4.13
4.365
4.605
4.745
4.84
4.98
5.09
5.315
5.555
5.7
5.795
5.935
6.035
6.27
6.51
6.65
6.745
6.885
6.985
7.22
7.46
7.605
7.7
7.84
7.94
8.0
8.175
8.415
8.555
8.65
8.79
8.89
9.125
9.37
9.51
9.605
9.745
9.845
9.905
10.08
10.32
10.365
10.465
10.555
10.695
10.795
10.86
11.03
11.275
11.415
11.51
11.65
11.75
11.81
11.985
12.225
12.27
12.37
12.46
12.6
12.705
12.765
12.94
13.18
13.23
13.32
13.415
13.555
13.655
13.89
14.135
14.175
14.275
14.37
14.505
14.61
14.845
15.085
15.32
15.46
15.56
15.795
16.04
16.075
16.18
16.275
16.41
16.515
16.75
16.99
17.025
17.13
17.225
17.365
17.465
17.7
17.945
18.085
18.175
18.315
18.42
18.655
18.895
19.035
19.13
19.27
19.37
19.605
19.85
19.885
19.99
20.08
20.22
20.325
20.56
20.8
21.285
21.76
21.995
22.475
22.72
23.2
23.68
24.145
24.615
25.09
25.57
25.805
26.285
26.535
27.01
27.485
27.955
28.425
28.9
29.37
29.615
29.985
