0.125
0.3
0.5
0.645
0.665
0.835
0.855
1.005
1.245
1.39
1.62
1.79
1.985
2.145
2.325
2.71
2.895
3.11
3.29
3.47
3.505
3.675
3.855
4.045
4.425
4.455
4.63
4.835
5.035
5.215
5.41
5.78
5.955
6.16
6.365
6.55
6.73
6.925
7.11
7.32
7.505
7.7
7.895
8.08
8.285
8.46
8.67
8.84
9.03
9.23
9.415
9.6
9.615
9.795
9.97
10.165
10.57
10.77
11.355
11.415
11.795
11.815
12.17
12.585
12.78
12.98
13.155
13.33
13.565
13.735
13.935
14.11
14.29
14.485
14.665
14.885
15.045
15.23
15.405
15.46
15.6
15.79
15.98
16.33
16.53
16.72
16.9
17.085
17.13
17.285
17.455
17.635
17.835
18.0
18.195
18.385
18.58
18.75
18.94
18.955
19.13
19.305
19.5
19.59
19.685
19.87
20.065
20.265
20.435
20.62
20.99
21.165
21.37
21.56
21.745
21.915
22.105
22.285
22.46
22.655
22.825
23.34
23.38
23.725
23.945
24.1
24.485
24.515
24.635
24.68
24.79
24.855
25.035
25.23
25.265
25.395
25.585
25.97
26.145
26.335
26.71
26.9
27.08
27.28
27.46
27.66
27.835
28.01
28.21
28.265
28.39
28.48
28.575
28.72
28.94
29.19
29.315
29.475
29.695
29.865
