0.26
0.33
0.505
0.64
0.785
0.945
1.01
1.26
1.58
1.89
2.195
2.47
2.525
2.785
3.135
3.32
3.445
3.765
3.985
4.08
4.395
4.7
5.025
5.3
5.495
5.635
5.79
5.945
6.26
6.59
6.885
7.205
7.51
7.82
8.135
8.32
8.47
8.745
8.98
9.065
9.38
9.7
10.005
10.26
10.475
10.64
10.785
10.945
11.245
11.565
11.705
11.87
11.995
12.145
12.305
12.4
12.465
12.615
12.755
12.905
13.055
13.29
13.37
13.53
13.68
13.81
13.985
14.0
14.13
14.285
14.595
14.925
15.245
15.385
15.545
15.69
15.85
16.155
16.475
16.62
16.77
17.075
17.39
17.715
17.85
18.01
18.135
18.31
18.615
18.92
19.225
19.55
19.87
20.18
20.33
20.485
20.63
20.79
21.1
21.4
21.55
21.7
21.72
22.01
22.315
22.545
22.63
22.77
22.93
23.07
23.225
23.535
23.685
23.84
24.16
24.465
24.78
25.1
25.265
25.405
25.55
25.705
26.015
26.325
26.47
26.625
26.835
26.925
27.23
27.55
27.69
27.845
27.975
28.145
28.45
28.61
28.76
28.79
28.915
29.07
29.375
29.69
