0.485
0.635
0.88
0.935
1.115
1.36
1.475
1.6
1.845
1.95
2.085
2.335
2.575
2.815
2.84
3.055
3.185
3.3
3.42
3.54
3.785
4.025
4.265
4.465
4.51
4.75
4.96
4.995
5.235
5.48
5.72
5.96
6.14
6.205
6.455
6.685
6.93
7.06
7.42
7.655
7.9
8.145
8.37
8.625
8.755
8.86
9.115
9.355
9.59
9.735
10.09
10.325
10.575
10.81
10.93
11.055
11.295
11.54
12.015
12.26
12.5
12.74
12.975
13.23
13.47
13.705
13.945
14.2
14.435
14.675
14.92
15.17
15.41
15.565
15.65
15.885
16.14
16.375
16.62
16.855
16.98
17.11
17.345
17.59
17.835
18.08
18.315
18.445
18.555
18.685
18.88
19.045
19.28
19.52
19.765
19.835
20.01
20.245
20.42
20.49
20.735
20.985
21.22
21.465
21.705
21.955
22.185
22.36
22.43
22.92
23.155
23.29
23.885
24.13
24.37
24.615
24.86
25.09
25.33
25.575
25.825
26.065
26.3
26.43
26.68
26.795
27.035
27.215
27.53
27.765
27.99
28.49
28.73
28.9
28.98
29.1
29.545
29.705
