0.345
0.585
1.13
1.315
1.695
2.01
2.05
2.24
2.265
2.615
2.845
2.87
3.17
3.395
3.665
3.785
4.485
4.885
4.905
5.105
5.415
5.445
5.63
5.68
6.225
6.58
6.825
7.105
7.195
7.355
7.395
7.94
8.275
8.5
8.86
9.05
9.715
10.18
10.4
10.545
10.74
11.355
11.61
11.87
12.215
12.42
13.315
13.51
13.93
14.1
14.425
15.01
15.195
15.26
15.665
15.725
16.3
17.16
17.385
17.89
17.925
18.165
18.27
18.445
18.93
19.465
19.645
19.91
20.47
20.525
20.7
20.95
21.595
21.805
22.21
22.345
23.27
23.835
23.85
24.045
24.585
24.955
25.125
25.695
26.27
26.875
26.965
27.205
27.445
27.915
28.36
28.575
29.025
29.13
