0.415
0.685
0.82
0.94
1.215
1.485
1.74
1.92
2.01
2.125
2.28
2.405
2.525
2.565
2.8
2.825
2.97
3.075
3.205
3.635
3.875
4.06
4.165
4.405
4.585
4.7
4.945
5.24
5.34
5.665
5.765
6.03
6.2
6.31
6.445
6.52
6.735
6.83
6.96
7.145
7.255
7.37
7.63
7.89
8.135
8.285
8.42
8.66
8.69
8.945
9.085
9.125
9.2
9.46
9.62
9.83
9.89
9.995
10.265
10.52
10.785
11.04
11.315
11.465
11.575
11.72
11.845
11.985
12.105
12.27
12.36
12.5
12.625
12.85
13.145
13.36
13.42
13.525
13.66
13.925
14.035
14.19
14.38
14.45
14.565
14.715
14.99
15.14
15.25
15.5
15.53
15.77
15.88
16.02
16.215
16.305
16.57
16.695
16.84
17.26
17.355
17.565
17.65
17.755
17.895
18.02
18.41
18.695
18.84
18.94
19.21
19.305
19.465
19.725
19.905
20.0
20.435
20.525
20.77
20.88
21.055
21.13
21.26
21.295
21.46
21.545
21.695
21.98
22.105
22.36
22.395
22.62
22.84
22.89
23.05
23.08
23.145
23.405
23.675
23.785
23.935
24.205
24.475
24.74
24.995
25.14
25.29
25.43
25.535
25.82
26.085
26.345
26.615
26.695
26.865
26.995
27.08
27.13
27.39
27.515
27.675
27.8
27.92
28.16
28.43
28.7
28.845
28.96
29.215
29.35
29.49
29.63
29.645
