0.195
0.45
0.67
0.895
1.145
1.25
1.365
1.605
1.835
2.09
2.32
2.555
2.805
3.05
3.26
3.525
3.745
3.97
4.21
4.45
4.675
4.935
5.165
5.385
5.625
5.86
6.085
6.345
6.56
6.79
7.02
7.28
7.5
7.72
7.97
8.2
8.425
8.675
8.89
9.12
9.215
9.355
9.565
9.58
9.79
9.9
10.25
10.475
10.585
10.705
10.915
11.16
11.385
11.62
11.79
11.85
11.98
12.075
12.32
12.49
12.555
12.78
13.025
13.225
13.26
13.48
13.705
13.735
13.95
14.185
14.42
14.655
14.88
15.115
15.235
15.345
15.57
15.82
16.02
16.05
16.275
16.485
16.515
16.755
16.975
17.205
17.445
17.67
17.91
18.16
18.365
18.59
18.83
19.06
19.285
19.51
19.745
19.975
20.205
20.435
20.665
20.88
21.11
21.355
21.585
21.7
21.815
22.04
22.27
22.515
22.735
22.97
23.21
23.425
23.655
23.885
23.9
24.105
24.35
24.585
24.815
25.045
25.285
25.505
25.735
25.98
26.19
26.435
26.67
26.89
27.125
27.21
27.36
27.6
27.62
27.82
28.05
28.295
28.515
28.74
28.98
29.205
29.435
29.655
29.9
