0.08
0.68
0.875
1.0
1.16
1.33
1.61
1.785
2.22
2.55
2.74
3.04
3.205
3.36
3.695
4.12
4.305
4.565
4.765
5.06
5.325
5.705
5.89
6.02
6.185
6.34
6.62
6.785
6.945
7.21
7.39
7.54
7.725
7.87
8.035
8.35
8.665
9.125
9.285
9.565
9.735
10.045
10.235
10.25
10.64
10.83
10.955
11.125
11.285
11.58
11.76
11.905
12.06
12.19
12.355
12.51
12.7
12.815
13.0
13.135
13.315
13.43
13.635
13.75
14.055
14.27
14.37
14.54
14.715
14.845
15.045
15.225
15.3
15.46
15.625
15.815
15.95
16.12
16.24
16.58
16.75
16.865
17.02
17.185
17.33
17.485
17.515
17.68
17.79
17.98
18.11
18.295
18.415
18.6
18.625
18.735
18.93
19.07
19.23
19.355
19.52
19.7
19.825
19.985
20.28
20.455
20.6
20.625
20.805
20.905
21.08
21.14
21.215
21.39
21.52
21.685
21.835
21.99
22.165
22.195
22.485
22.67
22.78
22.975
23.11
23.285
23.41
23.625
23.74
23.955
24.09
24.23
24.26
24.365
24.53
24.67
24.715
24.84
24.985
25.285
25.455
25.59
25.8
25.9
26.1
26.21
26.51
26.575
26.73
26.82
26.985
27.175
27.3
27.51
27.68
27.785
27.99
28.11
28.32
28.42
28.61
28.735
28.92
29.075
29.135
29.235
29.29
29.365
29.54
29.67
29.835
29.99
