0.365
0.65
0.685
0.95
1.24
1.52
1.84
2.12
2.395
2.71
2.87
3.005
3.28
3.57
3.75
3.86
4.12
4.44
4.735
5.065
5.315
5.37
5.615
5.905
6.185
6.225
6.495
6.755
7.045
7.35
7.52
7.635
7.66
7.92
8.21
8.45
8.545
8.76
8.92
9.1
9.115
9.37
9.525
9.675
9.955
10.24
10.545
10.83
11.135
11.435
11.72
12.03
12.32
12.58
12.875
13.14
13.375
13.44
13.75
14.055
14.355
14.645
14.93
15.21
15.255
15.5
15.795
16.02
16.26
16.37
16.665
16.705
16.96
17.26
17.54
17.825
18.125
18.17
18.49
18.665
18.735
19.035
19.325
19.615
19.92
20.205
20.52
20.825
21.12
21.425
21.715
21.9
22.02
22.305
22.605
22.9
23.215
23.505
23.79
24.1
24.4
24.69
24.995
25.275
25.295
25.575
25.86
26.145
26.47
26.77
26.91
27.03
27.29
27.36
27.595
27.95
28.2
28.495
28.78
29.08
29.365
29.675
