0.25
0.44
0.695
0.965
1.18
1.505
1.665
1.89
2.05
2.31
2.435
2.705
3.155
3.2
3.415
3.665
4.17
4.415
4.67
4.695
5.18
5.45
5.695
6.205
6.455
6.71
7.2
7.38
7.65
7.71
8.33
8.525
8.74
8.95
9.11
9.19
9.39
9.6
9.75
9.89
9.995
10.125
10.205
10.375
10.52
10.65
10.735
10.925
11.22
11.485
11.715
12.25
12.44
12.51
12.68
13.425
13.455
13.7
14.225
14.455
14.695
14.975
15.225
15.495
15.58
15.705
16.26
16.485
16.71
17.45
17.695
17.965
18.205
18.43
18.675
18.98
19.435
19.65
19.93
20.175
20.385
20.64
21.175
21.395
21.655
22.075
22.15
22.38
22.63
22.94
23.13
23.26
23.595
24.13
24.345
24.6
25.11
25.575
25.59
25.97
26.095
26.285
26.59
27.085
27.54
28.295
29.405
29.665
