0.36
0.61
1.095
1.16
1.555
1.78
1.975
2.045
2.165
2.39
2.63
2.72
3.035
3.385
3.7
4.43
4.72
5.025
5.265
5.47
6.115
6.145
6.485
6.7
6.815
6.985
7.14
7.24
7.53
8.51
8.85
9.17
9.505
9.845
10.18
10.525
10.865
11.195
11.53
11.86
12.195
12.255
12.525
12.87
13.205
13.545
13.88
14.21
14.54
14.625
14.885
14.965
15.2
15.25
15.455
15.545
15.59
15.995
16.215
16.53
16.645
16.9
16.995
17.065
17.365
17.67
17.95
18.345
18.58
18.66
19.34
19.59
19.725
20.47
20.805
21.135
21.335
21.44
21.68
21.745
22.075
22.105
22.495
22.755
22.825
23.15
23.49
23.875
24.565
24.875
25.23
25.565
25.88
26.22
26.46
26.855
26.93
27.46
27.51
27.765
27.95
27.98
28.07
28.28
28.605
28.945
28.975
29.31
29.625
29.98
