0.065
0.4
0.525
0.78
0.895
1.01
1.145
1.505
1.885
2.135
2.505
2.76
2.885
3.0
3.13
3.25
3.375
3.49
3.62
3.86
4.12
4.365
4.485
4.725
4.86
4.975
5.465
5.845
6.095
6.345
6.46
6.74
6.835
6.96
7.205
7.455
7.585
7.825
8.21
8.315
8.44
8.575
8.695
8.815
8.93
9.205
9.34
9.425
9.805
10.06
10.31
10.42
10.675
10.8
10.915
11.05
11.075
11.17
11.29
11.405
11.785
11.915
12.28
12.395
12.655
12.775
12.895
13.165
13.295
13.385
13.765
13.89
14.015
14.14
14.26
14.38
14.645
14.755
14.875
15.125
15.26
15.365
15.735
15.845
16.355
16.61
16.85
17.335
17.725
17.85
18.135
18.34
18.83
19.085
19.32
19.59
19.7
19.82
20.065
20.2
20.31
20.81
21.025
21.3
21.615
21.68
21.805
21.96
22.1
22.295
22.795
23.04
23.17
23.285
23.665
23.785
24.27
24.695
24.77
25.105
25.265
25.64
25.765
26.165
26.26
26.54
26.75
26.98
27.005
27.245
27.62
28.115
28.23
28.495
28.725
29.075
29.225
29.6
29.73
