0.18
0.39
0.5
0.71
0.77
0.845
0.93
0.985
1.08
1.275
1.505
1.645
1.88
2.15
2.255
2.44
2.755
2.835
3.03
3.415
3.605
4.01
4.22
4.6
4.805
5.015
5.19
5.39
5.435
5.595
5.785
5.98
6.18
6.345
6.55
6.59
6.765
6.935
7.13
7.34
7.51
7.705
7.895
8.01
8.065
8.27
8.355
8.375
8.545
8.64
8.845
9.04
9.22
9.42
9.635
9.805
9.995
10.18
10.375
10.555
10.75
10.975
11.13
11.18
11.35
11.53
11.71
11.9
12.085
12.255
12.41
12.485
12.545
12.57
12.65
12.85
12.935
13.015
13.215
13.4
13.62
13.81
13.985
14.185
14.295
14.585
14.835
14.96
15.13
15.355
15.43
15.535
15.725
15.89
15.965
16.265
16.66
16.87
16.89
17.035
17.06
17.135
17.235
17.435
17.605
17.775
18.01
18.19
18.56
18.6
18.765
18.97
19.14
19.305
19.395
19.53
19.705
19.86
19.95
20.1
20.285
20.49
20.64
20.84
21.135
21.245
21.43
21.69
21.795
22.025
22.4
22.595
22.83
22.94
23.155
23.195
23.545
23.76
23.98
24.11
24.31
24.69
24.895
25.105
25.255
25.475
25.495
25.75
25.86
26.065
26.245
26.415
26.655
26.815
26.97
27.175
27.375
27.435
27.535
27.725
28.12
28.32
28.52
28.68
28.915
29.115
29.265
29.295
29.46
29.685
29.85
