0.115
0.395
0.655
0.965
1.205
1.46
1.75
2.02
2.28
2.555
2.82
3.125
3.355
3.625
3.9
4.175
4.435
4.69
4.985
5.52
5.675
5.775
6.07
6.355
6.6
6.885
7.02
7.135
7.425
7.69
7.955
8.235
8.545
8.78
9.065
9.265
9.315
9.855
10.085
10.12
10.39
10.49
10.66
10.685
10.92
11.2
11.225
11.365
11.475
11.73
11.995
12.27
12.535
12.805
13.09
13.335
13.615
13.825
14.165
14.705
14.985
15.235
15.505
15.77
16.03
16.205
16.3
16.6
16.845
17.13
17.385
17.645
17.91
18.205
18.45
18.75
18.985
19.27
19.515
19.785
20.065
20.31
20.355
20.575
20.865
21.115
21.405
21.655
21.92
21.955
22.19
22.475
22.49
22.69
22.73
23.005
23.255
23.545
23.78
24.05
24.32
24.575
24.84
25.14
25.3
25.37
25.66
25.905
26.17
26.22
26.44
26.99
27.265
27.525
27.785
28.055
28.32
28.59
28.885
29.14
29.405
29.68
