0.02
0.325
0.62
0.65
0.9
1.19
1.48
1.77
2.055
2.34
2.63
2.915
2.95
3.205
3.495
3.78
4.0
4.075
4.355
4.65
4.93
5.215
5.5
5.79
6.08
6.365
6.655
6.94
7.225
7.515
7.805
8.09
8.365
8.68
8.71
8.965
9.535
9.73
9.825
10.11
10.4
10.685
10.975
11.26
11.55
11.62
11.835
11.925
12.125
12.16
12.41
12.705
12.98
13.27
13.555
13.845
14.13
14.415
14.705
14.995
15.28
15.57
15.855
16.15
16.435
16.72
17.02
17.295
17.59
17.875
18.165
18.445
18.73
19.025
19.315
19.635
19.885
20.17
20.75
21.035
21.33
21.615
21.905
22.19
22.475
22.77
23.055
23.335
23.625
23.915
24.2
24.485
24.775
24.955
25.065
25.355
25.635
25.935
26.22
26.465
26.56
27.075
27.38
27.655
27.94
28.225
28.525
28.8
28.865
29.085
29.23
29.38
29.685
