0.085
0.43
0.765
1.125
1.46
1.81
2.15
2.495
2.68
2.825
2.98
3.07
3.16
3.19
3.475
3.565
3.81
4.185
4.355
4.375
4.53
4.865
5.06
5.205
5.56
5.735
5.88
5.93
6.235
6.385
6.575
6.765
6.835
6.925
7.11
7.275
7.625
7.815
7.975
8.16
8.32
8.34
8.505
8.675
8.855
9.005
9.19
9.355
9.7
9.895
10.05
10.21
10.4
10.59
10.74
10.955
11.09
11.285
11.44
11.64
11.79
12.12
12.465
12.655
12.82
12.985
13.17
13.345
13.505
13.79
13.86
13.94
14.105
14.225
14.535
14.735
14.775
14.88
15.225
15.425
15.565
15.905
16.09
16.25
16.58
16.605
16.975
17.255
17.46
17.585
17.655
17.94
18.14
18.28
18.63
18.965
19.24
19.32
19.47
19.56
19.635
19.99
20.17
20.335
20.525
20.675
21.025
21.2
21.355
21.535
21.55
21.71
21.885
22.04
22.22
22.385
22.575
22.76
23.095
23.295
23.435
23.78
23.96
23.98
24.135
24.3
24.475
24.66
24.82
24.995
25.175
25.36
25.495
25.525
25.72
25.87
26.065
26.215
26.4
26.555
26.725
26.905
27.085
27.255
27.435
27.59
27.765
27.955
28.135
28.185
28.28
28.32
28.485
28.645
28.99
29.18
29.33
29.68
