0.16
0.29
0.42
0.56
0.89
1.15
1.43
1.61
1.74
2.0
2.285
2.705
2.845
2.985
3.11
3.25
3.375
3.525
3.66
3.95
4.245
4.53
4.96
5.115
5.38
5.655
5.96
6.08
6.19
6.255
6.495
6.765
7.06
7.23
7.34
7.615
7.745
7.885
8.035
8.4
8.695
8.985
9.435
9.555
9.575
9.825
10.13
10.415
10.555
10.665
10.705
10.95
11.225
11.245
11.795
12.095
12.195
12.335
12.48
12.59
12.745
12.88
13.425
13.71
13.995
14.26
14.545
14.835
14.98
15.11
15.36
15.555
15.64
15.865
16.045
16.175
16.455
16.585
16.715
16.775
16.845
16.975
17.035
17.255
17.28
17.855
17.87
18.06
18.325
18.55
18.83
19.085
19.2
19.235
19.42
19.455
19.695
20.01
20.1
20.24
20.375
20.5
20.64
20.93
21.21
21.685
21.81
22.38
22.73
22.8
22.94
23.075
23.34
23.425
23.585
23.71
23.985
24.26
24.54
24.835
24.96
25.085
25.355
25.61
25.88
26.035
26.16
26.435
26.7
26.925
26.995
27.13
27.24
27.515
27.785
28.055
28.13
28.205
28.325
28.57
28.865
29.27
29.415
29.68
