1.455
1.6
1.895
2.005
2.445
2.6
3.115
3.315
3.4
3.605
3.99
4.245
5.015
5.085
5.58
5.805
5.915
6.125
6.345
6.585
6.87
7.105
7.265
7.505
7.63
8.015
8.09
8.545
8.61
8.95
9.085
9.575
9.735
10.025
10.1
10.56
10.665
10.8
11.115
11.26
11.57
11.705
12.13
12.255
12.49
12.605
13.1
13.47
13.595
13.785
14.12
14.265
14.355
14.595
14.75
14.89
15.11
15.275
15.605
15.775
16.11
16.16
16.23
16.63
16.76
17.01
17.155
17.28
17.61
17.765
18.1
18.32
18.5
18.59
18.655
18.75
19.15
19.26
19.395
19.6
19.64
20.145
20.445
20.72
21.115
21.555
21.63
21.865
22.11
22.555
22.74
22.85
22.955
23.19
23.605
23.63
24.065
24.1
24.285
24.625
25.095
25.355
25.535
25.72
26.09
26.41
26.5
26.6
26.725
27.005
27.205
27.53
27.69
28.055
28.145
28.565
28.73
28.87
29.075
29.23
29.59
29.725
29.855
29.89
