0.18
0.29
0.56
0.99
1.125
1.395
1.81
1.95
2.21
2.385
2.67
2.8
3.07
3.22
3.495
3.635
3.89
3.95
4.045
4.315
4.445
4.465
4.735
4.765
5.15
5.4
5.565
5.655
6.005
6.13
6.45
6.825
6.975
7.225
7.395
7.665
7.8
8.065
8.195
8.415
8.5
8.9
9.08
9.34
9.47
9.77
9.9
10.17
10.3
10.59
10.725
11.0
11.135
11.385
11.82
12.39
12.58
12.67
12.82
13.08
13.525
13.665
13.955
14.095
14.37
14.515
14.78
15.165
15.36
15.575
15.795
16.045
16.195
16.435
16.885
17.015
17.3
17.445
17.71
17.865
18.145
18.255
18.56
18.95
19.125
19.4
19.535
19.88
19.98
20.24
20.38
20.645
20.815
21.075
21.225
21.54
21.67
21.905
21.93
22.085
22.325
22.505
22.76
22.78
22.91
22.955
23.16
23.2
23.6
23.735
24.015
24.425
24.57
24.84
24.97
25.25
25.27
25.42
25.68
25.79
25.835
26.065
26.225
26.49
27.07
27.28
27.605
27.725
28.095
28.14
28.27
28.54
28.72
29.12
29.36
29.785
