0.225
0.46
0.63
0.72
0.835
0.965
1.12
1.215
1.475
1.715
1.96
2.21
2.45
2.575
2.71
2.835
2.95
3.07
3.11
3.2
3.33
3.45
3.675
3.95
4.195
4.44
4.6
4.685
4.72
4.955
5.09
5.185
5.335
5.435
5.68
5.925
6.09
6.16
6.425
6.67
6.7
6.925
7.075
7.165
7.305
7.425
7.66
7.8
8.06
8.155
8.245
8.325
8.41
8.65
8.9
9.06
9.145
9.39
9.545
9.64
9.725
9.89
10.135
10.275
10.635
10.87
10.95
11.01
11.125
11.195
11.385
11.51
11.62
11.89
11.905
11.98
12.14
12.205
12.275
12.385
12.63
12.67
12.875
13.005
13.12
13.205
13.335
13.365
13.46
13.53
13.605
13.725
13.94
14.09
14.175
14.305
14.385
14.655
14.855
15.095
15.16
15.235
15.585
15.725
16.075
16.17
16.295
16.335
16.485
16.57
16.805
16.995
17.065
17.305
17.4
17.56
17.795
18.06
18.18
18.305
18.545
18.67
19.045
19.24
19.29
19.535
19.69
19.785
19.93
20.02
20.215
20.285
20.365
20.5
20.595
20.765
20.99
21.05
21.145
21.23
21.305
21.415
21.48
21.635
21.74
21.82
21.965
22.21
22.455
22.655
22.725
22.84
22.96
22.985
23.25
23.46
23.6
23.845
23.94
24.18
24.335
24.43
24.79
24.81
24.91
25.16
25.25
25.405
25.61
25.89
25.96
26.065
26.18
26.385
26.495
26.555
26.785
26.88
27.12
27.225
27.37
27.64
27.855
28.09
28.245
28.355
28.635
28.84
29.085
29.23
29.34
29.485
29.525
29.83
29.94
29.98
