0.9
1.16
1.375
1.46
1.635
1.76
1.945
2.405
2.625
2.655
2.935
2.99
3.245
3.415
3.66
4.095
4.45
4.655
4.725
4.945
5.215
5.465
5.7
6.485
6.705
6.995
7.265
7.52
7.72
7.755
8.02
8.245
8.51
9.25
9.985
10.235
10.72
11.185
11.48
11.68
11.955
12.22
12.45
12.705
13.235
13.465
13.745
13.945
14.185
14.21
14.465
14.55
14.67
14.935
15.17
15.36
15.425
15.76
15.97
16.21
16.295
16.46
16.685
16.71
16.935
17.21
17.45
17.7
17.73
17.97
18.205
18.435
18.53
18.72
18.95
19.085
19.23
19.435
19.705
20.08
20.235
20.505
20.725
20.965
21.2
21.46
21.48
21.725
21.975
22.19
22.22
22.345
22.525
22.715
22.975
23.22
23.26
23.44
23.605
23.79
24.08
24.245
24.265
24.48
24.635
24.74
25.025
25.33
25.54
25.77
26.05
26.24
26.27
26.425
26.52
26.75
27.19
27.31
27.785
27.82
28.04
28.285
28.54
28.705
28.815
29.325
29.54
