0.47
0.735
0.955
1.06
1.415
1.745
2.08
2.245
2.42
2.795
2.945
3.13
3.26
3.42
3.46
3.795
4.14
4.465
4.805
4.99
5.13
5.56
6.035
6.165
6.365
6.49
6.84
7.175
7.365
7.52
7.665
7.85
8.21
8.385
8.55
8.835
8.89
9.22
9.575
9.91
9.93
10.12
10.25
10.425
10.575
10.93
11.095
11.26
11.415
11.605
11.935
12.285
12.625
12.985
13.64
14.21
14.34
14.685
15.22
15.345
15.98
16.075
16.38
16.7
16.74
17.075
17.385
17.83
18.04
18.085
18.765
19.095
19.785
20.11
20.445
21.135
21.47
21.75
22.175
22.52
22.93
23.04
23.16
23.19
23.515
24.195
24.515
25.22
25.54
25.88
26.58
26.915
27.165
27.57
27.955
28.29
28.485
28.54
28.63
28.97
29.66
