0.09
0.315
0.56
0.815
1.045
1.435
1.535
1.785
2.025
2.06
2.49
3.0
3.49
3.745
3.98
4.02
4.035
4.47
4.965
5.33
5.44
5.695
5.935
6.175
6.3
6.425
6.54
6.66
6.775
6.915
7.305
7.405
7.655
7.895
8.38
8.87
9.135
9.365
9.615
9.65
9.86
10.355
10.675
10.845
11.1
11.33
11.575
11.82
12.085
12.305
12.565
12.69
12.795
13.185
13.285
13.53
13.58
13.775
13.835
14.26
14.51
14.6
14.75
15.135
15.245
15.275
15.49
15.67
15.735
16.03
16.22
16.485
16.525
16.57
16.71
16.97
17.075
17.195
17.445
17.69
17.945
18.175
18.435
18.455
18.665
18.73
18.925
19.155
19.405
19.655
19.9
20.14
20.385
20.625
20.745
20.865
21.105
21.355
21.605
21.835
22.08
22.335
22.375
22.575
23.075
23.235
23.315
23.56
23.805
24.055
24.3
24.545
25.03
25.28
25.525
25.78
26.01
26.5
26.75
26.99
27.235
27.475
27.72
27.97
28.215
28.455
28.515
28.705
28.945
29.195
29.43
29.69
29.92
