0.69
0.715
0.89
0.915
1.115
1.14
1.32
1.51
1.955
2.155
2.185
2.36
2.615
2.775
2.965
3.165
3.44
3.55
3.765
3.985
4.4
4.63
4.83
5.245
5.465
5.55
5.675
5.895
6.105
6.53
7.15
7.37
7.995
8.215
8.245
8.615
8.825
9.025
9.05
9.265
9.43
9.85
10.13
10.29
10.485
10.7
10.985
11.265
11.345
11.55
11.58
11.775
11.965
12.29
12.375
12.84
13.125
13.255
13.445
13.68
13.865
14.05
14.095
14.31
14.47
14.52
14.775
15.145
15.475
15.555
15.715
16.345
17.26
17.39
17.46
18.615
19.165
20.075
20.2
20.275
20.5
21.115
21.76
21.96
22.42
22.615
22.82
23.105
23.175
23.53
23.665
23.885
24.09
24.315
24.505
24.76
24.95
25.35
25.77
25.955
26.175
26.595
26.815
26.85
27.02
27.43
27.47
27.67
27.85
28.26
28.495
28.7
29.11
29.305
29.555
