0.16
0.315
0.475
0.61
0.83
0.91
1.02
1.09
1.185
1.49
1.73
1.78
1.98
2.09
2.2
2.285
2.41
2.56
2.595
3.005
3.315
3.59
3.73
3.78
3.915
4.205
4.5
4.63
4.795
4.965
5.395
5.7
5.99
6.255
6.505
6.585
6.895
7.09
7.15
7.345
7.49
7.79
8.11
8.22
8.385
8.72
8.825
9.0
9.33
9.51
9.62
9.91
10.2
10.51
10.8
11.015
11.115
11.415
11.725
11.905
12.03
12.335
12.63
12.94
13.22
13.245
13.455
13.54
13.805
14.07
14.135
14.245
14.415
14.65
14.725
15.005
15.255
15.315
15.425
15.475
15.585
15.845
16.195
16.53
16.69
16.84
17.05
17.255
17.445
17.905
17.97
18.21
18.55
18.645
18.99
19.245
19.435
19.535
19.685
19.79
19.85
20.04
20.14
20.405
20.44
20.735
20.9
21.02
21.345
21.645
21.93
22.24
22.51
22.545
22.66
22.82
23.09
23.125
23.42
23.465
23.66
23.735
24.03
24.275
24.45
24.605
24.885
25.07
25.225
25.52
25.685
25.82
26.11
26.43
26.62
26.71
27.005
27.325
27.41
27.48
27.625
27.845
28.225
28.535
28.665
28.85
28.955
29.09
29.16
29.445
29.755
