0.155
0.305
0.565
0.74
0.865
1.01
1.14
1.445
2.015
2.305
2.43
2.59
2.815
3.15
3.43
3.715
3.965
4.0
4.09
4.28
4.305
4.56
4.675
4.855
5.125
5.285
5.415
5.685
5.965
6.14
6.255
6.535
6.8
7.105
7.215
7.385
7.665
7.705
7.945
8.1
8.23
8.52
8.64
8.68
8.805
9.235
9.365
9.635
9.79
9.92
10.195
10.5
10.77
10.9
11.06
11.49
11.615
11.725
11.875
12.05
12.185
12.45
12.735
12.945
13.24
13.345
13.58
13.635
13.865
14.0
14.165
14.295
14.42
14.49
14.695
14.995
15.215
15.56
15.835
16.12
16.335
16.405
16.5
16.63
16.685
16.975
17.12
17.25
17.52
17.54
17.825
18.095
18.22
18.38
18.675
18.96
19.235
19.515
19.8
20.07
20.105
20.69
20.985
21.135
21.275
21.555
21.84
21.98
22.12
22.4
22.715
22.98
23.01
23.27
23.425
23.555
23.83
24.135
24.415
24.7
24.99
25.27
25.515
25.72
25.85
26.135
26.285
26.41
26.58
26.98
27.135
27.28
27.535
27.71
27.975
28.1
28.365
28.675
28.955
29.24
29.525
29.81
