0.075
0.14
0.35
0.515
0.7
0.87
1.09
1.24
1.45
1.61
1.82
1.98
2.185
2.345
2.57
2.715
2.925
3.08
3.315
3.47
3.665
3.84
4.075
4.22
4.425
4.585
4.795
4.96
5.17
5.335
5.565
5.71
5.9
6.075
6.32
6.44
6.645
6.805
7.05
7.17
7.385
7.545
7.92
8.105
8.28
8.505
8.645
8.845
9.01
9.22
9.395
9.425
9.59
9.77
10.01
10.15
10.33
10.365
10.51
10.725
10.875
11.075
11.11
11.245
11.48
11.625
11.82
11.99
12.235
12.365
12.575
12.725
12.925
13.11
13.315
13.465
13.68
13.845
14.045
14.21
14.415
14.445
14.59
14.795
14.965
15.18
15.345
15.535
15.705
15.93
16.095
16.29
16.45
16.655
16.835
16.88
17.03
17.195
17.41
17.425
17.45
17.565
17.78
17.94
18.175
18.32
18.52
18.69
19.065
19.25
19.425
19.64
19.805
20.005
20.17
20.39
20.555
20.755
20.93
21.14
21.31
21.685
21.935
22.065
22.27
22.435
22.635
22.81
23.0
23.04
23.165
23.39
23.56
23.735
23.92
24.16
24.185
24.295
24.49
24.65
24.9
25.035
25.225
25.4
25.625
25.775
25.98
26.01
26.145
26.35
26.39
26.52
26.7
26.74
26.905
27.105
27.265
27.475
27.635
27.865
28.02
28.27
28.385
28.58
28.685
28.765
29.13
29.31
29.51
29.705
29.875
