0.255
0.285
0.51
0.61
0.635
0.975
1.12
1.215
1.275
1.44
1.685
1.805
1.835
1.915
2.045
2.145
2.185
2.29
2.39
2.525
2.635
2.885
3.0
3.11
3.135
3.25
3.345
3.495
3.595
3.72
3.75
3.95
4.06
4.085
4.25
4.32
4.43
4.785
4.925
5.03
5.16
5.26
5.515
5.635
5.75
5.87
5.98
6.01
6.225
6.34
6.465
6.71
6.945
6.975
7.07
7.175
7.21
7.42
7.555
7.66
7.795
7.9
7.925
8.04
8.14
8.28
8.375
8.4
8.605
8.675
8.88
9.045
9.135
9.265
9.355
9.5
9.61
9.825
9.86
10.075
10.115
10.215
10.285
10.605
10.8
11.025
11.06
11.185
11.43
11.78
12.005
12.24
12.49
12.545
12.73
12.98
13.115
13.215
13.35
13.45
13.62
13.695
13.93
13.95
14.07
14.175
14.415
14.675
14.78
14.925
15.025
15.145
15.28
15.38
15.52
15.61
15.84
15.99
16.09
16.35
16.49
16.585
16.82
16.915
17.06
17.185
17.29
17.435
17.525
17.545
17.77
17.795
17.905
17.98
18.015
18.26
18.295
18.485
18.735
18.865
19.09
19.205
19.455
19.625
19.685
19.805
19.895
19.93
20.155
20.405
20.65
20.785
20.895
21.03
21.115
21.37
21.605
21.72
21.775
21.85
21.975
22.05
22.085
22.25
22.33
22.565
22.695
22.87
23.065
23.285
23.51
23.63
23.75
23.97
24.02
24.215
24.26
24.355
24.46
24.49
24.715
24.845
24.935
25.09
25.175
25.34
25.435
25.57
25.695
25.925
26.055
26.16
26.305
26.405
26.545
26.65
26.775
26.86
27.01
27.13
27.3
27.36
27.48
27.615
27.86
27.975
28.075
28.095
28.21
28.32
28.56
28.685
28.8
28.92
29.03
29.25
29.31
29.4
29.5
29.745
29.795
29.88
29.985
