0.085
0.11
0.3
0.47
0.66
0.675
0.83
1.085
1.215
1.575
1.795
1.96
2.16
2.325
2.555
2.71
2.89
3.07
3.445
3.675
3.825
4.015
4.205
4.425
4.575
4.75
4.815
4.94
5.11
5.125
5.31
5.505
5.7
6.065
6.27
6.45
6.67
6.825
7.07
7.21
7.4
7.575
7.78
7.925
7.97
8.18
8.345
8.52
8.705
9.09
9.48
9.655
9.845
10.055
10.6
10.97
11.175
11.345
11.54
11.72
11.9
12.08
12.285
12.46
12.635
12.82
13.035
13.195
13.415
13.57
13.76
13.82
13.945
14.16
14.315
14.7
14.885
15.06
15.26
15.44
15.6
15.805
16.0
16.02
16.175
16.53
16.77
16.915
17.12
17.285
17.475
17.66
17.875
18.02
18.225
18.405
18.595
18.77
18.945
19.135
19.335
19.495
19.7
19.875
20.075
20.24
20.435
20.535
20.63
21.0
21.185
21.375
21.56
21.74
21.945
22.125
22.305
22.405
22.48
22.66
22.865
23.04
23.23
23.315
23.39
23.415
23.595
23.865
24.135
24.305
24.575
24.715
24.885
25.02
25.2
25.38
25.575
25.78
25.96
26.145
26.335
26.54
26.705
26.9
27.115
27.285
27.465
27.675
27.84
28.015
28.22
28.4
28.605
28.785
28.98
29.16
29.365
29.545
29.745
29.915
