0.52
0.705
0.745
1.205
1.56
1.895
2.065
2.225
2.56
2.76
2.84
2.915
3.13
3.24
3.43
3.575
3.905
4.15
4.27
4.45
4.595
4.75
4.765
4.93
5.09
5.25
5.455
5.615
5.785
5.925
6.11
6.28
6.605
6.815
6.99
7.3
7.485
7.635
7.865
7.98
8.165
8.34
8.52
8.605
8.68
8.84
9.015
9.31
9.375
9.6
9.685
9.91
10.02
10.195
10.35
10.705
10.865
11.04
11.41
11.525
11.705
12.065
12.395
12.445
12.55
12.655
12.915
12.945
13.08
13.25
13.425
13.595
13.755
14.115
14.265
14.285
14.4
14.68
14.82
14.985
15.04
15.135
15.205
15.52
15.685
15.875
16.05
16.13
16.22
16.39
16.555
16.74
16.895
17.055
17.225
17.415
17.58
17.695
17.76
17.92
18.265
18.425
18.6
18.785
18.945
19.11
19.155
19.265
19.28
19.62
19.78
19.955
20.285
20.44
20.615
20.975
21.145
21.34
21.44
21.535
21.875
21.99
22.025
22.34
22.5
22.515
22.68
22.825
23.01
23.115
23.195
23.325
23.37
23.65
23.875
23.9
24.0
24.215
24.3
24.555
24.685
24.725
24.955
25.125
25.23
25.415
25.54
25.61
25.925
25.95
26.1
26.49
26.615
26.785
26.985
27.07
27.135
27.28
27.3
27.445
27.805
27.955
28.115
28.135
28.335
28.375
28.645
28.81
29.17
29.34
29.505
29.585
29.795
29.82
29.99
