0.655
0.915
1.04
1.16
1.43
1.55
1.67
1.805
1.925
2.05
2.17
2.43
2.675
2.935
3.065
3.185
3.445
3.57
3.695
3.83
3.95
4.075
4.195
4.455
4.585
4.7
4.96
5.09
5.205
5.47
5.59
5.715
5.97
6.095
6.215
6.475
6.725
6.98
7.105
7.23
7.49
7.615
7.74
7.995
8.12
8.24
8.505
8.625
8.745
9.005
9.135
9.25
9.51
9.64
9.76
10.015
10.14
10.265
10.525
10.77
11.03
11.155
11.275
11.665
11.785
11.9
12.03
12.285
12.55
12.67
12.8
12.935
13.18
13.29
13.555
13.685
13.8
13.925
14.05
14.305
14.57
14.695
14.82
14.955
15.2
15.315
15.58
15.705
15.825
15.945
16.075
16.33
16.59
16.72
16.84
16.98
17.225
17.335
17.6
17.73
17.85
17.97
18.095
18.355
18.615
18.745
18.865
19.005
19.145
19.365
19.63
19.755
19.87
19.99
20.12
20.375
20.635
20.765
20.89
21.025
21.145
21.275
21.38
21.645
21.775
21.89
22.015
22.14
22.4
22.655
22.785
22.915
23.05
23.295
23.405
23.67
23.795
23.915
24.165
24.42
24.685
24.81
25.07
25.195
25.32
25.425
25.69
25.82
25.94
26.06
26.185
26.445
26.705
26.835
26.96
27.09
27.215
27.46
27.72
27.845
27.955
28.215
28.465
28.72
29.1
29.355
