0.595
0.79
1.035
1.25
1.455
1.545
1.83
1.95
2.15
2.56
2.64
2.855
3.195
3.235
3.345
3.655
3.745
3.775
3.79
4.585
4.895
5.42
5.79
6.29
6.43
6.66
7.005
7.34
7.37
7.81
7.93
8.525
8.865
9.045
9.23
9.39
9.55
9.865
10.09
10.48
10.665
11.035
11.725
12.1
12.27
12.75
13.28
13.655
13.815
13.99
14.325
14.73
14.79
15.11
15.26
15.285
15.605
15.64
15.93
16.27
16.445
16.6
16.615
16.95
17.22
17.29
17.365
17.48
18.015
18.07
18.245
18.47
18.87
19.065
19.38
19.57
19.72
20.02
20.1
20.615
21.145
21.52
21.635
22.06
22.19
22.565
22.75
22.775
23.24
23.39
23.63
23.715
23.755
24.01
24.16
24.27
24.38
24.59
24.65
24.775
25.07
25.17
25.37
25.46
25.815
26.17
26.325
26.575
26.67
26.7
26.835
26.92
27.22
27.36
27.875
27.89
27.97
28.415
28.645
28.81
29.44
