0.245
0.645
0.89
0.91
1.085
1.305
1.51
1.715
1.84
1.93
2.115
2.305
2.555
2.77
2.81
3.195
3.235
3.445
3.63
3.86
4.035
4.295
4.47
4.69
4.88
5.105
5.13
5.31
5.54
5.725
5.98
6.15
6.54
6.605
6.775
6.995
7.22
7.41
7.435
7.67
7.82
7.865
8.04
8.11
8.25
8.515
8.685
8.925
9.095
9.35
9.535
9.77
9.94
10.17
10.39
10.61
10.75
11.05
11.4
11.425
11.585
11.61
12.265
12.41
12.445
12.685
12.845
13.075
13.1
13.275
13.54
13.7
13.745
13.995
14.14
14.445
14.57
14.805
14.995
15.245
15.425
15.655
15.84
16.075
16.105
16.265
16.505
16.67
16.93
17.1
17.375
17.45
17.515
17.775
17.965
18.01
18.19
18.36
18.415
18.575
18.765
18.82
19.155
19.235
19.63
19.72
19.895
20.06
20.305
20.49
20.68
20.745
20.885
21.13
21.145
21.17
21.53
21.555
21.73
21.945
22.145
22.55
22.82
23.0
23.27
23.4
23.64
23.835
24.06
24.13
24.255
24.515
24.68
24.705
24.93
25.125
25.33
25.515
25.54
25.925
25.95
26.195
26.405
26.64
26.77
27.02
27.04
27.21
27.465
27.635
27.86
27.91
28.065
28.285
28.32
28.47
28.7
28.8
28.905
29.095
29.31
