0.205
0.38
0.57
0.75
0.96
1.3
1.555
1.69
1.88
2.07
2.42
2.465
2.65
2.775
3.205
3.395
3.58
3.77
3.955
4.175
4.325
4.36
4.665
4.72
4.9
5.08
5.465
5.76
5.835
5.995
6.2
6.4
6.59
6.77
6.97
7.13
7.315
7.345
7.69
7.715
7.9
8.05
8.09
8.275
8.345
8.425
8.645
8.805
8.84
9.075
9.18
9.405
9.56
9.915
9.97
10.19
10.29
10.34
10.635
10.72
10.92
11.085
11.47
11.785
11.845
12.155
12.22
12.415
12.6
12.63
12.98
13.18
13.36
13.385
13.635
13.755
13.88
13.94
14.52
14.75
14.885
15.215
15.525
15.725
16.075
16.14
16.29
16.44
16.845
17.03
17.205
17.585
17.735
17.795
17.97
18.36
18.545
18.73
18.935
19.12
19.915
20.03
20.14
20.23
20.56
20.65
20.98
21.205
21.34
21.405
21.71
21.995
22.1
22.4
22.465
22.855
22.925
23.24
23.615
23.785
23.97
24.16
24.36
24.53
24.74
24.92
25.105
25.46
25.835
26.22
26.585
26.94
26.965
27.275
27.33
27.495
27.525
27.71
27.82
27.905
28.095
28.275
28.845
29.015
29.05
29.23
29.595
