0.255
0.45
0.495
0.58
0.785
0.995
1.17
1.33
1.505
1.68
1.84
2.03
2.21
2.38
2.575
2.745
2.9
2.93
3.275
3.48
3.67
3.865
4.005
4.56
4.725
4.915
5.11
5.46
5.655
5.98
6.2
6.735
7.085
7.27
7.65
7.825
8.035
8.215
8.375
8.605
8.675
8.9
9.255
9.32
9.445
9.63
9.81
9.97
10.31
10.52
10.865
11.045
11.4
11.575
11.595
11.945
12.13
12.48
12.69
13.085
13.245
13.59
13.785
14.135
14.21
14.325
14.5
14.675
14.7
14.815
14.89
15.255
15.42
15.78
15.97
16.37
16.82
16.87
17.08
17.345
17.645
17.985
18.19
18.355
18.535
18.725
18.95
19.055
19.225
19.405
19.575
19.74
19.91
20.085
20.26
20.825
21.025
21.195
21.37
21.4
21.85
21.92
22.255
22.47
23.025
23.18
23.355
23.565
24.105
24.455
24.645
25.025
25.21
25.565
25.755
25.97
26.295
26.65
26.69
26.84
26.875
27.105
27.235
27.395
27.75
27.93
28.29
28.455
28.815
29.0
29.345
29.38
29.545
