0.1
0.42
0.585
0.71
0.78
1.01
1.215
1.33
1.445
1.57
1.87
1.965
2.285
2.32
2.505
2.585
2.785
2.915
3.075
3.205
3.235
3.385
3.505
3.63
3.77
3.835
4.02
4.19
4.36
4.475
4.7
5.13
5.16
5.36
5.52
5.675
5.76
6.05
6.25
6.645
6.915
6.96
7.185
7.235
7.505
7.575
7.78
8.065
8.13
8.195
8.29
8.495
8.68
8.81
9.015
9.04
9.07
9.27
9.43
9.505
9.715
9.765
9.9
10.02
10.085
10.27
10.3
10.4
10.6
10.755
11.06
11.625
11.815
11.925
12.26
12.405
12.56
12.87
13.04
13.175
13.48
13.8
14.11
14.24
14.34
14.405
14.46
14.625
14.675
14.745
14.915
15.03
15.065
15.385
15.645
15.81
15.935
16.01
16.095
16.31
16.475
16.54
16.625
16.92
17.155
17.33
17.555
17.875
18.05
18.17
18.475
18.54
18.795
19.04
19.105
19.42
19.78
20.045
20.37
20.535
20.6
20.665
20.965
21.285
21.515
21.595
21.835
21.92
22.11
22.23
22.545
22.87
23.03
23.165
23.465
23.705
23.785
24.03
24.095
24.32
24.41
24.795
25.03
25.355
25.52
25.65
25.95
26.12
26.275
26.52
26.59
26.85
26.91
27.105
27.305
27.53
27.845
28.01
28.145
28.45
28.5
28.77
29.02
29.085
29.41
