0.485
1.425
1.765
2.07
2.39
2.72
3.035
3.06
3.335
3.665
3.9
3.99
4.295
4.62
4.94
5.245
5.575
5.88
6.21
6.85
7.155
7.475
7.805
8.12
8.45
8.76
9.065
9.4
9.715
10.03
10.355
10.66
10.975
11.31
11.63
11.92
11.945
12.265
12.575
12.885
13.215
13.53
13.85
14.17
14.485
14.795
15.125
15.44
15.77
16.09
16.395
16.705
17.035
17.145
17.4
17.665
17.97
18.305
18.62
18.94
19.265
19.585
19.91
19.945
20.225
20.525
20.875
21.19
21.495
21.815
22.14
22.44
22.765
23.07
23.41
24.05
24.35
24.68
25.0
25.04
25.265
25.32
25.64
25.76
25.93
26.26
26.44
26.57
26.94
27.22
28.17
28.505
28.815
29.13
