0.36
0.54
0.695
1.025
1.065
1.12
1.255
1.42
1.65
1.75
1.945
2.01
2.105
2.335
2.47
2.65
2.82
3.165
3.34
3.505
3.865
4.205
4.4
4.55
4.725
4.915
5.285
5.485
5.615
6.005
6.15
6.32
6.64
6.87
7.02
7.22
7.375
7.41
7.55
7.71
7.88
8.065
8.15
8.39
8.425
8.71
8.775
8.985
9.115
9.205
9.34
9.47
9.695
9.805
10.09
10.165
10.395
10.53
11.23
11.425
11.57
11.76
11.94
12.295
12.485
12.66
12.855
12.985
13.035
13.225
13.37
13.395
13.55
13.6
13.725
14.075
14.26
14.44
14.47
14.63
14.8
14.99
15.15
15.33
15.49
15.7
15.85
16.035
16.2
16.91
17.255
17.47
17.615
17.95
18.175
18.315
18.495
18.67
18.755
19.01
19.03
19.05
19.165
19.365
19.725
20.005
20.1
20.21
20.275
20.42
20.775
21.13
21.325
21.49
21.665
21.84
21.87
22.23
22.56
22.92
23.1
23.275
23.495
23.62
23.97
24.02
24.195
24.335
24.37
24.55
24.67
24.765
24.865
24.94
25.07
25.375
25.465
25.72
25.89
26.075
26.275
26.42
26.79
26.95
27.005
27.33
27.49
27.64
27.87
28.205
28.43
28.555
28.74
28.91
28.95
29.12
29.18
29.27
29.615
29.805
29.965
