0.04
0.41
0.665
0.915
1.18
1.42
1.675
1.74
2.445
2.765
2.975
3.5
3.77
4.01
4.23
4.27
4.505
4.75
5.01
5.265
5.515
5.75
6.525
6.75
6.875
7.03
7.055
7.575
8.085
8.315
8.33
8.575
8.81
9.09
9.345
9.595
9.845
10.12
10.38
10.61
10.83
10.945
11.14
11.655
11.92
12.165
12.415
12.655
12.915
13.18
13.395
13.665
13.915
14.145
14.395
14.425
14.66
14.925
15.175
15.4
15.66
15.915
16.155
16.41
16.635
16.885
17.105
17.135
17.38
17.61
17.865
18.105
18.34
18.585
18.62
18.835
19.09
19.29
19.325
19.565
19.825
20.065
20.305
20.335
20.56
20.81
21.04
21.07
21.285
21.305
21.535
21.785
22.01
22.04
22.265
22.535
22.79
23.05
23.275
23.51
23.545
23.775
24.005
24.255
24.515
24.53
24.78
25.035
25.275
25.495
25.53
25.765
26.005
26.255
26.495
26.74
27.0
27.205
27.49
27.75
27.97
28.47
28.485
28.985
29.47
29.735
