0.07
0.14
0.31
0.495
0.665
1.005
1.345
1.675
1.69
1.895
2.17
2.345
2.54
2.705
2.885
3.04
3.165
3.355
3.555
3.735
3.88
4.23
4.25
4.41
4.75
4.77
4.93
5.065
5.24
5.575
5.745
6.07
6.225
6.4
6.575
6.72
6.9
7.07
7.405
7.72
7.745
7.915
8.1
8.24
8.435
8.59
8.78
8.955
9.125
9.305
9.59
9.745
9.805
9.935
10.05
10.125
10.49
10.625
10.985
11.155
11.49
11.65
11.81
11.995
12.29
12.62
13.165
13.34
13.485
13.66
13.855
14.035
14.345
14.525
14.69
15.025
15.19
15.525
15.7
15.87
16.025
16.04
16.19
16.355
16.395
16.545
16.745
16.855
17.085
17.215
17.36
17.7
17.865
18.005
18.2
18.375
18.53
18.72
18.875
18.94
19.225
19.4
19.425
19.56
19.905
20.23
20.39
20.44
20.565
20.585
20.9
21.065
21.235
21.27
21.575
21.64
21.655
21.9
22.145
22.405
22.575
22.64
22.76
22.915
23.25
23.435
23.6
23.94
23.975
24.3
24.615
25.12
25.305
25.835
25.985
26.16
26.47
26.635
26.65
26.82
26.84
26.985
27.165
27.32
27.475
27.685
28.02
28.19
28.52
28.69
29.155
29.355
29.535
29.705
