0.71
0.915
1.035
1.37
1.535
1.555
1.75
1.875
2.05
2.35
2.555
2.725
2.875
3.115
3.22
3.39
3.69
4.03
4.395
4.5
4.595
4.7
4.905
5.025
5.2
5.53
5.855
5.99
6.015
6.215
6.41
6.905
7.08
7.235
7.66
7.865
8.035
8.455
8.55
9.025
9.365
9.515
10.035
10.275
10.865
11.06
11.32
11.435
11.535
12.02
12.21
12.495
12.695
13.03
13.175
13.355
13.515
13.675
13.71
13.85
14.025
14.2
14.38
14.51
14.69
14.855
15.05
15.365
15.675
15.86
16.015
16.19
16.52
16.695
16.725
17.03
17.37
17.535
17.715
17.86
17.89
18.045
18.225
18.395
18.52
18.695
18.865
19.04
19.2
19.37
19.555
19.725
19.865
20.025
20.2
20.355
20.37
20.515
20.7
20.865
21.04
21.18
21.365
21.52
21.7
21.995
22.245
22.35
22.52
22.665
22.865
23.005
23.21
23.315
23.38
23.65
23.85
24.04
24.2
24.53
24.71
24.86
25.045
25.21
25.365
25.725
26.055
26.395
26.545
26.625
26.925
27.245
27.4
27.745
27.895
28.015
28.39
28.57
28.715
29.09
29.24
29.41
