1.07
1.17
1.385
1.475
1.635
1.705
1.885
2.165
2.29
2.545
2.69
3.11
3.475
3.845
4.22
4.605
4.965
5.345
5.615
5.725
5.95
6.12
6.35
6.49
6.7
6.89
7.06
7.24
7.605
7.77
7.92
8.285
8.365
8.655
8.74
9.05
9.405
9.785
10.15
10.505
10.88
11.135
11.255
11.62
11.64
11.825
11.995
12.19
12.36
12.55
12.74
12.92
13.08
13.265
13.455
13.645
13.795
14.18
14.545
14.94
14.985
15.315
15.695
16.07
16.095
16.435
16.795
17.18
17.55
17.75
17.94
17.96
18.145
18.3
18.505
18.68
18.835
19.03
19.18
19.39
19.6
19.695
20.135
20.435
20.55
20.83
21.19
21.565
21.945
22.31
22.665
23.055
23.425
23.64
23.825
24.045
24.175
24.395
24.56
24.76
24.925
25.11
25.28
25.45
25.48
25.625
26.01
26.24
26.385
26.415
26.795
26.97
27.145
27.515
27.87
27.935
28.245
28.61
29.0
29.04
29.425
