0.22
0.325
0.805
1.14
1.38
1.455
1.6
1.785
1.945
2.08
2.26
2.69
3.035
3.325
3.655
3.965
4.265
4.48
4.675
5.13
5.29
5.545
5.595
5.68
6.13
6.455
6.77
6.865
7.06
7.14
7.285
8.01
8.275
8.345
8.425
8.57
8.65
8.74
8.805
8.88
8.955
9.16
9.18
9.29
9.445
9.495
9.87
9.915
10.055
10.295
10.365
10.445
10.515
10.675
10.785
11.665
12.015
12.285
12.575
12.935
13.535
13.915
14.315
14.67
14.76
14.93
15.235
15.435
15.535
15.775
16.06
16.305
16.595
16.715
16.89
17.41
17.66
17.81
17.89
17.965
18.24
18.47
18.58
19.15
19.205
19.29
19.62
19.855
20.18
20.34
20.645
20.8
21.495
21.94
22.11
22.31
22.595
22.85
23.11
23.41
23.565
23.73
24.325
24.625
24.955
25.25
25.575
25.87
26.17
26.485
26.795
27.095
27.405
27.715
28.01
28.345
28.935
29.14
29.25
29.89
