0.175
0.325
0.395
0.58
0.775
0.97
1.18
1.37
1.56
1.745
1.965
2.055
2.155
2.25
2.345
2.435
2.53
2.625
2.71
2.92
3.1
3.3
3.515
3.64
3.69
3.9
4.085
4.295
4.385
4.475
4.565
4.655
4.855
5.05
5.23
5.32
5.405
5.61
5.82
6.01
6.175
6.33
6.41
6.585
6.685
6.965
7.055
7.19
7.42
7.595
7.795
7.87
7.995
8.185
8.375
8.57
8.74
8.945
8.965
9.145
9.36
9.42
9.525
9.72
9.93
10.125
10.305
10.505
11.09
11.375
11.465
11.655
11.745
11.835
12.025
12.22
12.455
12.605
12.91
13.0
13.19
13.36
13.56
13.785
13.925
14.13
14.415
14.515
14.61
14.7
14.815
14.895
15.09
15.265
15.655
15.855
16.045
16.24
16.43
16.64
16.82
17.005
17.195
17.39
17.475
17.57
17.855
18.05
18.2
18.335
18.535
18.73
18.91
19.125
19.31
19.38
19.665
19.855
20.065
20.25
20.48
20.66
21.03
21.25
21.41
21.43
21.825
22.005
22.3
22.6
22.655
22.83
22.98
22.995
23.255
23.385
23.68
23.76
23.865
23.96
24.17
24.39
24.485
24.565
24.65
24.955
25.12
25.275
25.62
25.745
26.015
26.215
26.325
26.53
26.74
26.835
27.005
27.3
27.515
27.61
27.79
27.89
28.075
28.29
28.38
28.46
28.565
28.84
29.045
29.135
29.24
29.32
29.61
