0.115
0.135
0.265
0.43
0.605
0.76
0.905
1.09
1.22
1.395
1.555
1.875
2.0
2.05
2.18
2.35
2.475
2.505
2.665
2.82
3.14
3.31
3.455
3.635
3.77
3.94
4.085
4.405
4.495
4.57
4.72
4.885
5.055
5.21
5.36
5.535
5.685
5.71
5.855
6.005
6.185
6.325
6.495
6.65
6.975
7.145
7.285
7.66
7.935
8.245
8.415
8.555
8.87
8.935
9.185
9.505
9.585
9.8
9.835
10.155
10.47
10.725
10.81
10.995
11.15
11.305
11.425
11.64
11.76
12.08
12.255
12.375
12.39
12.54
12.705
12.885
12.945
13.025
13.235
13.345
13.42
13.52
13.65
13.85
13.95
14.0
14.305
14.51
14.635
14.665
14.96
15.095
15.145
15.285
15.58
15.89
16.235
16.55
17.16
17.49
17.81
17.99
18.125
18.33
18.45
18.62
18.755
18.95
19.1
19.41
19.615
19.735
19.905
20.07
20.195
20.385
20.54
20.655
21.0
21.295
21.65
22.0
22.285
22.46
22.53
22.6
22.76
22.92
23.075
23.225
23.245
23.545
23.715
23.855
24.04
24.18
24.345
24.49
24.815
25.0
25.125
25.295
25.445
25.535
25.595
25.75
26.055
26.215
26.72
26.9
27.06
27.285
27.37
27.56
27.69
27.85
28.015
28.07
28.17
28.32
28.645
28.815
28.955
29.14
29.28
29.44
29.59
29.915
