0.505
0.675
0.955
1.15
1.455
1.625
1.92
2.135
2.43
2.61
2.94
3.125
3.41
3.58
3.905
4.11
4.4
4.575
4.875
5.06
5.365
5.54
5.855
6.055
6.35
6.535
7.035
7.365
7.54
7.85
8.03
8.325
8.81
9.0
9.295
9.47
9.76
10.0
10.28
10.475
10.97
11.26
11.445
11.505
11.96
12.3
12.45
12.73
12.92
13.22
13.4
13.72
13.925
14.19
14.36
14.42
14.9
15.205
15.4
15.425
15.865
16.37
16.62
16.82
17.26
17.325
17.565
17.735
18.015
18.215
18.49
18.695
19.195
19.48
19.66
19.985
20.155
20.435
20.63
20.965
21.13
21.165
21.37
21.445
21.65
21.94
22.1
22.615
23.58
23.9
24.07
24.38
24.57
25.035
25.35
25.545
26.04
26.525
27.015
27.545
27.845
28.325
28.52
29.005
29.32
29.985
