0.155
0.72
1.04
1.33
1.645
1.79
1.925
2.01
2.115
2.53
2.72
2.845
2.865
3.145
3.43
3.72
3.875
3.905
4.32
4.535
4.92
5.22
5.375
5.42
5.53
5.985
6.105
6.27
6.395
6.625
6.7
7.025
7.28
7.625
7.76
7.89
8.2
8.505
8.79
8.985
9.07
9.095
9.44
9.72
9.98
10.25
10.35
10.65
10.965
11.305
11.585
11.75
11.91
12.085
12.22
12.37
12.515
12.82
13.165
13.435
13.63
13.76
14.06
14.37
14.69
14.855
14.96
15.285
15.89
16.215
16.37
16.52
16.68
16.825
17.135
17.43
17.735
18.2
18.335
18.63
18.805
18.945
19.255
19.575
19.725
19.865
20.025
20.18
20.505
20.755
20.77
21.07
21.385
21.71
21.985
22.02
22.43
22.6
22.76
23.19
23.355
23.44
23.46
23.515
23.65
23.8
23.865
24.095
24.405
24.725
24.88
25.015
25.05
25.345
25.645
25.795
26.265
26.54
26.72
26.95
27.165
27.505
27.79
28.07
28.405
28.685
29.275
29.585
29.765
29.885
29.91
