0.15
0.275
0.295
0.47
0.57
0.98
1.375
1.64
1.86
1.955
2.335
3.04
3.13
3.735
3.895
3.97
4.32
4.515
4.665
4.835
4.95
4.99
5.18
5.325
5.66
6.335
6.495
6.61
6.915
7.09
7.23
7.475
7.56
7.615
7.785
8.42
8.705
8.815
9.175
9.355
9.655
9.77
10.02
10.185
10.255
10.455
11.765
11.8
11.97
12.15
12.285
12.43
12.56
13.705
13.94
14.14
14.18
14.44
16.515
16.645
16.81
16.895
17.025
17.18
17.23
17.43
17.515
17.705
17.805
18.045
18.11
18.28
18.31
18.41
18.595
18.715
18.855
18.985
19.01
19.135
19.545
19.65
20.095
20.52
20.805
20.92
21.03
21.135
21.21
21.44
21.69
21.805
21.88
21.975
22.11
22.34
22.52
23.105
23.36
23.61
23.73
23.76
23.975
24.035
24.34
24.475
24.495
24.555
24.715
25.56
26.005
26.27
26.66
26.99
27.175
27.31
27.33
27.475
27.695
28.505
28.58
28.79
29.075
29.095
29.13
29.75
29.97
