0.575
1.195
1.515
1.76
1.805
2.06
2.245
2.405
2.9
3.02
3.21
3.615
4.245
4.545
4.895
5.235
5.435
5.46
5.475
5.845
6.405
6.71
7.015
7.315
7.815
7.935
8.25
8.55
9.15
9.455
9.79
10.1
10.38
10.985
11.615
12.23
12.84
13.06
13.145
13.27
13.685
13.855
13.94
14.06
14.155
14.675
15.275
15.895
16.2
16.505
16.81
17.01
17.375
17.92
18.3
18.94
19.23
19.545
19.57
19.9
20.165
20.53
20.775
20.815
21.075
21.39
21.715
22.01
22.305
22.61
22.91
23.21
23.3
23.555
23.845
24.095
24.445
25.075
25.69
25.8
25.995
26.16
26.235
26.29
27.025
27.325
27.515
28.105
29.02
29.605
29.86
29.895
