0.205
0.425
0.91
1.145
1.375
1.4
1.83
2.075
2.29
2.565
2.765
3.005
3.23
3.48
3.695
4.17
4.625
4.86
5.095
5.34
5.555
5.775
6.025
6.255
6.48
6.725
6.945
7.19
7.405
7.89
8.34
8.58
8.815
9.055
9.27
9.5
9.735
9.96
10.19
10.43
10.67
10.91
11.13
11.365
11.595
12.06
12.295
12.52
12.775
12.995
13.225
13.46
13.49
13.945
14.15
14.405
14.615
14.85
15.155
15.3
15.785
16.0
16.25
16.5
16.71
16.94
16.97
17.175
17.225
17.535
17.645
17.88
18.11
18.355
18.565
19.045
19.275
19.355
19.5
19.73
19.97
20.43
20.65
20.905
21.355
21.585
21.83
22.065
22.295
22.54
22.755
23.035
23.225
23.455
23.69
23.945
24.16
24.42
24.63
24.67
24.945
25.09
25.325
25.555
25.795
26.015
26.485
26.635
26.765
26.95
27.17
27.41
27.67
27.865
28.125
28.34
28.39
28.45
28.63
28.805
28.955
29.035
29.19
29.345
29.56
29.82
