0.305
0.545
0.76
0.93
1.215
1.455
1.66
1.765
1.9
2.125
2.355
2.575
2.82
3.035
3.27
3.495
3.705
3.735
3.955
4.15
4.19
4.405
4.65
4.86
5.09
5.315
5.55
5.77
6.005
6.22
6.39
6.69
6.93
7.15
7.4
7.535
7.605
7.855
8.085
8.295
8.525
8.805
8.97
9.19
9.43
9.67
9.81
9.875
10.115
10.22
10.335
10.54
10.7
10.785
11.015
11.06
11.075
11.18
11.235
11.47
11.525
11.69
11.885
11.92
12.135
12.155
12.365
12.58
12.82
13.035
13.275
13.49
13.67
13.955
14.195
14.41
14.61
14.65
14.87
15.105
15.32
15.545
15.78
16.02
16.22
16.46
16.695
16.935
17.14
17.34
17.595
17.83
18.045
18.24
18.495
18.72
18.745
18.77
18.835
18.94
19.16
19.195
19.41
19.645
19.85
20.09
20.32
20.545
20.76
20.935
21.22
21.455
21.685
21.9
22.125
22.36
22.465
22.575
22.82
22.95
23.035
23.275
23.485
23.69
23.735
23.94
24.17
24.33
24.4
24.57
24.635
24.86
25.1
25.165
25.305
25.545
25.76
25.99
26.055
26.125
26.205
26.38
26.435
26.655
26.885
27.105
27.345
27.56
27.805
28.035
28.145
28.24
28.36
28.455
28.535
28.93
29.165
29.375
29.835
