0.16
0.53
0.75
1.14
1.36
1.56
1.735
1.905
2.345
2.535
2.94
3.135
3.52
3.725
3.915
4.2
4.33
4.72
4.75
4.905
5.145
5.31
5.875
6.085
6.3
6.665
6.99
7.11
7.29
7.475
7.71
7.9
8.09
8.26
8.485
8.65
8.855
9.165
9.3
9.64
10.03
10.195
10.21
10.41
10.575
10.77
10.985
11.135
11.16
11.325
11.525
11.715
11.885
12.28
12.465
12.645
12.665
12.86
13.02
13.075
13.095
13.3
13.58
14.025
14.185
14.59
14.785
14.82
15.245
15.395
15.605
15.725
15.78
15.97
16.375
16.575
16.6
16.81
16.98
17.18
17.375
17.59
17.775
18.115
18.2
18.32
18.735
18.935
19.33
19.53
19.9
19.945
20.11
20.51
20.665
20.855
21.05
21.105
21.24
21.61
21.8
22.015
22.195
22.4
22.58
22.775
22.94
23.23
23.555
23.99
24.15
24.53
24.55
24.74
24.97
25.31
25.74
25.78
25.935
26.12
26.155
26.335
26.53
26.74
27.16
27.465
27.715
28.095
28.305
28.32
28.69
28.925
29.315
29.515
