0.075
0.175
0.555
0.78
0.87
1.04
1.335
1.365
1.62
2.015
2.13
2.36
2.51
2.695
2.825
3.06
3.28
3.665
3.775
3.855
4.025
4.42
4.795
5.0
5.175
5.355
5.575
5.77
5.945
6.125
6.54
6.585
6.695
6.73
6.98
7.055
7.1
7.455
7.83
8.22
8.4
8.61
8.805
9.17
9.38
9.555
10.07
10.285
10.485
10.675
10.865
11.265
11.645
11.86
12.04
12.255
12.45
12.56
12.62
12.87
13.08
13.275
13.33
13.715
13.88
14.8
18.29
18.465
18.835
19.015
19.195
19.4
19.775
19.98
20.13
20.535
20.565
20.92
20.935
21.31
21.74
21.935
22.065
22.085
22.445
22.505
22.83
23.23
23.255
23.61
23.945
24.35
24.37
24.57
24.765
24.93
25.12
25.29
25.465
25.835
26.125
26.2
26.4
26.585
26.61
26.98
27.21
27.37
27.765
27.955
28.12
28.28
28.335
28.715
28.86
29.055
29.235
29.27
29.63
29.98
