0.235
0.46
0.55
0.655
0.99
1.325
1.68
1.78
1.985
2.22
2.475
2.6
2.68
2.785
2.875
3.15
3.205
3.55
3.625
4.06
4.285
4.405
4.465
4.67
4.85
5.005
5.125
5.3
5.44
5.545
5.565
5.775
5.91
6.14
6.575
6.83
7.255
7.345
7.5
7.74
7.965
8.015
8.405
8.64
9.005
9.09
9.32
9.77
9.965
10.235
10.46
10.545
10.76
10.835
11.12
11.385
11.46
11.705
11.975
12.08
12.3
12.465
12.73
12.85
13.165
13.395
13.52
13.74
13.84
14.065
14.45
14.515
14.6
14.645
14.725
14.96
15.195
15.225
15.535
15.6
15.855
16.1
16.32
16.535
16.77
17.015
17.135
17.355
17.705
17.95
18.4
18.63
18.885
19.235
19.35
19.38
19.82
20.09
20.245
20.44
20.74
21.015
21.205
21.385
21.49
21.71
22.115
22.155
22.37
22.6
22.83
22.935
23.275
23.5
23.755
23.85
23.975
24.125
24.325
24.435
24.865
25.135
25.365
25.485
25.58
25.7
25.8
26.03
26.325
26.445
26.7
26.93
27.055
27.275
27.38
27.535
27.625
27.905
27.97
28.23
28.31
28.445
28.59
28.78
29.015
29.245
29.365
29.68
