0.085
0.29
0.505
0.95
1.25
1.695
1.74
1.77
1.96
2.15
2.19
2.335
2.355
2.51
2.61
2.755
2.805
3.025
3.235
3.36
3.505
3.64
3.92
3.98
4.55
4.57
5.015
5.8
5.925
6.2
6.33
6.43
6.635
6.73
6.855
6.875
7.095
7.305
7.5
7.55
7.645
7.765
8.02
8.21
8.295
8.38
8.54
8.675
9.14
9.33
9.41
9.5
9.6
9.805
9.87
10.06
10.235
10.34
10.52
10.82
10.955
11.165
11.25
11.38
11.45
11.675
11.72
12.315
12.375
12.58
12.66
12.78
13.26
13.465
13.695
13.965
14.155
14.305
14.42
14.615
14.82
14.875
15.065
15.105
15.335
15.485
15.81
16.285
16.67
16.74
16.88
17.145
17.35
17.575
17.59
17.615
17.775
18.05
18.08
18.235
18.52
18.58
18.895
18.97
19.15
19.425
19.575
19.65
19.865
20.03
20.315
20.47
20.545
20.895
20.94
21.22
21.385
21.845
22.125
22.285
22.715
23.07
23.395
23.495
23.605
23.66
23.83
23.915
24.09
24.3
24.54
24.79
25.005
25.255
25.49
25.58
25.645
25.705
26.615
26.83
27.065
27.295
27.4
27.73
27.935
28.21
28.325
28.39
28.59
28.83
29.015
29.255
29.66
29.93
29.985
