0.22
0.46
0.68
0.915
1.145
1.38
1.595
1.95
2.045
2.27
2.515
2.735
2.97
3.195
3.415
3.765
3.815
3.875
4.1
4.21
4.34
4.695
4.785
5.015
5.25
5.59
5.695
5.915
5.935
6.165
6.39
6.61
6.835
7.075
7.415
7.52
7.74
7.975
8.215
8.41
8.435
8.675
8.88
9.24
9.34
9.56
9.79
10.02
10.26
10.485
10.7
11.05
11.15
11.37
11.455
11.615
11.855
12.07
12.3
12.515
12.755
12.87
12.985
13.21
13.445
13.465
13.665
13.895
14.125
14.34
14.695
15.02
15.26
15.485
15.6
15.715
15.95
16.165
16.455
16.525
16.625
16.855
17.07
17.31
17.535
17.755
17.995
18.225
18.27
18.335
18.445
18.67
18.905
19.13
19.145
19.36
19.59
19.82
20.05
20.075
20.17
20.27
20.495
20.73
20.965
21.19
21.42
21.635
21.875
21.955
22.095
22.315
22.41
22.545
23.0
23.225
23.45
23.685
23.805
23.91
24.145
24.36
24.595
24.82
25.01
25.26
25.5
25.63
25.715
25.95
26.18
26.455
26.645
26.875
27.1
27.33
27.555
27.785
28.015
28.25
28.475
28.615
28.925
29.205
29.37
29.605
29.835
