0.11
0.455
0.57
0.905
1.02
1.08
1.455
1.58
1.76
1.965
2.08
2.28
2.36
2.52
2.59
2.81
2.93
3.03
3.105
3.585
3.865
3.885
3.955
4.015
4.105
4.495
4.59
4.98
5.11
5.48
5.61
5.64
5.84
5.95
6.05
6.125
6.42
6.615
6.815
7.045
7.12
7.62
7.685
7.875
7.995
8.12
8.25
8.31
8.595
8.62
8.955
9.105
9.595
9.765
9.8
10.03
10.105
10.265
10.29
10.51
10.6
10.655
10.715
10.905
10.935
11.09
11.335
11.6
11.65
11.755
11.945
12.115
12.62
12.67
12.985
13.115
13.295
13.425
13.44
13.605
13.915
14.1
14.51
14.61
14.945
15.125
15.415
15.63
15.875
16.1
16.14
16.54
16.65
16.925
17.045
17.105
17.16
17.455
17.665
17.995
18.185
18.52
18.66
18.94
18.97
19.17
19.675
19.91
20.035
20.175
20.56
20.675
20.95
21.175
21.575
21.68
22.015
22.065
22.19
22.68
23.185
23.53
23.695
24.06
24.135
24.205
24.585
24.68
25.135
25.195
25.57
25.69
25.975
26.0
26.21
26.6
26.7
27.03
27.205
27.705
28.08
28.215
28.7
28.98
29.105
29.22
29.72
