0.2
0.73
2.055
2.94
3.165
3.42
3.62
3.825
3.885
4.12
4.635
4.85
4.995
5.29
5.575
5.78
6.14
6.63
7.09
7.12
7.14
7.48
7.57
8.035
8.12
8.32
8.49
8.755
8.995
9.225
9.445
10.37
10.51
10.835
10.995
11.065
11.35
11.75
12.285
12.46
12.535
12.815
12.975
13.125
13.22
13.61
13.745
14.15
14.835
15.05
15.58
15.98
16.03
16.47
16.725
16.92
17.215
17.295
17.46
17.685
17.9
18.365
18.635
18.805
19.31
19.775
20.05
20.49
20.705
21.175
21.64
21.895
22.125
22.575
23.535
23.575
23.695
23.71
24.045
24.285
24.495
24.625
25.21
25.465
25.7
25.955
26.395
27.4
28.345
28.84
28.975
29.545
