0.16
0.305
0.54
0.63
0.785
1.11
1.135
1.355
1.48
1.595
1.815
2.055
2.29
2.52
2.685
2.765
3.005
3.255
3.395
3.5
3.645
3.75
3.875
4.0
4.12
4.245
4.365
4.48
4.615
4.73
4.86
4.96
5.21
5.47
5.615
5.96
6.075
6.44
6.575
6.69
6.915
7.045
7.16
7.21
7.33
7.405
7.57
7.665
7.885
7.995
8.05
8.28
8.34
8.51
8.62
8.75
8.825
8.845
8.945
9.075
9.24
9.315
9.485
9.58
9.775
9.9
10.195
10.26
10.43
10.515
10.54
10.64
10.74
10.865
11.015
11.14
11.24
11.38
11.415
11.485
11.615
11.735
11.835
12.1
12.185
12.33
12.425
12.48
12.555
12.665
12.69
12.795
12.94
13.075
13.155
13.35
13.41
13.54
13.57
13.64
13.745
14.005
14.03
14.1
14.245
14.355
14.495
14.58
14.69
14.825
14.865
14.985
15.06
15.195
15.25
15.32
15.45
15.53
15.555
15.65
15.885
15.925
16.01
16.17
16.245
16.28
16.385
16.485
16.615
16.74
16.88
16.955
17.1
17.145
17.22
17.355
17.43
17.46
17.565
17.6
17.795
17.825
17.92
18.05
18.16
18.19
18.3
18.405
18.51
18.645
18.805
18.875
19.06
19.14
19.275
19.37
19.47
19.71
19.82
19.98
20.1
20.19
20.3
20.33
20.42
20.55
20.595
20.78
20.94
20.98
21.19
21.255
21.27
21.37
21.685
21.735
21.88
21.98
22.0
22.185
22.23
22.29
22.45
22.545
22.68
22.795
22.87
23.135
23.245
23.3
23.495
23.585
23.715
23.81
23.935
24.01
24.255
24.27
24.52
24.63
24.75
24.855
24.925
25.22
25.28
25.31
25.37
25.53
25.62
25.765
25.855
25.88
25.99
26.065
26.11
26.325
26.455
26.565
26.585
26.69
26.785
26.925
27.015
27.15
27.195
27.38
27.485
27.615
27.7
27.95
27.995
28.09
28.215
28.315
28.415
28.655
28.695
28.895
29.075
29.275
29.36
29.385
29.49
29.84
