0.045
0.305
0.525
0.745
0.785
0.995
1.245
1.48
1.74
1.94
2.2
2.43
2.64
2.66
2.895
3.115
3.135
3.365
3.395
3.645
3.84
4.11
4.325
4.59
4.685
4.8
5.21
5.27
5.54
5.75
6.005
6.23
6.29
6.465
6.695
6.94
7.2
7.32
7.44
7.66
7.905
8.13
8.345
8.42
8.6
8.855
9.085
9.35
9.55
9.805
10.03
10.275
10.5
10.71
10.74
10.99
11.13
11.235
11.46
11.535
11.71
11.93
12.15
12.405
12.615
12.89
13.125
13.36
13.605
13.83
14.05
14.3
14.54
14.8
15.045
15.26
15.42
15.51
15.78
15.955
15.98
16.11
16.205
16.455
16.685
16.945
17.15
17.405
17.63
17.87
18.105
18.335
18.57
18.595
18.78
18.84
19.065
19.225
19.315
19.53
19.755
20.005
20.225
20.48
20.745
20.97
21.205
21.435
21.52
21.665
21.76
21.9
22.02
22.15
22.2
22.405
22.64
22.86
23.115
23.33
23.39
23.55
23.805
24.285
24.545
24.75
25.01
25.23
25.475
25.53
25.705
25.965
26.18
26.445
26.66
26.815
26.915
27.13
27.35
27.61
27.85
28.045
28.095
28.295
28.81
29.035
29.29
29.505
29.75
29.985
