0.295
0.58
0.73
1.05
1.2
1.5
2.115
2.405
2.695
2.97
3.11
3.26
3.385
3.55
3.845
3.98
4.14
4.445
4.73
5.03
5.14
5.365
5.65
5.965
6.25
6.4
6.51
6.57
6.845
7.16
7.465
7.55
7.745
7.875
8.055
8.37
8.53
8.605
8.815
8.875
8.965
9.1
9.405
9.55
9.69
9.835
9.975
10.115
10.295
10.31
10.615
10.755
11.065
11.425
11.675
11.975
12.28
12.545
12.7
12.85
12.99
13.14
13.5
13.585
13.74
14.035
14.33
14.64
14.935
15.255
15.53
15.915
16.085
16.37
16.67
17.08
17.24
17.385
17.665
17.82
18.255
18.41
18.61
18.7
18.985
19.14
19.28
19.405
19.555
19.88
20.15
20.715
21.01
21.305
21.6
21.745
21.895
22.045
22.185
22.355
22.495
22.8
22.94
23.085
23.38
23.68
23.915
24.0
24.325
24.98
25.46
25.585
25.895
26.22
26.53
26.61
27.03
27.11
27.425
27.73
27.85
28.025
28.47
28.63
28.925
29.11
29.225
29.365
29.675
29.84
