0.215
0.545
0.705
0.735
1.265
1.6
1.795
2.115
2.33
2.665
2.84
3.19
3.38
3.74
3.91
4.27
4.44
4.77
4.965
4.99
5.305
5.495
6.03
6.335
6.56
7.075
7.11
7.61
8.135
8.43
8.665
8.995
9.185
9.21
9.54
9.72
10.07
10.25
10.285
10.605
10.785
11.18
11.315
11.38
11.85
12.15
12.21
12.38
12.7
12.925
13.26
13.455
13.79
13.995
14.155
14.335
14.515
14.55
14.84
15.04
15.365
15.57
15.6
15.93
16.11
16.505
16.64
16.955
17.185
17.505
17.735
17.965
18.095
18.225
18.695
19.09
19.29
19.66
19.82
19.855
20.155
20.355
20.87
20.9
20.92
21.195
21.245
21.42
21.76
21.95
22.285
22.48
22.805
23.025
23.38
23.535
23.88
23.975
24.085
24.115
24.375
24.595
24.935
25.12
25.455
25.655
26.155
26.215
26.73
27.265
27.7
27.805
27.845
28.345
28.38
28.7
28.88
29.245
29.41
29.93
