0.065
0.37
0.665
1.14
1.365
1.595
1.825
2.555
3.015
3.25
3.485
3.705
4.185
4.425
4.895
5.13
5.38
5.595
6.075
6.295
6.77
6.995
7.24
7.475
7.57
7.855
7.93
8.185
8.645
8.87
9.12
9.35
9.805
10.06
10.395
10.525
10.75
10.99
11.215
11.625
11.945
12.05
12.415
12.64
12.875
12.965
13.095
13.6
13.62
13.825
14.3
14.52
14.7
14.76
14.975
15.365
15.47
15.705
16.185
16.4
16.645
16.86
16.975
17.315
17.59
18.065
18.28
18.535
18.76
18.86
19.39
19.48
19.955
20.175
20.425
20.66
20.76
21.355
21.825
22.07
22.3
22.535
23.25
23.725
23.94
23.96
24.18
24.425
24.535
25.135
25.385
25.62
25.85
26.1
26.325
26.755
26.805
27.04
27.515
27.745
27.995
28.205
28.7
28.93
29.18
29.4
29.635
29.885
