0.44
0.78
1.095
1.43
1.625
1.745
2.02
2.08
2.41
2.73
3.035
3.285
3.365
3.655
3.69
3.9
4.005
4.32
4.54
4.65
4.97
5.295
5.595
5.615
5.83
5.94
6.26
6.475
6.595
6.805
6.895
7.115
7.235
7.555
7.74
7.865
8.195
8.395
8.54
8.76
8.85
9.19
9.51
9.83
10.155
10.485
10.8
11.13
11.44
11.765
12.095
12.275
12.31
12.325
12.425
12.74
13.07
13.385
13.73
14.015
14.05
14.275
14.39
14.595
14.695
15.005
15.325
15.66
15.89
15.985
16.21
16.29
16.625
16.865
16.96
17.275
17.505
17.605
17.925
18.255
18.57
18.9
19.215
19.445
19.55
19.865
20.18
20.505
20.81
20.835
21.15
21.385
21.485
21.81
22.04
22.145
22.455
22.785
22.895
23.1
23.43
23.75
24.075
24.39
24.62
24.715
25.02
25.25
25.36
25.68
26.0
26.315
26.645
26.85
26.98
27.275
27.315
27.48
27.625
27.835
27.96
28.28
28.495
28.605
28.925
29.14
29.255
29.57
29.775
