0.415
0.56
0.755
0.975
1.15
1.315
1.565
1.725
1.91
2.08
2.265
2.3
2.395
2.465
2.64
2.85
3.195
3.42
3.595
3.8
3.965
4.15
4.345
4.545
4.71
5.01
5.08
5.485
5.82
6.19
6.225
6.38
6.45
6.56
6.79
6.85
6.945
7.02
7.305
7.495
7.69
8.055
8.25
8.27
8.41
8.425
8.615
8.81
9.18
9.305
9.375
9.545
9.92
10.11
10.28
10.515
10.655
10.865
11.045
11.575
11.65
11.85
12.22
12.45
12.61
12.995
13.065
13.215
13.345
13.565
13.765
13.945
14.14
14.35
14.465
14.595
14.725
14.77
14.85
15.07
15.11
15.275
15.46
15.64
15.685
15.89
15.995
16.22
16.405
16.545
16.635
16.82
17.01
17.19
17.215
17.42
17.645
17.865
17.98
18.025
18.31
18.365
18.435
18.53
18.57
18.665
18.74
18.945
19.165
19.335
19.535
19.625
19.725
19.93
20.1
20.285
20.485
20.68
20.79
20.85
21.025
21.05
21.255
21.39
21.59
21.78
21.99
22.165
22.395
22.495
22.915
23.08
23.275
23.51
23.535
23.655
23.805
23.855
24.035
24.39
24.555
24.785
24.835
25.145
25.345
25.54
25.74
25.88
26.09
26.265
26.53
26.845
26.935
27.0
27.08
27.195
27.385
27.57
27.74
27.81
27.95
28.12
28.3
28.42
28.47
28.73
28.84
29.035
29.22
29.825
