0.955
1.415
2.855
3.6
3.75
4.26
4.585
4.975
5.125
5.625
5.875
5.945
6.29
6.47
6.62
6.82
6.98
7.325
7.54
7.67
7.825
8.32
8.65
8.975
9.14
9.48
9.625
9.97
10.3
10.47
10.825
10.97
11.315
11.655
11.845
12.18
12.64
13.16
13.505
13.655
13.94
14.01
14.275
14.415
14.725
14.845
15.25
15.405
15.585
15.7
15.88
16.265
16.99
17.155
17.49
17.82
18.0
18.26
18.59
18.85
19.015
19.11
19.3
19.395
19.585
19.715
19.755
19.835
20.075
20.575
20.73
21.2
21.395
21.48
21.5
21.625
21.905
22.0
22.35
22.535
22.705
22.89
23.045
23.215
23.4
23.735
23.915
24.29
24.435
24.77
25.51
25.945
26.27
26.285
26.49
26.58
26.755
26.825
26.91
27.09
27.24
27.27
27.79
27.93
28.105
28.46
29.245
29.39
29.75
29.92
