0.155
0.33
0.435
0.73
1.01
1.175
1.3
1.475
1.595
1.75
1.88
2.06
2.17
2.35
2.46
2.635
2.655
2.745
3.035
3.195
3.32
3.5
3.615
3.78
3.905
4.085
4.195
4.365
4.485
4.655
4.78
4.955
5.06
5.25
5.355
5.545
5.645
5.845
5.935
6.225
6.41
6.515
6.55
6.685
6.805
6.985
7.24
7.38
7.67
7.96
8.145
8.295
8.55
8.845
9.15
9.38
9.585
9.64
9.72
9.875
9.95
10.3
10.495
10.74
10.88
11.055
11.175
11.46
11.645
11.735
12.045
12.355
12.625
12.77
12.925
13.215
13.4
13.51
13.795
13.98
14.095
14.365
14.55
14.685
14.955
15.14
15.27
15.43
15.525
15.71
15.825
16.11
16.295
16.375
16.4
16.7
16.8
16.99
17.18
17.275
17.56
17.765
17.87
18.075
18.16
18.23
18.49
18.93
19.12
19.19
19.565
19.75
19.825
19.875
20.015
20.26
20.6
20.735
20.815
21.11
21.3
21.495
21.755
21.91
22.24
22.38
22.69
22.765
22.845
23.075
23.165
23.32
23.455
23.49
23.675
24.045
24.23
24.32
24.485
24.55
24.895
25.065
25.115
25.195
25.48
25.65
25.775
25.935
26.05
26.225
26.35
26.63
26.81
26.92
27.19
27.235
27.51
27.78
28.055
28.365
28.67
28.815
28.94
29.125
29.235
29.415
29.5
29.805
