0.26
0.515
0.785
1.075
1.325
1.6
1.9
2.13
2.41
2.74
3.005
3.245
3.48
3.835
4.37
4.39
4.665
4.84
5.22
5.485
5.51
5.725
6.01
6.05
6.345
6.545
6.905
7.625
7.7
7.995
8.25
8.82
9.085
9.355
9.6
9.82
10.195
10.44
10.98
11.265
11.41
11.555
11.84
12.065
12.345
12.63
13.51
13.76
14.05
14.31
14.59
14.74
14.88
15.145
15.315
15.715
15.73
15.995
16.545
16.825
17.085
17.64
17.93
18.2
18.37
18.49
18.745
19.045
19.07
19.335
19.845
19.995
20.185
20.415
20.75
20.96
20.99
21.265
21.535
22.4
22.645
23.17
23.21
23.475
23.735
24.025
24.295
24.59
24.845
25.155
25.4
25.675
25.945
26.26
26.47
26.805
27.045
27.25
27.32
27.57
27.71
27.93
28.15
28.36
28.44
28.72
29.05
29.19
29.25
29.365
29.6
