0.13
0.245
0.475
0.71
0.945
1.185
1.405
1.65
1.765
1.875
2.11
2.345
2.58
2.705
2.815
3.05
3.28
3.52
3.75
3.87
3.985
4.215
4.45
4.565
4.685
4.925
5.15
5.385
5.505
5.62
5.74
5.855
6.085
6.33
6.555
6.795
7.02
7.265
7.495
7.61
7.725
7.955
8.2
8.43
8.665
8.89
9.13
9.25
9.36
9.6
9.83
10.065
10.295
10.54
10.77
11.0
11.12
11.235
11.355
11.47
11.7
11.935
12.055
12.175
12.405
12.62
12.875
12.99
13.105
13.225
13.575
14.275
14.51
14.75
14.865
14.98
15.095
15.2
15.44
15.685
15.77
15.905
16.15
16.27
16.375
16.615
16.73
16.845
16.965
17.02
17.08
17.2
17.315
17.51
17.555
17.775
18.02
18.25
18.485
18.605
18.72
18.84
18.885
18.955
19.075
19.185
19.425
19.545
19.655
19.89
20.115
20.355
20.475
20.59
20.71
20.825
20.94
21.05
21.29
21.52
21.99
22.23
22.345
22.455
22.58
22.695
22.815
22.92
23.17
23.285
23.395
23.63
23.86
24.1
24.215
24.325
24.565
24.685
24.79
25.03
25.15
25.265
25.505
25.735
25.97
26.09
26.2
26.32
26.435
26.555
26.665
26.905
27.025
27.135
27.255
27.37
27.495
27.6
27.845
27.96
28.07
28.31
28.43
28.535
28.64
28.905
28.995
29.25
29.475
29.71
29.94
