0.49
1.03
1.555
2.125
2.665
2.935
3.08
3.22
3.48
4.015
4.555
4.83
5.08
5.385
5.625
5.82
5.91
6.175
6.345
6.46
6.72
7.0
7.255
7.53
7.72
7.8
8.345
8.66
8.905
9.19
9.44
9.745
9.99
10.26
10.3
10.53
10.75
10.815
11.085
11.375
11.57
11.63
11.905
12.175
12.475
12.725
13.025
13.28
13.57
13.825
14.125
14.255
14.37
14.615
14.65
14.91
15.19
15.215
15.455
15.705
15.735
15.995
16.275
16.515
16.55
16.815
17.085
17.39
17.64
17.93
18.175
18.465
18.63
18.735
18.895
19.015
19.29
19.565
19.825
19.98
20.1
20.355
20.52
20.645
20.915
21.2
21.465
21.775
22.03
22.325
22.52
22.575
22.855
23.115
23.38
23.645
23.935
24.075
24.195
24.36
24.49
24.715
24.995
25.145
25.255
25.285
25.565
25.81
26.125
26.28
26.385
26.66
26.91
27.2
27.33
27.465
27.755
28.015
28.305
28.43
28.555
28.71
28.845
29.1
29.38
29.64
