0.76
0.79
1.33
1.495
1.54
2.0
2.585
2.91
3.065
3.115
3.675
3.965
4.225
4.49
4.775
5.035
5.27
5.765
5.885
6.345
6.455
6.545
7.01
7.265
7.575
8.1
8.37
9.46
9.475
9.705
9.895
9.92
10.33
10.355
10.53
10.775
11.015
11.175
11.355
11.62
11.83
12.23
12.71
13.095
13.405
13.935
14.365
14.72
14.75
15.15
15.41
15.51
15.58
15.955
16.26
16.325
16.385
16.62
16.975
17.07
17.435
17.84
18.265
18.5
18.66
19.06
19.38
19.77
19.82
19.995
20.06
20.38
20.87
20.905
21.2
21.39
21.83
22.22
22.595
22.905
23.42
23.45
23.795
24.495
24.89
25.06
25.665
25.795
25.96
26.79
27.185
27.41
27.85
28.15
28.905
28.96
29.27
29.34
29.375
29.78
