0.2
0.315
0.495
0.595
0.715
0.845
1.045
1.205
1.455
1.595
1.86
1.965
2.355
2.615
2.735
2.98
3.105
3.315
3.37
3.515
3.625
3.705
3.88
4.09
4.27
4.455
4.63
4.87
4.89
5.02
5.39
5.62
5.82
6.195
6.23
6.405
6.505
6.585
6.795
6.985
7.15
7.37
7.39
7.57
7.745
7.99
8.13
8.525
8.775
8.85
8.915
9.15
9.31
9.52
9.695
9.905
10.08
10.275
10.46
10.665
10.84
11.08
11.24
11.475
11.61
11.865
12.025
12.24
12.41
12.44
12.615
12.805
12.995
13.175
13.575
13.775
13.96
14.155
14.2
14.35
14.56
14.735
14.755
14.995
15.14
15.385
15.535
15.78
15.94
16.145
16.32
16.505
16.52
16.885
17.075
17.125
17.315
17.465
17.86
18.07
18.155
18.29
18.31
18.62
18.66
18.87
19.24
19.425
19.555
19.6
19.8
20.005
20.175
20.235
20.405
20.445
20.565
20.6
20.985
21.39
21.59
21.76
21.97
22.145
22.305
22.495
22.915
23.145
23.31
23.52
23.71
23.935
24.1
24.34
24.5
24.695
24.88
25.085
25.25
25.48
25.655
25.865
26.03
26.235
26.395
26.615
26.665
26.79
27.015
27.19
27.35
27.56
27.6
27.955
28.165
28.215
28.405
28.535
28.73
28.94
29.12
29.325
29.495
