0.18
0.475
0.735
0.835
1.01
1.125
1.25
1.365
1.52
1.765
2.055
2.15
2.325
2.415
2.58
2.69
2.95
3.105
3.225
3.375
3.63
3.715
3.92
4.0
4.165
4.28
4.44
4.54
4.7
4.98
5.085
5.23
5.32
5.45
5.56
5.75
5.99
6.125
6.375
6.625
6.8
7.05
7.335
7.68
7.825
8.09
8.205
8.28
8.43
8.62
8.725
8.89
9.125
9.235
9.505
9.655
9.77
9.92
10.035
10.18
10.285
10.525
10.55
10.71
10.795
10.975
11.205
11.34
11.585
11.76
11.865
12.04
12.125
12.29
12.555
12.67
12.815
12.925
13.075
13.175
13.21
13.46
13.615
13.73
13.9
13.98
14.145
14.265
14.405
14.52
14.685
14.765
14.92
15.14
15.28
15.435
15.545
15.71
15.965
16.075
16.225
16.47
16.585
16.67
16.75
16.84
17.0
17.085
17.27
17.34
17.375
17.505
17.62
17.7
17.78
17.89
18.025
18.285
18.4
18.54
18.65
18.89
19.15
19.32
19.4
19.53
19.555
19.855
19.945
20.1
20.225
20.4
20.495
20.63
20.86
20.975
21.105
21.22
21.38
21.68
21.75
21.91
22.03
22.17
22.42
22.7
22.8
22.96
23.04
23.16
23.28
23.32
23.455
23.52
23.57
23.71
23.835
24.075
24.235
24.35
24.865
25.035
25.295
25.395
25.545
25.645
25.815
25.9
26.16
26.33
26.575
26.67
26.83
26.935
27.09
27.185
27.345
27.45
27.63
27.715
27.855
27.965
28.12
28.385
28.475
28.64
28.73
28.995
29.26
29.425
29.5
29.63
29.75
29.89
29.985
