0.515
0.98
1.475
1.625
1.645
1.965
2.29
2.795
3.11
3.59
3.96
4.22
4.55
4.9
5.4
5.725
6.2
6.365
6.69
6.83
7.17
7.5
7.695
7.985
8.015
8.31
8.66
8.78
8.99
9.27
9.41
9.455
9.735
10.075
10.26
10.555
10.875
11.21
11.335
11.53
11.82
11.96
12.29
12.615
12.815
13.115
13.14
13.425
13.755
13.89
14.105
14.415
14.52
14.845
15.19
15.36
15.675
15.98
16.135
16.335
16.43
16.665
16.765
16.93
17.075
17.1
17.39
17.415
17.585
17.735
17.895
17.945
18.055
18.25
18.525
18.685
18.845
18.985
19.165
19.455
19.605
19.915
20.25
20.42
20.56
20.72
20.74
21.025
21.37
21.475
21.685
21.96
22.12
22.415
22.745
22.91
23.075
23.22
23.275
23.53
23.585
23.695
23.85
23.985
24.18
24.47
24.59
24.93
24.95
25.15
25.27
25.45
25.695
25.755
25.795
26.065
26.205
26.22
26.395
26.525
26.735
26.87
27.005
27.15
27.47
27.66
27.805
28.005
28.11
28.305
28.335
28.47
28.615
28.95
29.08
29.3
29.61
