0.525
0.975
1.68
2.18
2.635
3.1
3.35
3.575
3.84
4.05
4.285
4.515
4.995
5.235
5.445
5.675
5.94
6.185
6.375
6.42
6.88
7.145
7.32
7.375
7.825
8.28
9.04
9.235
9.465
9.72
10.185
10.675
10.935
11.115
11.36
11.84
12.055
12.335
12.57
12.815
13.03
13.505
13.96
14.215
14.455
14.875
14.92
15.16
15.37
15.635
15.845
16.31
16.56
16.765
17.015
17.245
17.7
17.92
18.155
18.18
18.61
18.855
19.115
19.525
20.065
20.525
20.755
21.595
21.85
21.965
22.2
22.68
23.355
23.64
23.73
23.905
24.16
24.355
24.62
24.85
25.005
25.09
25.55
26.26
26.53
26.855
27.005
27.225
27.69
27.865
28.03
28.445
28.66
28.885
29.33
29.55
29.58
