0.54
0.86
1.185
1.515
1.675
1.835
2.015
2.17
2.33
2.485
2.815
3.135
3.3
3.46
3.62
3.795
4.08
4.265
4.425
4.59
4.745
4.91
5.075
5.23
5.4
5.56
5.725
5.885
6.045
6.205
6.37
6.53
6.69
6.855
7.03
7.2
7.365
7.68
7.855
8.025
8.33
8.51
8.66
8.825
8.98
9.15
9.3
9.465
9.625
9.785
9.945
10.11
10.275
10.435
10.61
10.77
10.935
11.105
11.27
11.435
11.59
11.75
11.84
11.91
12.255
12.43
12.59
12.75
12.91
13.08
13.245
13.39
13.56
13.735
13.88
14.06
14.195
14.38
14.535
14.7
14.85
15.02
15.18
15.5
15.835
15.99
16.145
16.315
16.465
16.49
16.805
17.12
17.46
17.775
17.975
18.105
18.435
18.59
18.755
19.075
19.235
19.405
19.575
19.735
19.885
20.055
20.225
20.385
20.54
20.705
20.89
21.03
21.205
21.345
21.56
21.67
21.87
21.995
22.305
22.325
22.65
22.8
22.97
23.16
23.285
23.465
23.62
23.935
24.1
24.265
24.585
24.915
25.22
25.55
25.71
25.865
26.04
26.195
26.36
26.515
26.68
26.845
27.015
27.155
27.49
27.81
28.13
28.315
28.455
28.665
28.78
29.1
29.745
29.885
29.92
