0.61
1.1
1.58
1.675
1.83
2.045
2.535
3.02
3.04
3.065
3.52
3.535
4.005
4.035
4.195
4.455
4.715
4.91
5.42
5.775
5.9
6.43
6.91
7.375
7.625
8.65
8.83
9.145
9.225
9.32
9.795
10.265
10.525
10.6
10.92
11.24
11.7
11.84
12.195
12.67
12.695
13.13
13.175
13.365
13.595
14.06
14.52
14.86
15.005
15.335
15.475
15.95
16.415
16.68
16.72
16.95
17.375
17.4
17.89
18.365
18.59
18.81
19.07
19.26
19.275
19.585
19.735
19.76
19.965
20.185
20.21
20.66
20.825
21.115
21.59
21.875
22.52
23.01
23.475
23.97
24.45
25.48
25.835
25.945
26.21
26.75
27.21
27.275
27.455
27.66
28.605
28.855
29.045
29.525
29.59
