0.43
0.465
0.675
0.695
0.845
1.065
1.195
1.23
1.4
1.605
1.8
1.965
2.335
2.55
2.71
2.905
3.08
3.285
3.45
3.655
3.68
3.835
4.035
4.195
4.375
4.585
4.78
4.95
5.145
5.315
5.53
5.69
5.9
6.065
6.28
6.445
6.65
6.69
6.835
7.025
7.19
7.385
7.585
7.935
8.16
8.29
8.325
8.55
8.71
8.885
9.085
9.27
9.305
9.455
9.645
9.835
10.0
10.05
10.21
10.405
10.595
10.94
10.97
11.15
11.325
11.705
11.725
11.9
12.09
12.265
12.46
12.655
12.835
13.035
13.09
13.21
13.39
13.595
13.805
13.885
14.235
14.33
14.715
14.9
15.085
15.28
15.455
15.64
15.69
15.835
16.005
16.055
16.185
16.365
16.38
16.445
16.595
16.79
16.965
16.995
17.345
17.73
17.915
18.105
18.295
18.48
18.665
18.69
18.85
19.025
19.215
19.38
19.61
19.795
19.955
19.995
20.18
20.36
20.73
20.94
21.115
21.31
21.485
21.68
21.835
22.065
22.22
22.405
22.625
22.82
22.965
23.0
23.19
23.345
23.375
23.525
23.585
23.735
23.915
23.935
23.95
24.065
24.33
24.495
24.66
24.87
25.235
25.635
25.86
25.99
26.2
26.285
26.75
27.105
27.31
27.47
27.665
27.715
27.84
28.04
28.07
28.215
28.41
28.6
28.795
28.965
29.175
29.35
29.55
29.71
29.935
