0.045
0.205
0.535
0.735
0.84
1.165
2.17
2.195
2.835
2.865
3.385
3.4
3.505
3.825
4.185
4.535
4.85
5.2
5.365
5.535
5.725
5.895
6.22
6.425
6.545
6.885
7.21
7.39
7.55
7.725
7.89
8.225
8.565
8.875
9.21
9.545
9.765
9.86
10.07
10.205
10.535
10.73
10.89
11.065
11.195
11.53
11.7
11.88
12.205
12.535
12.725
12.86
13.04
13.185
13.68
13.865
14.185
14.36
14.555
14.865
14.905
15.205
15.555
15.855
16.2
16.845
16.915
17.26
17.565
17.925
18.265
18.46
18.61
18.895
18.93
19.26
19.59
19.865
19.955
20.26
20.57
20.62
20.925
21.255
21.575
21.75
21.92
22.275
22.62
22.925
23.315
23.495
23.63
23.825
23.965
24.285
24.635
24.975
25.3
25.66
25.97
26.145
26.3
26.47
26.61
26.965
27.295
27.49
27.615
27.65
27.955
28.01
28.295
28.655
28.98
29.19
29.32
29.66
