0.275
0.715
0.745
1.48
1.9
2.085
2.565
2.805
2.955
3.23
3.715
3.875
4.175
4.335
4.805
4.91
5.045
5.34
5.685
6.18
6.525
6.91
7.35
7.55
8.025
8.48
9.17
9.365
9.68
9.81
9.84
10.275
10.535
10.98
11.035
11.165
11.46
11.615
12.08
12.345
12.475
12.54
12.825
12.975
13.305
13.43
13.825
14.05
14.115
14.565
14.75
15.175
15.475
15.595
15.62
15.895
16.465
16.535
16.96
17.415
17.45
17.69
18.105
18.335
18.595
18.76
19.195
19.52
19.94
20.1
20.405
20.565
21.035
21.31
21.65
21.685
21.925
22.13
22.365
22.555
22.655
22.855
23.065
23.55
23.74
23.77
24.225
24.675
24.93
25.13
25.345
25.56
25.6
25.755
26.03
26.19
26.39
26.6
26.73
26.785
26.955
27.115
27.395
27.715
27.84
28.07
28.18
28.44
28.47
28.685
29.1
29.19
29.485
29.595
