0.205
0.465
0.775
1.07
1.34
1.485
1.625
2.185
2.49
2.65
2.72
2.765
3.08
3.34
3.37
3.795
3.905
4.09
4.185
4.37
4.48
4.52
4.77
5.045
5.52
5.63
5.665
6.015
6.075
6.215
6.485
6.68
6.78
7.075
7.225
7.325
7.65
7.92
8.2
8.49
8.775
9.055
9.2
9.315
9.59
9.63
9.885
10.115
10.195
10.465
10.69
10.755
11.03
11.29
11.315
11.755
11.87
12.155
12.44
12.785
12.885
12.985
13.17
13.295
13.4
13.575
13.985
14.125
14.43
14.65
14.715
15.16
15.29
15.575
15.855
16.01
16.29
16.715
17.0
17.45
17.575
17.825
17.845
18.13
18.435
18.58
18.69
18.99
19.27
19.705
19.83
20.115
20.405
20.705
20.825
20.985
21.25
21.36
21.535
21.98
22.11
22.375
22.39
22.665
22.95
23.11
23.245
23.525
23.805
24.21
24.28
24.365
24.4
24.65
24.94
25.095
25.37
25.52
25.795
26.075
26.395
26.515
26.655
26.925
27.21
27.515
27.78
28.055
28.335
28.785
28.9
29.175
29.455
29.89
