0.125
0.39
0.645
0.8
0.92
1.185
1.45
1.71
1.98
2.245
2.515
2.765
2.925
3.04
3.3
3.565
3.81
4.085
4.345
4.6
4.85
5.015
5.05
5.12
5.285
5.38
5.555
5.895
6.085
6.165
6.425
6.7
6.94
7.085
7.32
7.355
7.695
7.96
8.225
8.485
8.75
9.0
9.155
9.27
9.425
9.525
9.73
9.795
9.975
10.05
10.305
10.57
10.815
11.09
11.3
11.505
11.605
11.755
12.115
12.38
12.645
12.91
13.165
13.325
13.44
13.59
13.69
13.95
14.215
14.485
14.67
14.74
14.995
15.255
15.405
15.675
15.775
16.04
16.29
16.555
16.825
17.085
17.335
17.43
17.495
17.76
17.86
18.07
18.38
18.64
18.905
19.055
19.175
19.43
19.58
19.86
19.95
20.13
20.475
20.74
21.005
21.265
21.51
21.67
22.035
22.575
22.845
23.11
23.13
23.35
23.37
23.39
23.63
23.775
24.1
24.165
24.415
24.43
24.56
24.7
24.965
25.235
25.49
25.745
25.895
26.135
26.225
26.27
26.555
26.805
26.995
27.07
27.33
27.595
27.85
28.0
28.265
28.385
28.655
28.92
29.185
29.445
29.665
29.71
29.96
