1.055
1.115
1.515
1.7
2.075
2.24
2.435
3.925
4.335
4.62
4.93
5.05
5.37
5.645
6.85
7.245
7.585
7.98
8.255
9.445
9.625
10.025
10.65
10.995
11.035
11.405
11.44
11.735
12.03
12.1
12.33
12.465
13.07
13.275
13.335
13.355
13.745
14.3
14.915
15.1
15.6
16.28
16.53
16.92
18.37
18.725
19.05
19.45
19.745
20.475
21.195
21.545
21.91
22.22
22.31
22.65
23.2
23.335
23.47
24.19
24.46
24.555
24.775
24.87
24.965
25.25
25.28
25.465
25.54
25.685
25.975
26.765
27.05
27.4
27.49
27.755
27.98
28.14
28.375
28.49
28.68
28.875
