0.235
0.47
0.66
0.85
1.06
1.265
1.45
1.65
1.825
1.855
2.25
2.45
2.47
2.655
2.865
3.06
3.235
3.26
3.425
3.71
3.86
4.015
4.25
4.655
4.835
4.865
5.045
5.435
5.45
5.695
5.83
5.855
6.25
6.45
6.65
7.055
7.26
7.445
7.845
8.045
8.235
8.635
9.025
9.415
9.435
9.83
10.23
10.45
10.615
10.84
11.015
11.225
11.42
11.82
12.04
12.21
12.41
12.615
12.81
13.02
13.41
13.75
13.795
14.195
14.4
14.57
14.59
14.605
15.0
15.185
15.2
15.4
15.8
16.01
16.205
16.585
16.995
17.41
17.805
18.21
18.43
18.61
19.025
19.415
19.615
19.82
20.21
20.625
20.785
21.015
21.415
21.625
21.795
22.03
22.215
22.405
22.625
22.81
23.005
23.195
23.39
23.62
23.815
24.02
24.205
24.42
24.605
24.785
24.81
24.975
25.26
25.405
25.805
26.025
26.21
26.385
26.59
26.815
27.01
27.395
27.825
27.995
28.02
28.195
28.625
28.8
29.005
29.38
29.595
29.78
29.805
