0.17
0.665
0.815
0.835
1.03
1.15
1.47
1.645
1.825
1.965
2.045
2.13
2.3
2.46
2.775
2.98
3.1
3.275
3.435
3.595
3.745
3.765
4.085
4.285
4.43
4.535
4.59
4.745
4.935
5.07
5.26
5.4
5.61
5.72
5.905
6.045
6.07
6.23
6.385
6.555
6.705
6.865
7.035
7.205
7.35
7.555
7.665
8.01
8.155
8.19
8.32
8.345
8.495
8.65
8.84
8.965
9.145
9.3
9.465
9.81
9.955
10.28
10.61
10.815
10.915
10.935
11.06
11.125
11.27
11.585
11.61
11.815
11.92
12.095
12.41
12.57
12.75
12.89
13.065
13.23
13.735
13.87
14.155
14.53
14.74
14.855
15.035
15.195
15.36
15.5
15.84
16.02
16.18
16.35
16.49
16.675
16.81
16.99
17.15
17.32
17.485
17.67
17.81
17.98
18.085
18.135
18.475
18.66
18.965
19.13
19.34
19.44
19.77
20.105
20.285
20.42
20.63
20.75
21.085
21.255
21.575
21.745
21.96
22.02
22.08
22.245
22.41
22.565
22.74
22.905
23.06
23.4
23.72
23.9
24.035
24.225
24.37
24.7
25.03
25.2
25.35
25.525
25.555
25.695
25.81
26.0
26.015
26.195
26.34
26.505
26.68
26.84
26.985
27.32
27.64
27.81
27.975
28.145
28.295
28.615
28.965
29.135
29.485
29.625
