0.235
0.63
0.865
1.01
1.4
1.635
1.785
2.175
2.385
2.575
2.77
2.96
3.35
3.74
3.945
4.135
4.32
4.52
4.72
4.9
5.085
5.3
5.685
5.905
6.07
6.25
6.46
6.855
7.055
7.25
7.635
7.895
8.025
8.285
8.42
8.615
8.74
9.025
9.21
9.595
9.99
10.19
10.375
10.56
10.655
10.74
11.03
11.125
11.56
11.73
11.93
12.32
12.515
12.7
12.92
12.98
13.08
13.295
13.49
13.69
13.76
13.86
14.075
14.16
14.255
14.57
14.64
14.87
15.04
15.435
15.645
15.83
16.21
16.425
16.805
16.98
17.39
17.755
17.965
18.14
18.54
18.745
18.935
19.325
19.56
19.74
19.92
20.09
20.16
20.49
20.88
21.09
21.23
21.305
21.66
21.865
22.05
22.085
22.37
22.45
22.645
22.84
23.035
23.21
23.44
23.63
23.995
24.215
24.395
24.6
24.775
25.175
25.365
25.56
25.785
25.98
26.14
26.175
26.34
26.54
26.56
26.72
27.105
27.32
27.5
27.665
27.685
27.86
27.885
28.285
28.665
28.895
29.06
29.445
29.85
