0.05
0.135
0.17
0.26
0.4
0.505
0.64
0.875
1.03
1.27
1.395
1.435
1.62
1.675
1.81
1.83
2.05
2.2
2.42
2.54
2.56
2.805
2.97
3.19
3.235
3.315
3.46
3.57
3.68
3.71
3.935
4.05
4.34
4.44
4.715
4.84
5.12
5.23
5.265
5.48
5.6
5.67
5.865
6.02
6.275
6.385
6.65
6.79
7.015
7.03
7.175
7.21
7.405
7.44
7.565
7.745
7.81
7.94
7.985
8.18
8.21
8.33
8.62
8.715
8.95
8.965
9.095
9.33
9.475
9.745
9.865
10.12
10.18
10.26
10.485
10.62
10.875
10.905
11.005
11.27
11.38
11.68
11.765
12.005
12.16
12.4
12.535
12.785
12.945
13.16
13.31
13.54
13.65
13.7
13.92
14.05
14.075
14.3
14.45
14.685
14.815
14.875
15.085
15.11
15.23
15.47
15.53
15.615
15.835
16.0
16.235
16.39
16.63
16.785
17.01
17.145
17.325
17.41
17.515
17.545
17.79
17.925
17.96
18.155
18.175
18.3
18.565
18.7
18.9
18.94
19.09
19.325
19.47
19.71
19.845
19.865
20.105
20.23
20.495
20.6
20.855
20.99
21.225
21.265
21.365
21.385
21.635
21.76
22.05
22.165
22.375
22.515
22.91
22.94
23.295
23.345
23.56
23.67
23.935
24.065
24.295
24.46
24.705
24.83
25.08
25.235
25.47
25.595
25.625
25.87
26.02
26.25
26.385
26.65
26.765
26.78
27.01
27.14
27.415
27.565
27.8
27.865
27.925
28.2
28.315
28.575
28.7
28.97
29.095
29.405
29.48
29.52
29.725
29.78
29.845
