0.525
0.85
1.17
1.46
1.525
1.805
2.125
2.17
2.44
2.705
2.76
3.09
3.74
4.085
4.3
4.4
4.68
4.73
5.05
5.375
5.47
5.68
6.33
6.655
6.975
7.265
7.295
7.535
7.6
7.76
7.905
8.07
8.23
8.575
8.88
9.2
9.465
9.725
9.83
10.16
10.785
11.125
11.27
11.445
11.765
12.065
12.165
12.39
12.725
12.87
13.1
13.345
13.975
14.285
14.31
14.685
14.915
15.26
15.6
15.865
16.525
16.835
16.92
17.395
17.46
17.785
18.085
18.415
18.65
18.81
19.05
19.36
19.65
19.975
20.315
20.775
20.945
21.29
21.46
21.58
21.885
21.915
22.21
22.495
22.82
23.01
23.125
23.19
23.445
23.745
23.835
24.07
24.38
24.44
24.685
24.73
25.335
25.63
25.94
26.22
26.585
26.845
26.905
27.22
27.535
27.855
28.17
28.47
28.795
29.11
29.43
29.73
