0.42
0.51
0.785
1.075
1.52
1.63
1.91
2.155
2.465
2.605
2.705
2.725
2.945
3.19
3.27
3.45
3.57
3.715
3.845
4.115
4.355
4.685
4.81
4.925
5.205
5.475
5.755
5.915
6.035
6.175
6.28
6.55
6.575
6.805
7.02
7.095
7.12
7.29
7.42
7.68
7.965
8.115
8.24
8.4
8.51
8.76
9.045
9.21
9.315
9.605
9.87
10.175
10.31
10.44
10.7
10.945
10.97
11.245
11.4
11.51
11.805
12.085
12.345
12.52
12.9
13.135
13.175
13.6
13.69
13.715
13.985
14.265
14.54
14.725
14.835
15.095
15.35
15.785
15.895
16.07
16.16
16.225
16.46
16.765
16.9
17.295
17.535
17.565
17.815
17.99
18.11
18.39
18.46
18.66
18.935
19.105
19.49
19.72
19.76
20.02
20.19
20.28
20.31
20.585
20.85
21.125
21.295
21.54
21.65
21.695
21.95
22.21
22.375
22.5
23.04
23.495
23.6
23.89
24.16
24.455
24.54
24.605
24.73
25.03
25.265
25.55
25.715
25.8
26.11
26.38
26.67
26.745
26.815
26.9
26.945
27.185
27.31
27.385
27.475
27.77
27.87
27.92
28.035
28.305
28.58
28.935
29.02
29.14
29.26
29.42
29.455
29.685
29.955
