0.12
0.245
0.545
0.705
0.82
1.255
1.705
2.02
2.39
2.935
3.195
3.53
3.665
3.81
4.11
4.25
4.58
4.715
4.875
4.995
5.295
5.465
5.575
5.89
6.045
6.185
6.48
6.785
6.87
6.955
7.255
7.38
7.53
7.665
7.84
7.965
8.315
8.415
8.57
8.865
9.01
9.285
9.345
9.64
9.755
10.055
10.22
10.33
10.645
10.77
10.805
10.95
11.215
11.245
11.325
11.545
11.715
11.995
12.14
12.3
12.435
12.585
12.715
12.89
13.025
13.155
13.31
13.615
13.76
13.915
14.055
14.36
14.505
14.805
14.95
15.09
15.27
15.4
15.53
15.685
15.99
16.13
16.29
16.425
16.73
16.875
17.185
17.32
17.475
17.655
17.785
17.915
18.07
18.37
18.52
18.675
18.81
18.97
19.115
19.26
19.56
19.705
19.84
20.01
20.14
20.28
20.435
20.74
21.065
21.215
21.5
21.53
21.655
21.795
21.94
22.08
22.215
22.38
22.535
22.83
24.59
25.265
26.075
26.97
