0.545
0.845
1.14
1.435
1.515
1.59
1.695
1.72
2.005
2.1
2.29
2.89
3.195
3.49
4.075
4.375
4.68
5.255
5.555
5.85
6.13
6.44
6.735
7.03
7.3
7.6
7.915
8.22
8.515
8.795
9.09
9.4
9.665
9.98
10.185
10.275
10.485
10.575
10.86
11.15
11.46
11.66
11.75
12.015
12.325
12.625
12.665
12.93
13.215
13.505
13.795
14.105
14.4
14.685
14.985
15.05
15.285
15.57
15.86
16.165
16.46
17.055
17.36
17.66
18.24
18.535
18.84
19.115
19.41
19.705
20.0
20.285
20.48
20.575
20.87
21.16
21.175
21.385
21.695
21.755
22.055
22.345
22.645
22.92
23.225
23.51
24.08
24.38
24.675
24.97
25.245
25.55
25.83
26.28
26.425
26.71
26.995
27.31
27.57
27.865
28.17
28.455
28.745
29.045
29.34
