0.365
0.555
0.585
0.92
1.12
1.655
1.69
2.03
2.215
2.285
2.57
2.765
3.135
3.31
3.375
3.86
4.23
4.42
4.47
4.97
5.335
5.515
5.59
6.07
6.43
6.605
6.69
7.03
7.17
7.54
7.725
8.285
8.63
8.825
8.845
9.165
9.35
9.72
9.905
10.175
10.3
10.45
10.82
10.99
11.55
12.105
12.145
12.645
13.025
13.21
13.24
13.74
14.095
14.285
14.825
15.185
15.385
15.915
16.275
16.46
16.805
16.99
17.355
17.545
17.895
18.08
18.11
18.46
18.64
19.175
19.225
19.56
19.755
20.275
20.65
20.83
21.185
21.37
21.75
21.945
22.21
22.48
22.715
22.835
23.01
23.135
23.365
23.55
23.92
24.24
24.27
24.29
24.54
24.645
24.82
25.015
25.03
25.145
25.195
25.735
26.115
26.29
26.665
26.73
26.81
26.97
27.15
27.36
27.45
27.625
27.89
28.245
28.435
28.955
29.325
29.515
