0.2
0.425
0.655
0.835
1.06
1.27
1.525
1.73
1.925
2.13
2.315
2.545
2.76
2.955
3.17
3.38
3.555
3.965
4.39
4.615
4.795
4.82
5.0
5.225
5.635
5.86
6.065
6.27
6.485
6.68
6.885
7.11
7.515
7.735
7.925
8.145
8.335
8.53
8.775
8.985
9.14
9.19
9.365
9.425
9.595
9.82
10.005
10.195
10.405
10.535
10.62
10.715
10.94
11.025
11.225
11.445
11.55
11.625
11.835
12.045
12.12
12.23
12.47
12.875
13.13
13.23
13.31
13.345
13.535
13.655
13.725
13.84
13.955
14.125
14.535
14.75
14.95
15.17
15.395
15.535
15.64
15.695
15.8
16.195
16.22
16.425
16.655
16.815
17.225
17.63
17.83
18.045
18.24
18.855
19.04
19.09
19.255
19.5
19.585
19.675
19.765
19.905
19.94
20.165
20.24
20.32
20.46
20.525
20.63
20.74
21.145
21.35
21.57
21.755
21.99
22.18
22.425
22.615
22.825
23.055
23.225
23.44
24.02
24.07
24.245
24.455
24.65
24.86
25.49
25.725
25.825
26.105
26.315
26.335
26.53
26.715
26.925
27.015
27.115
27.205
27.36
27.585
27.735
27.925
28.125
28.165
28.38
28.56
28.66
28.76
28.895
28.985
29.1
29.365
29.565
29.75
29.965
