0.13
0.375
0.57
0.805
1.005
1.265
1.45
1.685
1.875
2.12
2.325
2.565
2.755
3.005
3.2
3.44
3.63
3.885
4.085
4.115
4.31
4.525
4.78
4.965
5.005
5.215
5.405
5.65
5.84
6.075
6.28
6.715
6.945
7.15
7.585
7.84
8.025
8.465
8.505
8.715
8.91
9.355
9.485
9.625
9.775
10.015
10.12
10.22
10.665
10.685
10.955
11.11
11.3
11.545
11.855
11.985
12.255
12.41
12.695
12.86
13.3
13.55
13.745
13.955
14.18
14.405
14.625
14.66
14.86
15.07
15.505
15.935
16.36
16.61
16.8
17.245
17.285
17.5
17.69
18.125
18.17
18.36
18.565
19.005
19.245
19.445
19.675
19.88
19.9
20.11
20.315
20.575
20.63
20.76
20.985
21.16
21.205
21.44
21.63
21.875
22.07
22.325
22.505
22.755
22.945
23.39
23.625
23.83
24.08
24.27
24.7
24.74
25.14
25.36
25.385
25.575
26.015
26.255
26.46
26.705
26.725
26.905
27.34
27.565
27.605
27.79
28.21
28.465
28.65
29.095
29.335
29.53
29.755
