0.285
0.8
1.075
1.31
1.495
1.88
2.275
2.395
2.68
2.93
3.135
3.49
3.865
4.0
4.295
5.1
5.62
5.9
6.19
6.615
6.705
6.965
7.495
7.745
8.29
9.095
9.315
9.54
9.915
10.145
10.44
10.705
11.255
11.52
11.7
11.93
12.02
12.315
12.36
13.11
13.65
13.91
13.945
14.455
14.73
15.26
15.525
16.08
16.335
16.865
17.13
17.93
18.0
18.41
18.735
18.985
19.19
19.52
20.08
20.245
20.32
21.11
21.44
21.63
21.68
21.905
22.465
22.69
23.025
23.235
23.49
24.015
24.275
24.53
24.695
24.915
25.055
25.175
25.42
25.685
25.835
26.165
26.355
26.51
26.555
26.635
27.205
27.425
27.94
28.1
28.21
28.255
28.43
28.62
28.82
29.015
29.265
29.43
29.64
29.8
29.835
