0.02
0.1
0.31
0.53
0.745
0.84
0.945
1.0
1.13
1.385
1.61
1.815
2.03
2.135
2.25
2.67
3.105
3.295
3.445
3.55
3.765
3.98
4.205
4.41
4.62
4.845
5.265
5.28
5.52
5.715
6.15
6.575
6.78
6.9
7.01
7.155
7.245
7.445
7.665
7.865
8.315
8.5
8.725
9.075
9.175
9.585
9.745
9.93
10.025
10.195
10.37
10.45
10.685
10.885
11.305
11.485
11.755
12.175
12.4
12.605
12.835
13.045
13.45
13.665
13.87
14.09
14.195
14.295
14.4
14.5
14.595
15.13
15.57
15.995
16.42
16.85
17.29
17.505
17.655
17.725
17.945
18.145
18.59
18.77
19.015
19.265
19.455
19.675
19.9
20.31
20.495
20.73
20.95
21.175
21.345
21.585
22.045
22.445
22.695
22.895
23.305
23.335
23.56
23.745
23.975
24.17
24.425
24.605
24.83
25.03
25.48
25.72
26.085
26.105
26.31
27.17
27.36
27.605
27.83
27.93
28.23
28.245
28.465
28.815
29.115
29.34
29.685
