0.07
0.27
0.435
0.61
0.805
0.885
1.09
1.195
1.485
1.61
1.79
1.835
2.155
2.315
2.66
2.84
3.155
3.355
3.515
3.57
3.765
4.005
4.195
4.345
4.575
4.595
4.7
4.88
5.03
5.375
5.575
5.71
5.91
6.06
6.24
6.41
6.575
6.665
6.745
6.83
6.92
7.055
7.58
7.735
7.89
8.06
8.23
8.39
8.715
9.06
9.225
9.39
9.54
9.58
9.715
9.86
9.92
10.055
10.265
10.28
10.385
10.63
10.705
10.87
11.05
11.205
11.23
11.385
11.59
11.71
12.07
12.215
12.37
12.7
12.85
13.02
13.35
13.52
13.655
13.885
14.01
14.03
14.195
14.34
14.67
14.855
15.005
15.175
15.34
15.53
15.56
15.66
15.85
16.0
16.18
16.25
16.33
16.49
16.585
16.65
16.705
16.97
17.315
17.46
17.635
17.875
17.97
18.225
18.31
18.625
18.995
19.145
19.29
19.335
19.525
19.625
19.65
19.845
19.965
20.0
20.145
20.19
20.305
20.63
20.94
20.965
21.16
21.27
21.315
21.52
21.65
21.975
22.185
22.315
22.645
22.83
22.85
22.965
23.285
23.32
23.505
23.795
23.955
24.145
24.24
24.29
24.44
24.605
24.75
24.935
25.08
25.115
25.26
25.445
25.595
25.75
25.925
26.075
26.245
26.575
26.745
26.9
27.23
27.395
27.43
27.555
27.725
27.885
28.21
28.37
28.545
28.73
28.855
29.175
29.345
29.5
29.65
29.84
29.965
