0.22
0.47
0.72
0.965
1.215
1.455
1.71
1.94
2.21
2.425
2.695
2.96
3.09
3.175
3.21
3.455
3.605
3.695
3.72
3.985
4.2
4.225
4.475
4.625
4.72
4.97
5.21
5.48
5.61
5.715
5.965
6.21
6.46
6.625
6.715
6.865
6.98
7.225
7.45
7.59
7.72
7.975
8.225
8.455
8.585
8.73
8.975
9.095
9.22
9.48
9.725
9.845
9.97
10.075
10.23
10.505
10.585
10.72
10.96
11.095
11.22
11.585
11.705
11.725
11.96
12.215
12.46
12.595
12.72
12.84
12.975
13.095
13.21
13.235
13.345
13.465
13.59
13.715
13.97
14.09
14.22
14.35
14.465
14.61
14.72
15.0
15.085
15.245
15.47
15.6
15.74
15.855
15.995
16.245
16.475
16.63
16.74
16.86
16.99
17.12
17.23
17.35
17.475
17.595
17.735
17.975
18.09
18.23
18.475
18.615
18.725
18.985
19.02
19.23
19.49
19.74
19.985
20.045
20.235
20.5
20.7
20.75
21.01
21.245
21.47
21.745
21.995
22.235
22.475
22.595
22.725
22.99
23.235
23.365
23.485
23.735
23.99
24.165
24.23
24.5
24.635
24.76
25.005
25.145
25.21
25.25
25.515
25.76
26.015
26.265
26.44
26.51
26.775
27.025
27.08
27.275
27.48
27.545
27.78
28.045
28.295
28.44
28.545
28.805
29.035
29.075
29.3
29.525
29.795
