0.355
0.525
0.985
1.015
1.22
1.365
1.445
1.635
1.88
2.135
2.35
2.595
2.825
3.07
3.27
3.51
3.54
3.73
3.945
4.17
4.375
4.455
4.545
4.625
4.78
5.075
5.305
5.535
5.57
5.98
6.24
6.435
6.67
6.895
7.13
7.375
7.595
7.805
8.035
8.255
8.38
8.485
8.585
8.695
8.91
9.115
9.375
9.585
9.61
9.845
10.05
10.28
10.515
10.745
10.965
11.2
11.415
11.875
12.105
12.305
12.55
12.76
12.98
13.21
13.435
13.66
13.905
14.105
14.35
14.565
14.8
15.02
15.245
15.285
15.46
15.68
15.91
16.02
16.33
16.595
16.785
17.02
17.255
17.48
17.695
17.945
18.165
18.39
18.415
18.615
18.865
19.07
19.295
19.515
19.745
19.985
20.23
20.425
20.46
20.825
20.895
21.1
21.32
21.785
21.97
22.16
22.225
22.39
22.46
22.675
22.9
23.12
23.3
23.355
23.58
23.795
24.025
24.27
24.49
24.755
24.965
25.175
25.405
25.615
25.86
26.095
26.33
26.54
26.645
26.77
27.0
27.215
27.24
27.67
27.87
28.135
28.36
28.395
28.585
28.81
29.035
29.25
29.49
29.675
