0.255
0.43
0.695
0.98
1.15
1.27
1.41
1.54
1.775
2.13
2.415
2.57
2.71
2.995
3.02
3.28
3.57
3.715
3.78
4.155
4.43
4.72
4.905
5.005
5.295
5.355
5.435
5.59
5.76
5.87
6.065
6.165
6.46
6.74
7.02
7.295
7.325
7.6
7.88
8.18
8.33
8.395
8.47
8.75
8.95
9.04
9.32
9.615
9.895
9.98
10.185
10.48
10.57
10.73
10.755
10.95
11.33
11.62
11.91
12.195
12.49
12.765
12.815
12.935
13.07
13.12
13.36
13.42
13.645
13.92
14.08
14.215
14.26
14.495
14.685
14.765
15.075
15.15
15.375
15.655
15.94
16.225
16.45
16.785
17.09
17.38
17.525
17.645
17.68
17.75
17.965
18.245
18.53
18.67
18.815
19.08
19.135
19.38
19.68
19.745
19.99
20.265
20.4
20.555
20.83
21.04
21.135
21.43
21.69
21.99
22.13
22.27
22.565
22.84
23.135
23.42
23.46
23.705
23.725
24.005
24.16
24.315
24.58
24.855
25.09
25.15
25.18
25.43
25.75
26.01
26.18
26.205
26.305
26.6
26.725
26.875
27.16
27.44
27.735
28.02
28.31
28.595
28.885
29.175
29.205
29.45
29.75
