0.425
0.665
1.35
1.795
2.235
2.49
2.94
3.175
3.39
3.465
4.115
4.385
4.79
5.045
5.46
5.49
5.925
6.205
6.67
6.91
7.36
7.835
8.045
8.485
8.745
9.625
10.105
10.335
10.555
11.02
11.245
11.505
11.735
12.18
12.43
12.845
13.28
14.065
14.76
15.205
15.445
15.93
16.14
16.52
16.6
17.005
17.32
17.705
17.985
18.015
18.195
18.45
18.865
19.89
20.295
20.675
20.77
21.05
21.445
21.71
22.61
22.66
22.89
23.295
23.585
24.08
24.535
24.77
25.215
25.69
26.135
26.41
27.075
27.3
27.58
27.775
28.005
28.2
28.46
28.885
29.13
29.36
29.67
