0.305
0.66
0.76
0.845
1.29
1.47
1.635
2.415
2.46
2.505
2.875
3.285
3.73
4.11
4.565
4.755
4.945
5.26
5.645
5.76
6.225
6.42
6.605
7.145
7.42
7.85
8.05
8.22
8.275
8.52
8.75
8.995
9.09
9.29
9.5
9.73
9.885
10.125
10.33
10.705
11.145
11.185
11.55
11.985
12.18
12.375
12.585
12.825
13.02
13.11
13.19
14.03
14.455
14.69
14.83
15.29
15.45
15.675
16.125
16.335
16.49
16.945
17.335
17.74
17.9
18.125
18.145
18.54
18.665
18.785
18.92
19.045
19.18
19.31
19.59
19.715
20.555
20.99
21.37
21.79
21.965
22.065
22.185
22.59
22.825
22.975
23.425
23.825
24.155
24.245
24.64
25.54
26.17
26.38
26.6
26.805
27.015
27.23
27.65
27.855
28.075
28.485
28.685
28.905
29.125
29.34
29.54
29.745
29.99
