0.215
0.345
0.46
0.71
0.96
1.225
1.475
1.605
1.725
1.97
2.225
2.485
2.63
2.73
2.985
3.23
3.49
3.785
3.985
4.24
4.37
4.475
4.74
4.995
5.245
5.75
6.0
6.25
6.375
6.475
6.735
6.985
7.23
7.485
7.735
7.985
8.24
8.36
8.48
8.715
8.975
9.235
9.485
9.615
9.735
9.975
10.235
10.49
10.62
10.715
10.735
10.965
11.22
11.45
11.485
11.77
11.995
12.245
12.36
12.485
12.725
12.99
13.23
13.5
13.735
13.99
14.235
14.36
14.47
14.72
14.96
15.21
15.465
15.725
15.97
16.225
16.355
16.48
16.725
16.965
17.215
17.475
17.605
17.725
17.96
18.225
18.485
18.615
18.73
18.76
18.985
19.23
19.475
19.8
20.005
20.25
20.39
20.5
20.745
21.005
21.25
21.53
21.765
22.015
22.26
22.4
22.5
22.75
23.005
23.25
23.5
23.755
23.995
24.26
24.385
24.495
24.74
24.99
25.25
25.5
25.635
25.75
26.0
26.265
26.51
26.665
26.765
27.02
27.265
27.5
27.81
28.03
28.285
28.4
28.525
28.75
29.02
29.265
29.535
29.765
