0.105
0.39
0.54
0.705
0.96
1.095
1.235
1.53
1.63
1.935
2.11
2.24
2.405
2.82
3.12
3.295
3.38
3.575
3.68
3.865
3.97
4.165
4.26
4.555
4.71
4.835
5.01
5.125
5.31
5.425
5.705
5.88
5.995
6.285
6.575
6.86
7.015
7.155
7.325
7.445
7.74
7.91
8.02
8.2
8.31
8.605
8.88
9.04
9.33
9.45
9.74
9.895
10.12
10.295
10.58
10.73
10.85
11.035
11.145
11.445
11.615
11.745
12.035
12.215
12.33
12.475
12.6
12.805
12.91
13.095
13.19
13.36
13.48
13.665
13.78
13.935
14.075
14.365
14.64
14.875
15.105
15.23
15.39
15.505
15.69
15.815
15.985
16.12
16.275
16.395
16.575
16.68
16.99
17.155
17.27
17.475
17.6
17.76
17.84
18.14
18.305
18.445
18.735
19.015
19.175
19.305
19.605
19.75
20.05
20.17
20.345
20.64
20.735
21.04
21.305
21.6
21.885
22.065
22.18
22.365
22.47
22.755
22.93
23.065
23.225
23.245
23.335
23.555
23.625
23.835
23.925
24.095
24.205
24.37
24.5
24.675
24.8
25.085
25.375
25.665
25.955
26.25
26.52
26.835
27.045
27.13
27.425
27.72
28.015
28.22
28.305
28.605
28.875
29.07
29.47
29.945
29.97
