0.19
0.4
0.645
0.795
0.995
1.08
1.375
1.605
1.82
2.075
2.3
2.55
3.01
3.22
3.52
3.75
3.99
4.215
4.46
4.695
4.94
5.265
5.42
5.605
5.66
5.89
6.12
6.365
6.61
6.825
7.32
7.575
7.805
8.035
8.275
8.505
8.735
9.11
9.205
9.445
9.505
9.705
10.18
10.655
11.12
11.325
11.59
12.055
12.53
13.2
13.395
13.62
13.905
14.14
14.31
14.39
14.585
14.86
15.325
15.81
16.05
16.07
16.135
16.3
16.53
16.78
17.24
17.255
17.47
17.715
17.985
18.23
18.435
18.705
19.01
19.17
19.405
19.625
19.885
19.965
20.13
20.36
20.605
21.075
21.31
21.565
21.79
22.045
22.25
22.285
22.515
22.76
22.995
23.455
23.495
23.695
23.87
23.95
24.18
24.205
24.415
24.765
24.88
24.915
25.115
25.37
25.62
25.865
26.095
26.34
26.575
26.81
27.055
27.07
27.285
27.53
27.64
27.77
27.98
28.235
28.71
28.96
29.21
29.445
29.7
