0.26
0.66
1.055
1.225
1.425
1.61
1.825
2.085
2.215
2.455
2.615
2.825
2.85
3.015
3.25
3.415
3.625
3.805
4.015
4.205
4.37
4.585
4.755
4.96
5.21
5.36
5.75
5.97
6.15
6.375
6.55
6.945
7.34
7.44
7.54
7.735
8.1
8.29
8.505
8.705
8.905
9.3
9.505
9.715
9.895
10.1
10.295
10.5
10.665
10.875
11.055
11.07
11.27
11.655
12.06
12.29
12.465
12.875
13.2
13.265
13.65
13.745
13.845
14.05
14.13
14.23
14.41
14.605
14.815
15.195
15.62
15.835
16.04
16.435
16.83
17.01
17.185
17.4
17.59
17.605
17.995
18.405
18.63
18.815
19.045
19.21
19.61
19.755
19.99
20.08
20.175
20.3
20.375
20.465
20.57
20.75
21.16
21.57
21.76
21.795
21.96
22.155
22.225
22.37
22.62
22.77
22.935
23.175
23.345
23.56
23.74
23.95
24.345
24.55
24.745
25.15
25.41
25.56
25.74
25.95
25.975
26.355
26.525
26.915
27.115
27.35
27.505
27.75
27.925
28.085
28.315
28.725
28.855
29.1
29.125
29.36
29.505
29.67
29.88
