0.62
0.755
1.065
1.435
1.695
2.205
2.35
2.66
2.995
3.185
3.56
3.605
3.99
4.14
4.41
4.61
4.94
5.06
5.235
5.325
5.755
5.85
6.185
6.335
6.53
6.84
7.355
7.495
7.83
8.035
8.38
8.44
8.655
8.77
9.49
9.69
9.75
10.135
10.44
10.5
10.855
10.88
11.015
11.435
11.515
12.08
12.455
12.57
12.795
13.04
13.32
13.385
13.61
13.705
13.79
14.025
14.67
15.17
15.33
15.635
15.965
16.15
16.455
16.59
16.915
17.11
17.285
17.785
17.92
18.225
18.58
18.735
19.06
19.275
19.92
20.4
20.885
21.525
21.85
22.285
22.635
23.245
23.45
23.67
23.77
24.0
24.085
24.39
24.66
24.995
25.065
25.53
25.68
26.01
26.48
26.62
26.72
26.84
26.885
26.955
27.155
27.335
27.54
27.605
27.675
27.905
27.95
28.03
28.53
28.69
29.21
29.53
