0.155
0.325
0.975
1.36
1.565
1.74
2.09
2.385
3.21
3.55
3.985
4.315
4.495
4.625
5.18
5.4
6.16
6.305
6.37
6.535
6.6
7.27
7.61
7.775
8.005
8.18
8.275
8.365
8.545
9.835
10.225
10.575
10.93
12.045
12.435
12.8
13.01
13.13
13.755
14.255
14.62
14.685
14.985
15.235
15.35
15.805
16.315
16.455
17.05
17.24
17.37
17.575
18.305
18.485
18.65
19.14
19.345
19.555
19.62
19.755
19.965
20.9
21.285
21.66
21.755
21.825
21.995
22.225
22.585
22.99
23.075
23.335
23.48
23.67
23.79
23.99
24.085
24.18
24.36
24.47
24.6
24.845
25.25
25.62
25.835
25.98
26.195
26.365
27.465
27.865
28.25
28.61
29.37
29.725
