0.49
0.555
0.575
0.9
1.09
1.215
1.56
1.88
2.125
2.225
2.455
2.525
2.71
3.015
3.205
3.505
3.74
3.825
4.155
4.475
4.635
4.79
4.965
5.13
5.285
5.43
5.735
5.76
5.945
6.09
6.315
6.43
6.785
6.9
6.955
7.095
7.45
7.715
7.745
8.08
8.4
8.465
8.79
9.045
9.07
9.705
10.35
10.535
10.69
11.005
11.335
11.65
11.695
11.91
12.16
12.19
12.32
12.49
12.65
12.825
12.955
13.29
13.63
13.955
14.18
14.275
14.75
14.93
15.225
15.565
15.885
16.1
16.22
16.395
16.535
16.73
16.855
16.895
17.175
17.245
17.36
17.485
17.545
17.8
17.905
18.035
18.155
18.21
18.4
18.535
18.68
18.855
19.15
19.165
19.31
19.385
19.505
19.88
20.165
20.44
20.525
20.68
20.8
20.85
21.165
21.305
21.44
21.49
21.805
21.93
22.105
22.305
22.475
22.595
22.73
22.755
22.78
23.1
23.195
23.385
23.425
23.595
23.755
23.945
24.04
24.4
24.71
25.04
25.315
25.355
25.69
25.885
25.98
26.02
26.345
26.655
26.97
27.275
27.31
27.65
27.95
27.97
28.29
28.62
28.945
29.265
29.46
29.595
29.925
