0.365
0.4
0.755
1.005
1.08
1.105
1.325
1.46
1.675
1.79
1.825
2.07
2.18
2.42
2.52
2.66
2.735
2.895
3.095
3.115
3.24
3.47
3.605
3.825
3.96
4.22
4.675
5.025
5.195
5.29
5.395
5.77
6.025
6.11
6.335
6.7
6.815
6.845
7.055
7.195
7.4
7.545
7.785
7.9
8.11
8.295
8.53
8.875
8.985
9.205
9.32
9.56
9.695
9.93
10.05
10.27
10.39
10.59
10.725
11.085
11.32
11.445
11.675
11.79
12.02
12.15
12.35
12.51
12.745
12.83
13.055
13.17
13.225
13.41
13.475
13.54
13.78
13.895
14.12
14.245
14.415
14.485
14.595
14.845
14.935
15.2
15.315
15.555
15.655
15.915
16.02
16.245
16.35
16.405
16.715
17.005
17.075
17.245
17.305
17.385
17.45
17.77
18.015
18.15
18.345
18.485
18.68
18.815
18.855
19.05
19.16
19.335
19.405
19.52
19.77
19.87
19.905
20.11
20.2
20.25
20.46
20.55
20.705
20.79
20.93
21.14
21.265
21.51
21.64
21.905
22.01
22.245
22.36
22.57
22.695
22.9
23.025
23.25
23.38
23.625
23.73
23.975
24.045
24.15
24.305
24.47
24.5
24.84
25.17
25.435
25.57
25.815
26.125
26.15
26.27
26.61
26.875
26.97
27.16
27.31
27.37
27.585
27.91
28.075
28.28
28.41
28.695
28.81
28.97
29.355
29.435
29.495
29.52
29.72
