0.26
0.47
0.655
0.705
0.87
1.055
1.24
1.27
1.46
1.65
1.855
2.06
2.285
2.45
2.63
2.84
3.055
3.255
3.455
3.665
3.855
4.055
4.25
4.44
4.66
4.85
5.035
5.055
5.26
5.45
5.66
5.86
6.045
6.08
6.26
6.46
6.66
6.865
7.05
7.26
7.455
7.635
7.86
8.045
8.255
8.275
8.45
8.66
8.68
8.845
9.06
9.24
9.455
9.655
9.85
10.06
10.245
10.445
10.655
10.8
10.84
11.055
11.25
11.455
11.66
11.85
12.055
12.26
12.445
12.66
12.855
13.055
13.26
13.45
13.495
13.66
13.85
14.035
14.07
14.255
14.445
14.65
14.68
14.86
15.06
15.245
15.64
15.67
15.855
16.05
16.255
16.46
16.65
16.845
17.05
17.235
17.27
17.455
17.645
17.855
18.05
18.245
18.455
18.655
18.845
18.875
19.055
19.255
19.455
19.665
19.845
20.06
20.25
20.43
20.65
20.85
21.055
21.07
21.255
21.455
21.645
21.85
22.04
22.265
22.445
22.65
22.86
22.875
23.04
23.255
23.45
23.635
23.67
23.85
24.045
24.25
24.455
24.64
24.845
25.05
25.24
25.45
25.655
25.85
26.055
26.24
27.73
28.215
