0.06
0.385
0.72
1.05
1.215
1.64
1.73
1.89
2.225
2.375
2.73
2.885
3.05
3.08
3.385
3.64
4.035
4.39
4.725
5.03
5.215
5.38
5.71
6.02
6.18
6.37
6.54
6.665
7.02
7.34
7.675
8.01
8.335
8.355
8.69
8.96
9.02
9.355
9.71
10.045
10.21
10.35
10.685
11.02
11.34
11.36
11.685
11.995
12.355
12.5
12.655
12.995
13.69
13.71
14.025
14.285
14.69
15.055
15.73
16.08
16.415
16.75
17.09
17.25
17.61
17.76
18.095
18.43
18.5
18.77
19.125
19.805
20.14
20.49
20.83
21.155
21.485
21.83
22.165
22.345
22.51
22.69
22.845
23.02
23.175
23.505
23.85
24.185
24.535
24.9
25.225
25.575
25.905
26.04
26.245
26.58
26.745
26.915
27.26
27.285
27.59
27.76
27.895
28.22
28.575
28.765
29.11
29.545
29.89
