0.255
0.525
0.65
0.755
1.25
1.525
1.64
1.75
1.885
2.0
2.245
2.485
2.51
2.725
2.745
3.245
3.51
3.625
3.735
3.87
3.99
4.23
4.495
4.73
5.23
5.625
5.735
5.87
5.985
6.01
6.225
6.45
6.725
7.22
7.48
7.5
7.61
7.725
7.855
7.99
8.21
8.46
8.475
8.71
9.215
9.435
9.6
9.715
9.85
9.965
10.205
10.43
10.7
11.06
11.2
11.46
11.585
11.7
11.84
11.955
12.19
12.46
12.675
13.185
13.385
13.695
13.96
14.185
14.445
14.685
14.725
14.94
15.19
15.445
15.465
15.57
15.69
15.82
15.945
16.17
16.425
16.46
16.7
16.93
17.1
17.18
17.405
17.45
17.555
17.8
17.93
18.05
18.165
18.43
18.52
18.655
18.675
18.93
19.17
19.425
19.555
19.67
19.805
19.935
20.155
20.375
20.425
20.545
20.665
20.915
21.16
21.42
21.53
21.66
21.775
21.855
21.91
22.155
22.33
22.415
22.435
22.645
22.685
22.915
23.15
23.41
23.53
23.65
23.785
23.905
23.925
24.135
24.4
24.42
24.655
24.89
25.055
25.14
25.4
25.515
25.765
25.885
26.125
26.4
26.52
26.63
26.88
27.125
27.395
27.52
27.635
27.765
27.885
27.91
28.12
28.38
28.63
28.88
29.025
29.125
29.495
29.74
