0.245
1.99
2.715
2.905
3.745
4.2
4.64
5.315
5.49
5.78
5.815
5.97
6.13
6.2
6.395
6.595
6.81
6.885
7.115
7.295
8.165
8.61
8.69
8.875
9.135
9.94
10.235
10.405
10.425
10.825
11.73
12.215
12.45
12.63
12.675
13.07
13.475
13.93
14.21
14.83
15.135
15.3
15.735
15.965
16.11
17.02
17.48
18.795
19.525
19.68
20.085
20.495
20.93
21.21
21.27
21.36
22.25
22.635
22.735
22.96
23.36
23.575
23.79
23.975
24.43
24.72
25.705
26.12
26.445
26.62
27.01
27.3
27.345
27.495
27.715
27.85
27.9
28.355
28.495
28.785
28.85
29.19
