0.1
0.405
0.545
0.685
0.84
0.975
1.285
1.625
1.84
1.915
2.19
2.23
2.405
2.515
2.66
2.705
2.845
2.915
2.99
3.085
3.12
3.295
3.41
3.575
3.73
3.955
4.045
4.085
4.33
4.635
4.81
4.915
4.96
5.205
5.275
5.435
5.575
5.745
5.875
5.98
6.175
6.485
6.655
6.745
6.955
7.055
7.11
7.26
7.38
7.525
7.72
7.75
7.825
7.985
8.16
8.235
8.295
8.455
8.6
8.805
8.91
9.07
9.225
9.395
9.515
9.65
9.82
10.01
10.135
10.305
10.45
10.62
10.755
10.93
11.055
11.37
11.595
11.665
11.8
11.835
11.955
11.985
12.115
12.145
12.27
12.605
12.755
12.885
13.01
13.07
13.185
13.37
13.5
13.835
14.035
14.11
14.175
14.435
14.595
14.71
14.885
15.025
15.19
15.345
15.49
15.65
15.84
15.93
16.14
16.255
16.3
16.405
16.54
16.59
16.755
16.84
17.005
17.15
17.48
17.595
17.89
17.95
18.035
18.25
18.33
18.375
18.655
18.97
19.26
19.435
19.58
19.73
19.915
20.055
20.205
20.36
20.495
20.535
20.67
20.805
20.975
21.035
21.27
21.355
21.42
21.7
21.895
22.015
22.195
22.355
22.49
22.645
22.795
22.935
23.105
23.24
23.455
23.555
23.64
23.71
23.785
23.855
24.13
24.32
24.445
24.78
24.92
25.07
25.23
25.365
25.54
25.67
25.84
25.985
26.135
26.29
26.47
26.58
26.615
26.765
26.9
27.06
27.235
27.375
27.53
27.685
27.82
27.995
28.125
28.405
28.425
28.58
28.735
29.03
29.34
29.605
29.655
