0.435
0.835
1.025
1.415
1.625
1.84
1.995
2.57
2.77
3.17
3.555
4.14
4.33
4.535
4.735
5.11
5.685
5.89
6.1
6.285
6.5
6.665
7.115
7.25
7.645
7.855
7.905
8.035
8.225
8.8
9.0
9.205
9.41
9.465
9.78
10.2
10.36
10.585
10.76
10.97
11.335
11.35
11.92
12.12
12.31
12.52
12.74
12.9
13.145
13.48
13.715
13.875
14.11
14.46
14.67
15.035
15.24
15.635
15.855
16.01
16.23
16.43
16.625
16.8
16.995
17.195
17.58
17.79
18.345
19.12
19.9
20.3
20.53
20.69
20.905
21.365
21.46
22.105
22.24
23.015
23.42
23.8
24.31
24.39
24.565
24.975
25.06
25.345
25.76
25.95
26.12
26.345
26.54
26.915
26.935
27.135
27.505
27.585
27.685
28.095
28.465
28.875
29.24
29.64
29.655
