0.325
0.965
1.045
1.245
1.475
1.69
1.91
2.16
2.415
2.6
2.655
2.875
3.05
3.075
3.38
3.54
3.77
4.015
4.24
4.47
4.705
4.93
4.98
5.17
5.4
5.63
5.86
6.09
6.35
6.56
6.795
7.265
7.325
7.5
7.71
7.955
8.16
8.405
8.605
8.84
9.065
9.295
9.515
9.75
9.98
10.195
10.415
10.66
10.81
10.875
11.19
11.295
11.345
11.38
11.775
12.025
12.26
12.535
12.735
12.96
13.195
13.43
13.655
13.745
13.88
14.105
14.34
14.57
14.815
15.015
15.275
15.475
15.505
15.52
15.73
15.93
16.185
16.38
16.635
16.83
17.32
17.545
17.73
17.78
17.98
18.045
18.375
18.66
18.895
19.04
19.105
19.335
19.565
19.78
20.01
20.215
20.455
20.675
20.9
21.125
21.3
21.365
21.585
21.81
22.045
22.26
22.51
22.71
22.75
22.935
23.155
23.185
23.395
23.605
23.84
24.07
24.345
24.515
24.56
24.745
24.785
24.975
25.03
25.24
25.26
25.445
25.685
25.895
26.13
26.34
26.375
26.565
26.79
27.01
27.1
27.25
27.47
27.5
27.7
27.945
28.15
28.41
28.615
28.84
29.065
29.3
29.52
