0.425
0.7
0.93
1.195
1.665
1.965
2.25
2.49
2.745
2.775
3.01
3.27
3.44
3.78
4.045
4.3
4.33
4.555
4.81
5.07
5.325
5.785
5.865
5.88
6.0
6.085
6.385
6.635
6.855
7.105
7.38
7.62
7.87
8.145
8.425
8.67
8.91
9.165
9.44
9.665
10.19
10.445
10.7
10.96
11.215
11.74
11.98
12.24
12.5
12.765
13.055
13.27
13.4
13.53
13.78
14.03
14.29
14.565
14.795
15.065
15.305
15.57
15.83
16.085
16.3
16.345
16.595
16.855
17.1
17.365
17.535
17.615
17.805
17.88
18.14
18.385
18.67
18.92
19.415
19.69
19.96
20.205
20.475
20.71
20.98
21.225
21.475
21.745
21.995
22.03
22.245
22.495
22.76
23.025
23.11
23.235
23.52
23.775
24.285
24.5
24.805
24.935
25.035
25.205
25.415
25.535
25.78
26.03
26.29
26.535
26.785
27.05
27.305
27.56
27.82
28.07
28.315
28.575
28.825
29.085
29.35
29.615
29.875
