0.265
0.435
0.505
0.525
0.845
0.98
1.215
1.455
1.915
2.16
2.405
2.655
2.875
3.085
3.34
3.365
3.815
4.04
4.28
4.295
4.755
4.99
5.235
5.465
5.705
5.93
6.18
6.41
6.655
6.875
6.99
7.12
7.585
7.84
8.075
8.31
8.39
8.545
8.78
9.02
9.49
9.72
9.97
10.185
10.43
10.67
10.905
11.375
11.605
11.62
11.775
11.875
12.175
12.33
12.55
12.805
13.275
13.505
13.74
13.975
14.205
14.45
14.69
15.145
15.4
15.635
16.0
16.11
16.345
16.58
16.765
17.05
17.295
17.385
17.51
17.69
17.855
17.995
18.25
18.47
18.94
19.19
19.405
19.59
19.88
20.06
20.11
20.355
20.6
20.82
21.05
21.075
21.3
21.555
21.775
22.005
22.245
22.72
22.955
22.995
23.175
23.525
23.66
23.865
23.905
24.125
24.335
24.605
24.84
25.01
25.085
25.39
25.56
25.73
25.805
26.04
26.26
26.32
26.51
26.76
26.97
27.16
27.3
27.45
27.61
27.695
27.92
28.25
28.39
28.625
28.64
28.71
28.875
28.9
29.35
29.62
29.82
