0.175
0.975
1.09
1.44
1.54
1.67
1.95
2.27
2.475
2.705
2.965
3.17
3.965
4.055
4.125
4.42
4.64
5.265
5.75
6.23
6.99
7.23
7.495
7.74
7.765
8.275
8.765
9.275
9.76
9.795
10.055
10.275
10.54
10.755
11.3
11.53
11.785
12.065
12.265
12.31
12.36
12.525
12.575
12.785
13.135
13.375
13.615
13.865
14.555
14.645
14.84
15.135
15.335
15.91
16.16
16.415
16.6
16.625
16.935
17.44
17.555
17.64
17.93
18.47
19.085
19.51
19.73
20.05
20.615
20.885
21.105
21.145
21.695
22.12
22.485
22.73
23.01
23.255
23.825
24.35
24.765
24.86
25.4
25.66
25.895
26.18
26.405
26.43
26.945
27.475
27.995
28.045
28.545
28.82
29.06
29.31
29.545
29.985
