0.15
0.565
0.625
0.96
1.165
1.53
1.655
1.865
1.94
1.97
2.225
2.315
2.625
2.86
2.93
3.39
3.61
3.71
3.885
4.05
4.265
4.38
4.57
4.69
4.925
5.335
5.57
6.065
6.395
6.585
6.725
7.03
7.095
7.315
7.415
7.655
8.045
8.27
8.31
8.755
9.085
9.42
9.735
9.775
10.005
10.365
10.44
10.77
10.995
11.035
11.34
11.495
11.815
12.015
12.165
12.355
12.495
12.725
12.745
13.065
13.445
13.685
13.725
14.045
14.16
14.505
14.685
15.16
15.375
15.47
15.49
15.72
15.815
16.125
16.36
16.42
16.865
16.975
17.05
17.14
17.205
17.3
17.55
17.71
17.78
17.87
17.99
18.105
18.22
18.29
18.58
18.67
18.845
19.075
19.18
19.49
19.645
19.745
20.08
20.23
20.41
20.56
20.69
20.8
20.945
21.2
21.28
21.335
21.435
21.505
21.72
21.96
22.005
22.345
22.66
22.905
22.96
23.245
23.34
23.42
23.625
24.045
24.265
24.34
24.605
24.64
24.81
24.99
25.14
25.27
25.34
25.41
25.755
25.995
26.07
26.095
26.335
26.67
26.84
27.04
27.12
27.365
27.715
27.855
28.205
28.415
28.485
28.76
28.98
29.08
29.405
29.745
