0.425
1.31
1.555
1.76
1.945
2.24
2.7
3.095
3.125
3.615
3.99
4.5
4.735
4.9
5.365
5.59
5.79
5.83
6.03
6.275
6.505
6.685
6.79
6.94
7.29
7.565
7.865
7.89
8.065
8.46
8.695
8.725
8.92
9.14
9.35
10.245
10.3
10.74
10.93
11.15
11.45
11.525
11.795
12.025
12.295
12.505
12.72
12.9
12.945
13.815
14.07
14.28
14.68
14.705
15.165
15.52
15.58
16.055
16.17
16.47
17.115
17.21
17.375
18.21
18.665
19.1
19.125
19.345
19.565
19.81
19.985
20.885
21.19
21.355
21.46
21.66
21.79
22.24
22.67
22.925
23.09
23.12
23.545
23.83
24.0
24.465
24.885
25.15
25.205
25.395
26.285
26.3
26.74
27.195
28.135
29.0
29.035
29.43
