0.04
0.135
0.205
0.32
0.69
0.72
0.92
0.995
1.015
1.12
1.31
1.515
1.715
1.81
1.91
2.285
2.32
2.515
2.705
2.925
3.1
3.31
3.415
3.495
3.915
3.94
4.11
4.295
4.515
4.61
4.63
4.71
4.795
4.915
5.08
5.315
5.505
5.705
5.905
6.145
6.305
6.505
6.6
6.7
7.105
7.3
7.36
7.5
7.71
7.895
8.095
8.295
8.505
8.695
8.79
8.875
9.09
9.295
9.495
9.61
9.69
9.805
9.895
10.29
10.485
10.685
10.9
11.085
11.28
11.48
11.685
11.88
12.08
12.28
12.49
12.535
12.635
12.68
12.88
12.975
13.075
13.285
13.395
13.485
13.67
13.875
14.085
14.27
14.47
14.585
14.67
14.88
15.085
15.225
15.29
15.485
15.675
15.865
16.065
16.225
16.29
16.48
16.665
16.865
17.065
17.27
17.465
17.66
17.86
18.075
18.255
18.455
18.665
18.865
19.055
19.24
19.455
19.655
19.875
20.03
20.245
20.445
20.665
20.82
20.97
21.035
21.26
21.305
21.45
21.49
21.645
21.68
21.85
22.03
22.08
22.245
22.45
22.565
22.655
23.045
23.245
23.44
23.65
23.84
24.04
24.24
24.445
24.635
24.835
25.035
25.24
25.435
25.635
25.75
25.835
26.035
26.235
26.435
26.5
26.63
26.845
27.03
27.235
27.43
27.635
27.83
27.855
28.005
28.15
28.24
28.63
28.885
29.03
29.17
29.34
29.43
29.63
29.825
