0.11
0.31
0.61
0.735
0.915
0.99
1.12
1.33
1.505
1.55
1.745
1.92
3.61
4.405
5.25
6.025
6.425
6.445
6.665
6.85
7.29
7.665
8.02
8.125
9.275
9.67
9.895
10.11
10.92
11.57
11.735
12.555
13.175
13.36
13.825
14.015
14.23
14.43
14.515
14.615
14.795
14.99
15.645
15.78
16.425
16.605
17.41
17.86
18.05
18.235
19.045
19.475
19.69
19.885
20.29
20.305
20.69
20.725
21.12
21.525
22.32
22.97
23.15
23.98
24.39
24.595
24.785
25.59
25.895
26.215
26.26
26.405
26.605
26.805
27.01
27.2
27.405
27.605
27.81
28.015
28.835
29.465
29.665
