0.25
0.505
0.76
0.78
1.015
1.28
1.535
1.81
2.06
2.31
2.335
2.575
2.84
3.095
3.37
3.615
3.885
4.035
4.12
4.38
4.63
4.9
5.16
5.4
5.66
5.92
6.145
6.43
6.695
6.935
7.205
7.46
7.695
7.71
7.965
8.215
8.47
8.725
8.98
9.23
9.25
9.42
9.485
9.76
10.02
10.225
10.29
10.54
10.79
11.05
11.3
11.56
11.82
12.075
12.335
12.59
12.865
13.105
13.36
13.615
13.87
14.125
14.345
14.39
14.65
14.9
15.15
15.405
15.655
15.905
16.155
16.41
16.665
16.79
16.9
17.175
17.435
17.7
17.945
18.185
18.455
18.695
18.965
19.22
19.475
19.64
19.73
19.99
20.24
20.495
20.75
21.0
21.25
21.525
21.765
22.01
22.28
22.535
22.785
23.03
23.21
23.3
23.41
23.545
23.8
24.065
24.305
24.565
24.82
25.075
25.325
25.565
25.84
26.045
26.08
26.345
26.595
26.86
27.125
27.365
27.625
27.885
28.135
28.39
28.64
28.775
28.89
29.0
29.14
29.385
29.615
29.65
29.915
29.985
