0.175
0.415
0.66
0.935
1.165
1.385
1.415
1.655
2.055
2.15
2.29
2.4
2.425
2.645
2.885
2.935
3.045
3.135
3.355
3.4
3.63
3.68
4.125
4.265
4.37
4.615
4.915
4.98
5.11
5.39
5.605
5.755
5.96
6.105
6.34
6.59
6.875
7.08
7.3
7.365
7.585
7.715
7.81
8.085
8.32
8.565
8.825
8.93
9.055
9.2
9.315
9.37
9.48
9.56
9.815
9.935
10.06
10.295
10.415
10.55
10.605
10.795
10.84
10.95
11.045
11.31
11.535
11.665
11.81
12.02
12.17
12.275
12.52
12.79
12.88
13.025
13.27
13.51
13.885
13.91
14.01
14.25
14.285
14.505
14.74
14.795
14.9
14.995
15.265
15.485
15.62
15.735
15.985
16.225
16.465
16.73
16.965
17.12
17.195
17.46
17.595
17.705
17.83
17.935
18.2
18.455
18.575
18.695
18.74
18.85
18.935
19.17
19.2
19.435
19.71
19.735
19.935
20.18
20.425
20.695
20.925
21.18
21.42
21.79
21.915
22.16
22.41
22.655
22.9
23.125
23.16
23.395
23.53
23.675
23.89
24.03
24.13
24.375
24.645
24.745
24.875
25.03
25.11
25.37
25.505
25.62
25.845
26.115
26.36
26.605
26.655
26.76
26.835
27.12
27.345
27.62
27.84
28.085
28.325
28.695
28.825
29.06
29.075
29.325
29.8
29.825
