0.065
0.37
0.675
0.705
0.865
0.985
1.31
1.615
1.79
1.935
1.98
2.1
2.42
2.54
2.84
3.07
3.15
3.34
3.46
3.78
4.09
4.405
4.565
4.72
4.905
5.02
5.055
5.32
5.535
5.63
5.955
6.17
6.27
6.465
6.585
6.905
7.22
7.525
7.83
8.03
8.145
8.455
8.76
9.075
9.39
9.545
9.69
9.985
10.31
10.625
10.925
11.255
11.555
11.87
12.18
12.48
12.785
13.1
13.415
13.73
14.02
14.325
14.625
14.645
14.935
14.955
15.235
15.525
15.575
15.87
16.165
16.465
16.775
16.96
17.09
17.385
17.41
17.685
17.995
18.315
18.61
18.64
18.92
19.21
19.275
19.52
19.82
20.13
20.45
20.58
20.75
21.05
21.355
21.67
21.91
21.995
22.295
22.59
22.75
22.895
23.21
23.525
23.82
24.13
24.44
24.475
24.63
24.74
24.765
25.05
25.355
25.53
25.69
25.975
25.995
26.28
26.585
26.905
27.205
27.51
27.82
28.13
28.42
28.715
29.04
29.225
29.355
29.635
29.945
