0.24
0.47
0.6
0.675
1.115
1.38
1.815
2.035
2.255
2.485
2.77
3.405
3.795
4.025
4.26
4.475
4.715
4.885
4.93
5.15
5.59
5.79
6.02
6.255
6.44
6.49
6.71
6.945
7.13
7.365
7.575
7.81
8.025
8.225
8.255
8.47
8.695
8.905
9.125
9.34
9.545
9.755
9.9
9.98
10.205
10.425
10.635
10.86
11.085
11.29
11.32
11.51
11.74
11.98
12.205
12.425
12.62
12.855
13.085
13.3
13.38
13.525
13.745
13.965
14.17
14.4
14.625
14.82
14.835
15.045
15.115
15.285
15.51
15.73
15.915
16.16
16.38
16.565
16.62
16.83
17.05
17.265
17.5
17.81
17.945
18.39
18.84
19.07
19.295
19.505
19.735
20.175
20.39
20.615
21.06
21.28
21.825
21.945
22.345
23.255
23.46
23.585
23.67
23.79
23.885
24.01
24.085
24.31
24.375
24.54
24.635
24.73
24.795
25.165
25.385
25.58
25.735
25.8
26.005
26.225
26.49
26.9
27.125
27.34
27.545
27.77
27.995
28.19
28.405
28.62
28.84
28.94
29.04
29.25
29.475
29.67
29.895
