0.305
0.58
0.83
0.955
1.07
1.6
1.615
1.975
2.11
2.245
2.35
2.615
2.88
3.13
3.3
3.375
3.64
4.01
4.135
4.39
4.64
4.795
5.145
5.4
5.65
6.015
6.15
6.38
6.645
6.765
6.9
7.15
7.43
7.645
8.02
8.15
8.395
8.67
8.895
9.165
9.695
9.915
10.05
10.075
10.165
10.215
10.43
10.61
10.675
11.06
11.175
11.445
11.685
11.97
12.055
12.175
12.425
12.69
13.195
13.445
13.7
13.935
14.08
14.22
14.455
14.72
14.835
14.96
15.2
15.45
15.475
15.69
16.06
16.21
16.445
16.71
16.96
17.1
17.21
17.74
18.075
18.23
18.465
18.495
18.765
18.995
19.13
19.25
19.51
19.545
19.78
20.135
20.26
20.515
20.78
21.045
21.29
21.505
21.785
22.19
22.305
22.54
22.805
23.03
23.285
23.53
23.795
24.55
25.075
25.195
25.33
25.6
25.825
26.175
26.325
26.485
26.57
26.835
27.19
27.315
27.575
27.82
27.935
28.185
28.325
28.575
28.845
