0.365
0.715
0.955
1.01
1.245
1.32
1.35
1.42
1.565
1.81
1.88
2.14
2.495
2.66
2.805
2.97
3.12
3.165
3.28
3.445
3.75
4.08
4.23
4.43
4.705
4.86
5.04
5.355
5.515
5.62
5.7
5.815
5.985
6.16
6.28
6.435
6.58
6.87
7.09
7.18
7.345
7.52
7.675
7.82
8.335
8.45
8.745
8.775
8.965
9.085
9.355
9.835
10.0
10.165
10.34
10.825
11.11
11.24
11.395
11.56
11.855
11.885
12.335
12.49
12.65
12.78
13.3
13.465
13.595
13.75
14.12
14.16
14.435
14.685
14.905
15.07
15.105
15.24
15.39
15.58
15.73
15.96
16.025
16.22
16.29
16.355
16.525
16.67
16.685
16.985
17.155
17.305
17.41
17.45
17.6
17.905
18.085
18.23
18.47
18.53
18.825
19.045
19.3
19.45
19.625
19.77
19.925
20.065
20.29
20.375
20.525
20.675
20.83
20.99
21.135
21.28
21.51
21.57
21.59
21.76
21.905
22.075
22.22
22.33
22.37
22.525
22.675
22.835
22.985
23.145
23.22
23.325
23.365
23.445
23.605
23.665
23.75
24.075
24.38
24.655
24.68
24.71
24.99
25.305
25.62
25.9
26.135
26.24
26.475
26.71
26.845
27.04
27.075
27.23
27.49
27.79
27.965
28.145
28.26
28.35
28.42
28.44
28.515
28.61
28.715
28.885
28.97
29.18
29.24
29.35
29.665
29.975
