0.375
0.91
0.97
1.305
1.48
2.025
2.355
2.545
2.89
3.075
3.59
3.975
4.125
4.665
4.995
5.19
5.245
5.465
5.735
6.09
6.26
6.79
7.1
7.31
7.82
8.135
8.195
8.345
8.895
9.22
9.25
9.445
9.755
9.95
10.35
10.475
10.55
11.005
11.53
11.57
11.97
11.995
12.08
12.36
12.605
13.15
13.67
13.985
14.18
14.395
14.705
15.25
15.585
15.76
16.125
16.275
16.47
16.59
16.8
17.345
17.69
17.87
18.395
18.735
18.925
19.44
19.75
19.985
20.305
20.515
20.855
20.935
21.05
21.595
22.14
22.705
23.235
23.57
23.77
24.3
24.8
25.35
25.395
25.775
25.91
26.46
26.485
26.82
27.005
27.545
27.88
28.08
28.425
28.6
29.15
29.675
