0.345
0.65
0.78
0.925
1.155
1.225
1.435
1.485
1.74
1.78
1.91
1.97
2.205
2.625
2.895
3.185
3.49
3.755
4.04
4.19
4.49
4.885
5.185
5.75
5.785
6.075
6.535
6.945
7.255
7.305
7.56
7.815
7.86
8.1
8.275
8.305
8.335
8.55
8.57
8.795
8.835
8.945
9.1
9.215
9.495
9.785
10.075
10.365
10.52
10.565
10.81
11.055
11.085
11.195
11.345
11.47
11.755
12.045
12.295
12.585
12.76
13.045
13.29
13.32
13.425
13.585
13.7
13.97
14.24
14.27
14.825
15.16
15.625
15.75
16.035
16.315
16.35
16.63
16.935
17.225
17.395
17.445
17.7
17.72
17.935
17.98
18.35
18.37
18.63
18.95
19.23
19.535
19.7
19.995
20.025
20.245
20.275
20.555
20.645
20.925
20.945
21.225
21.535
21.82
21.98
22.02
22.28
22.525
22.68
22.845
22.945
23.225
23.525
24.08
24.1
24.415
24.895
25.315
25.615
25.915
26.06
26.16
26.475
26.73
26.92
27.15
27.21
27.315
27.455
27.585
27.89
27.92
28.18
28.345
28.43
28.465
28.73
28.99
29.175
29.21
29.425
29.47
29.585
29.725
29.85
