0.135
0.31
0.395
0.56
0.67
0.825
0.92
1.195
1.39
1.46
1.61
1.73
1.865
1.98
2.245
2.42
2.51
2.69
2.79
3.075
3.33
3.61
3.76
3.89
4.01
4.145
4.42
4.575
4.67
4.96
5.115
5.21
5.485
5.665
5.735
5.89
6.02
6.17
6.285
6.445
6.55
6.835
6.97
7.1
7.375
7.645
7.915
8.07
8.175
8.33
8.435
8.7
8.965
9.0
9.125
9.225
9.385
9.485
9.76
10.03
10.175
10.295
10.445
10.55
10.7
10.81
11.105
11.25
11.36
11.525
11.62
11.91
12.175
12.33
12.455
12.59
12.705
12.975
13.235
13.39
13.495
13.66
13.755
14.025
14.3
14.45
14.575
14.72
14.82
14.995
15.09
15.355
15.49
15.63
15.91
16.175
16.44
16.6
16.705
16.86
16.965
17.23
17.505
17.76
17.92
18.02
18.29
18.555
18.7
18.82
18.965
19.07
19.215
19.335
19.61
19.765
19.805
19.88
20.075
20.16
20.43
20.715
20.945
21.105
21.22
21.48
21.745
21.9
22.025
22.17
22.265
22.54
22.8
22.955
23.06
23.08
23.225
23.33
23.595
23.79
23.865
24.03
24.15
24.265
24.42
24.53
24.69
24.91
25.105
25.235
25.35
25.745
26.015
26.16
26.27
26.43
26.535
26.655
26.815
26.965
27.08
27.22
27.345
27.5
27.6
27.865
28.125
28.395
28.6
28.695
28.955
29.235
29.38
29.5
29.64
