0.25
0.375
0.595
0.695
0.775
1.105
1.485
1.695
1.835
2.035
2.055
2.385
2.535
2.755
3.105
3.26
3.505
3.615
3.97
4.33
4.515
4.66
4.87
5.22
5.36
5.58
5.745
5.955
6.09
6.46
6.825
7.17
7.25
7.54
7.725
8.065
8.15
8.25
8.42
8.945
9.255
9.65
10.015
10.21
10.365
10.555
10.91
11.065
11.27
11.43
11.785
11.985
12.145
12.485
12.52
12.855
12.9
13.065
13.21
13.44
13.77
13.93
13.965
14.13
14.495
14.66
14.855
15.015
15.35
15.385
15.74
15.96
16.065
16.27
16.62
16.79
17.15
17.335
17.475
17.675
17.825
18.19
18.59
18.635
18.905
19.12
19.48
19.635
19.985
20.32
20.35
20.725
21.055
21.415
21.76
21.965
22.125
22.305
22.475
23.025
23.165
23.54
23.72
23.88
23.905
24.085
24.25
24.6
24.78
24.955
25.305
25.49
25.695
25.835
25.995
26.29
26.345
26.535
26.71
27.05
27.4
27.59
27.62
27.75
28.1
28.29
28.64
28.8
29.0
29.51
