0.195
0.315
0.4
1.8
2.24
2.53
3.86
4.025
4.21
4.365
4.805
5.385
5.445
5.765
5.915
6.31
6.42
7.42
7.5
8.345
8.4
8.54
8.715
8.945
9.115
9.37
9.69
10.035
10.29
10.47
10.745
11.35
11.97
12.62
12.77
12.88
12.99
13.115
13.16
13.325
13.405
13.465
14.48
14.525
14.695
14.9
14.96
15.085
15.255
15.295
16.125
16.265
17.25
17.285
17.335
17.46
17.53
17.76
18.06
18.945
19.11
19.175
19.37
19.465
19.565
19.725
19.945
20.505
21.285
21.45
21.705
21.78
21.965
22.11
22.265
22.51
23.07
23.435
23.525
23.805
23.89
23.985
24.18
24.44
24.54
25.26
25.565
26.385
26.51
26.73
27.03
27.17
27.715
28.165
28.455
28.885
29.075
29.18
29.505
