0.34
0.57
0.76
0.79
0.805
0.99
1.2
1.42
1.655
1.84
2.055
2.26
2.285
2.48
2.925
3.15
3.37
3.645
3.775
4.0
4.02
4.21
4.245
4.26
4.485
4.68
4.855
4.91
5.095
5.13
5.355
5.54
5.775
5.98
6.44
6.49
6.655
6.865
7.065
7.295
7.45
7.51
7.71
7.975
8.155
8.38
8.59
8.785
8.815
9.03
9.24
9.485
9.735
9.88
10.105
10.325
10.555
10.785
10.99
11.21
11.44
11.65
11.835
12.065
12.5
12.71
12.925
13.16
13.21
13.345
13.575
13.79
14.06
14.22
14.45
14.62
14.67
14.88
15.04
15.115
15.32
15.435
15.54
15.755
15.985
16.195
16.42
16.72
16.875
17.035
17.14
17.295
17.33
17.77
17.97
18.205
18.43
18.645
18.855
19.075
19.53
19.7
19.74
19.975
20.225
20.425
20.6
20.635
20.84
20.87
21.11
21.305
21.515
21.73
21.965
22.185
22.4
22.615
22.875
23.065
23.285
23.405
23.51
23.875
23.95
24.155
24.19
24.29
24.385
24.785
24.825
25.04
25.065
25.265
25.495
25.69
25.905
25.935
26.14
26.39
26.485
26.58
26.795
27.01
27.225
27.43
27.64
27.87
27.925
28.09
28.29
28.52
28.95
29.155
29.29
