0.58
0.96
1.34
1.97
2.16
2.18
2.58
3.005
3.435
3.7
3.925
4.35
4.79
5.615
5.85
6.015
6.06
6.32
6.485
6.815
7.025
7.455
7.65
7.835
8.07
8.905
9.14
9.345
9.775
9.98
10.41
10.645
10.845
11.07
11.505
12.795
13.235
13.475
13.515
13.75
13.97
14.27
14.535
14.78
15.015
15.345
15.855
16.29
16.495
16.695
17.135
17.15
17.4
17.615
18.03
18.245
18.455
19.33
19.56
19.77
19.94
20.02
20.24
20.845
21.085
21.41
21.625
21.67
21.855
21.955
23.26
23.72
23.94
24.165
24.39
24.61
24.855
25.04
25.485
26.335
26.385
26.765
26.8
26.975
27.2
27.32
27.62
27.875
28.075
28.53
28.91
29.01
29.325
29.385
