0.12
0.28
0.505
0.73
1.17
1.305
1.5
1.61
1.815
2.275
2.485
2.925
3.005
3.365
3.65
3.815
3.865
4.04
4.26
4.725
5.055
5.155
5.385
5.85
6.055
6.285
6.475
6.7
7.165
7.38
7.575
7.815
8.025
8.23
8.47
8.69
8.905
9.195
9.39
9.595
9.82
10.05
10.28
10.5
10.685
10.72
10.94
11.165
11.375
11.6
11.845
12.055
12.28
12.49
12.53
12.72
12.96
13.165
13.395
13.855
14.07
14.29
14.525
14.755
14.965
15.19
15.42
15.635
15.655
15.86
16.075
16.115
16.21
16.31
16.545
16.75
16.98
17.23
17.445
17.65
17.88
18.005
18.095
18.33
18.545
18.77
19.005
19.235
19.455
19.675
19.71
19.81
19.91
20.135
20.355
20.565
20.815
21.025
21.255
21.47
21.595
21.7
21.925
22.145
22.37
22.705
22.785
23.05
23.165
23.245
23.505
23.72
23.935
24.155
24.475
24.6
24.815
25.06
25.165
25.26
25.48
25.71
25.93
26.13
26.3
26.385
26.605
26.725
26.825
27.055
27.265
27.495
27.725
28.165
28.385
28.615
28.84
29.08
29.285
29.51
29.73
29.895
29.975
