0.15
0.2
0.395
0.58
0.795
0.975
1.17
1.405
1.785
1.96
1.975
2.18
2.39
2.57
2.77
2.985
3.185
3.38
3.55
3.775
3.98
4.175
4.375
4.555
4.58
4.775
4.965
5.175
5.36
5.565
5.75
5.955
6.46
6.57
6.96
7.165
7.36
7.56
7.78
7.955
8.155
8.355
8.56
8.76
8.98
9.15
9.35
9.545
9.74
9.93
10.13
10.35
10.455
10.55
10.735
10.945
11.14
11.335
11.54
11.725
11.935
12.12
12.335
12.555
12.81
12.93
13.16
13.325
13.35
13.55
13.74
13.945
14.165
14.355
14.55
14.73
14.76
14.945
15.14
15.34
15.54
15.765
15.985
16.13
16.335
16.535
16.73
16.77
16.925
17.125
17.345
17.48
17.715
17.94
18.1
18.13
18.33
18.52
18.55
18.725
18.935
19.125
19.15
19.305
19.34
19.5
19.545
19.615
19.74
19.935
20.135
20.155
20.32
20.565
20.735
20.915
20.95
21.125
21.315
21.52
21.725
21.925
22.14
22.355
22.535
22.56
22.735
22.93
23.14
23.32
23.52
23.76
23.935
24.09
24.12
24.355
24.53
24.75
24.925
25.145
25.35
25.53
25.72
25.745
25.92
25.955
26.145
26.345
26.54
26.56
26.575
26.74
26.95
27.165
27.34
27.36
27.555
27.745
27.945
28.15
28.345
28.575
28.77
28.96
29.17
29.355
29.57
29.96
