0.255
0.52
0.775
1.025
1.315
1.845
2.115
2.39
2.645
2.915
3.175
3.455
3.985
4.265
4.525
4.775
5.36
5.91
6.17
8.105
8.18
8.435
10.97
11.17
11.33
11.42
11.625
11.805
12.0
12.11
12.215
12.41
12.825
13.1
13.29
13.46
13.505
13.695
13.925
14.01
14.13
14.235
14.34
14.54
14.64
14.88
14.96
15.26
15.57
15.885
16.055
16.52
16.845
17.16
17.295
17.355
17.64
17.72
17.785
17.955
18.115
18.43
18.595
18.9
19.06
19.095
19.375
19.52
19.695
19.79
19.955
20.0
20.13
20.305
20.61
20.75
20.925
21.035
21.23
21.375
21.545
21.645
21.855
21.99
22.08
22.165
22.405
22.465
22.525
22.605
22.695
22.77
23.07
23.13
23.215
23.38
23.685
23.835
24.01
24.065
24.3
24.445
24.55
24.62
24.785
24.925
25.065
25.245
25.39
25.52
25.69
25.855
26.01
26.165
26.25
26.32
26.49
26.595
26.785
26.935
27.145
27.325
27.4
27.535
27.705
27.915
27.995
28.15
28.47
28.665
28.785
28.945
29.07
29.28
29.34
29.575
29.715
29.735
