0.235
0.405
0.63
0.69
0.95
1.075
1.34
1.63
1.88
2.055
2.175
2.355
2.42
2.69
2.825
2.885
2.945
3.13
3.215
3.47
3.5
3.765
4.0
4.28
4.535
4.81
5.115
5.365
5.63
5.895
6.065
6.16
6.35
6.41
6.685
6.95
7.215
7.255
7.47
7.755
8.005
8.265
8.29
8.43
8.53
8.74
8.81
9.065
9.115
9.325
9.585
9.835
9.985
10.19
10.255
10.63
10.905
11.13
11.305
11.42
11.54
11.68
11.945
12.61
12.695
12.96
13.215
13.27
13.74
13.775
14.01
14.14
14.265
14.535
14.65
14.785
15.055
15.315
15.76
15.85
16.11
16.15
16.165
16.365
16.52
16.795
16.885
17.165
17.19
17.42
17.59
17.955
18.215
18.245
18.445
18.59
19.005
19.275
19.475
19.54
20.085
20.355
20.375
20.56
20.745
21.115
21.385
21.655
22.025
22.055
22.155
22.32
22.555
22.81
23.1
23.14
23.385
23.66
23.925
24.04
24.17
24.32
24.565
24.825
24.865
24.995
25.13
25.22
25.415
25.7
25.715
26.065
26.11
26.215
26.365
26.605
26.875
27.17
27.21
27.445
27.47
27.75
28.12
28.15
28.26
28.4
28.66
28.935
29.24
29.525
