0.125
0.34
0.92
1.23
1.52
1.79
2.105
2.4
2.69
3.265
3.565
3.855
4.13
4.24
4.425
4.705
4.935
5.02
5.22
5.6
5.895
6.205
6.65
6.755
7.055
7.355
7.625
8.225
8.525
8.995
9.105
9.26
9.405
9.685
9.985
10.255
10.87
11.3
11.44
11.695
11.73
11.925
12.02
12.275
12.305
12.9
13.185
13.475
13.645
14.03
14.06
14.32
14.62
14.9
15.17
15.485
15.75
15.775
16.06
16.375
16.665
16.93
17.245
17.515
17.83
18.41
18.72
19.005
19.265
19.55
19.575
19.87
20.18
20.445
20.72
20.745
21.035
21.32
21.34
21.905
22.19
22.495
22.785
23.42
23.69
24.05
24.305
25.195
25.765
25.81
26.085
26.365
26.67
27.235
27.55
28.15
28.445
28.73
29.025
29.335
29.625
29.925
