0.085
0.335
0.465
0.725
0.84
1.09
1.2
1.435
1.54
1.8
1.93
2.135
2.295
2.67
3.075
3.385
3.465
3.745
3.835
4.235
4.47
4.605
4.86
4.99
5.225
5.35
5.615
5.745
6.0
6.11
6.385
6.495
6.68
6.695
6.855
7.135
7.265
7.47
7.635
7.89
8.255
8.4
8.795
9.06
9.17
9.39
9.555
9.775
9.92
10.29
10.56
11.065
11.455
11.66
11.73
11.835
12.075
12.615
13.0
13.02
13.29
13.38
13.615
13.655
14.165
14.575
14.845
14.945
15.17
15.195
15.695
16.0
16.08
16.365
16.47
16.755
16.84
17.235
17.615
17.98
18.37
18.74
19.015
19.105
19.525
19.82
19.93
20.295
20.325
20.595
20.69
21.09
21.345
21.465
21.72
21.84
22.105
22.205
22.61
22.91
22.98
23.355
23.63
23.745
24.13
24.4
24.495
24.775
24.885
25.15
25.26
25.66
26.01
26.025
26.33
26.43
26.705
26.805
27.205
27.455
27.57
27.795
27.955
28.23
28.33
28.725
29.105
29.475
29.76
29.865
