0.38
0.68
1.0
1.055
1.315
1.63
1.94
2.255
2.56
2.88
3.19
3.505
3.755
3.815
4.13
4.435
4.75
4.81
5.065
5.385
5.67
6.0
6.175
6.305
6.645
6.705
6.94
7.25
7.31
7.49
7.565
7.805
7.89
8.19
8.52
8.82
9.135
9.44
9.755
9.825
10.06
10.38
10.48
10.695
10.75
11.005
11.325
11.63
11.935
12.255
12.57
12.88
13.07
13.195
13.465
13.665
13.69
13.815
14.135
14.315
14.445
14.76
15.065
15.385
15.69
15.9
16.01
16.325
16.635
16.945
17.19
17.255
17.565
17.885
18.195
18.51
18.74
18.82
19.135
19.44
19.755
20.07
20.38
20.695
21.01
21.32
21.445
21.625
21.95
22.265
22.42
22.57
22.885
22.94
23.195
23.51
23.585
23.825
24.135
24.45
24.73
24.835
25.07
25.385
25.455
25.52
25.7
26.015
26.2
26.325
26.55
26.64
26.705
26.945
27.265
27.33
27.575
27.89
28.195
28.26
28.51
28.565
28.82
28.985
29.14
29.295
29.455
29.775
