0.29
0.31
0.525
0.71
1.015
1.085
1.32
1.435
1.51
1.7
1.795
2.0
2.385
2.46
2.575
2.705
3.085
3.52
3.72
3.925
4.13
4.31
4.34
4.53
4.725
4.935
5.36
5.58
5.95
6.37
6.795
6.975
7.18
7.575
8.025
8.19
8.415
8.81
8.995
9.195
9.64
9.855
10.035
10.235
10.445
10.845
11.055
11.24
11.47
11.885
12.08
12.27
12.47
12.895
12.91
13.29
13.49
13.7
14.075
14.53
14.925
15.32
15.7
16.32
16.705
16.905
17.3
17.705
17.915
17.945
18.11
18.31
18.505
18.69
18.9
19.29
19.49
19.705
19.895
20.1
20.285
20.495
20.885
21.07
21.46
21.67
22.06
22.465
22.675
23.045
23.25
23.43
23.645
23.71
24.05
24.47
24.685
24.855
25.04
25.15
25.55
25.645
25.835
26.145
26.225
26.285
26.43
26.66
26.83
27.23
27.355
27.615
27.7
27.805
28.015
28.145
28.31
28.385
28.86
29.06
29.475
29.68
