0.1
0.28
0.45
0.625
0.805
0.98
1.325
1.475
1.51
1.835
2.0
2.195
2.545
2.72
2.895
3.075
3.225
3.385
3.575
3.92
4.08
4.26
4.43
4.6
4.76
4.845
4.945
5.285
5.455
5.63
5.785
5.815
5.95
6.12
6.3
6.515
6.63
6.83
6.98
7.025
7.365
7.72
8.235
8.39
8.59
8.74
8.755
8.905
9.09
9.345
9.42
9.59
9.76
10.105
10.435
10.465
10.775
10.985
11.145
14.27
14.63
14.815
15.14
15.33
15.49
15.645
15.825
15.985
16.165
16.335
16.505
16.685
16.945
17.08
17.37
17.725
17.87
18.24
18.38
18.545
18.73
19.095
19.245
19.44
19.615
19.765
19.97
20.125
20.41
20.47
20.655
21.0
21.175
21.35
21.505
21.855
22.02
22.185
22.375
22.51
22.89
23.255
23.355
23.415
23.57
23.785
23.945
24.21
24.275
24.61
24.775
24.935
24.975
25.14
25.205
25.28
25.44
25.515
25.645
25.99
26.155
26.345
26.515
26.68
26.845
27.025
27.355
27.53
27.685
27.88
28.035
28.22
28.395
28.74
28.92
29.095
29.27
29.445
29.63
29.79
29.81
29.98
