0.09
0.145
0.37
0.605
1.075
1.56
1.8
2.015
2.265
2.49
2.735
2.96
3.16
3.21
3.455
3.595
3.91
4.125
4.375
4.81
4.845
5.33
5.785
5.895
6.035
6.21
6.29
6.77
6.965
7.25
7.64
7.71
7.935
8.075
8.185
8.44
8.67
8.935
9.14
9.415
9.605
9.885
10.035
10.075
10.325
10.34
10.55
10.795
11.03
11.5
11.75
11.975
12.225
12.44
12.705
12.925
13.145
13.385
13.63
13.87
14.125
14.34
14.58
14.81
15.05
15.28
15.515
15.745
15.98
16.235
16.455
16.58
16.725
16.98
17.195
17.44
17.685
18.15
18.395
18.635
18.84
18.88
19.11
19.365
19.59
19.78
19.825
20.06
20.3
20.545
21.015
21.255
21.505
21.76
21.98
22.22
22.455
22.72
22.925
23.16
23.4
23.88
24.09
24.345
24.615
24.815
25.055
25.28
25.56
25.76
26.0
26.24
26.465
26.48
26.7
26.92
27.185
27.37
27.415
27.645
27.895
28.13
28.355
28.6
28.83
