0.065
0.175
0.445
0.535
0.635
0.815
1.015
1.16
1.355
1.515
1.83
1.88
2.075
2.21
2.29
2.47
2.675
2.935
3.045
3.415
3.63
3.76
4.005
4.14
4.17
4.385
4.5
4.72
4.87
5.08
5.215
5.445
5.59
5.62
5.79
5.955
6.165
6.315
6.5
6.675
6.865
7.03
7.23
7.38
7.575
7.735
7.935
8.09
8.305
8.445
8.655
8.8
9.0
9.075
9.145
9.375
9.51
9.745
9.875
10.105
10.24
10.255
10.47
10.61
10.815
10.935
10.955
11.185
11.32
11.545
11.69
11.885
12.04
12.26
12.39
12.62
12.775
12.99
13.135
13.35
13.495
13.695
13.845
14.07
14.195
14.435
14.565
14.78
14.92
15.165
15.275
15.495
15.63
15.87
15.99
16.035
16.21
16.355
16.55
16.715
16.75
16.925
17.04
17.07
17.29
17.425
17.645
17.785
17.965
18.145
18.35
18.5
18.705
18.745
18.85
19.2
19.395
19.55
19.75
19.9
20.135
20.26
20.295
20.465
20.625
20.805
20.975
21.18
21.32
21.53
21.68
21.885
22.03
22.24
22.385
22.61
22.665
22.765
22.945
23.1
23.31
23.445
23.73
23.77
24.21
24.36
24.48
24.715
24.865
25.07
25.11
25.205
25.465
25.57
25.78
25.825
25.92
26.135
26.17
26.28
26.525
26.635
26.88
26.985
27.195
27.605
27.69
27.705
27.97
28.07
28.295
28.655
28.74
28.96
29.09
29.335
29.43
29.7
29.81
29.98
