0.13
0.31
0.41
0.65
0.905
1.19
1.645
1.75
2.735
2.76
3.08
3.235
3.525
3.77
3.845
4.155
4.24
4.71
5.45
5.715
5.795
6.375
6.42
6.715
7.205
7.295
8.345
8.92
9.395
9.495
9.905
10.46
10.55
10.66
10.955
11.14
11.29
11.52
11.595
12.15
12.35
12.72
12.9
13.28
13.47
13.81
14.025
14.065
14.435
14.625
15.21
15.29
15.56
15.62
15.815
15.98
16.305
16.385
16.655
16.885
17.225
17.38
17.54
17.815
18.01
18.24
18.31
18.82
18.85
19.04
19.07
19.65
20.01
20.58
21.775
21.8
21.975
22.13
22.21
22.56
22.745
22.83
22.87
23.2
23.715
24.065
24.415
24.645
25.015
25.28
25.675
25.695
25.91
25.975
26.345
27.285
27.885
28.495
28.72
28.92
29.31
29.39
29.495
29.695
29.745
