0.11
0.425
0.725
1.035
1.19
1.345
1.495
1.645
1.81
1.955
2.115
2.265
2.57
2.875
3.18
3.495
3.815
4.04
4.105
4.415
4.715
4.89
5.015
5.325
5.64
5.945
6.14
6.255
6.555
6.87
7.17
7.475
7.63
7.78
8.075
8.11
8.315
8.395
8.695
9.005
9.33
9.62
9.925
10.235
10.48
10.56
10.85
11.16
11.46
11.775
11.935
12.075
12.38
12.68
12.99
13.3
13.48
13.61
13.91
14.095
14.23
14.52
14.83
15.135
15.175
15.445
15.665
15.755
16.07
16.365
16.675
16.98
17.28
17.435
17.59
17.765
17.895
18.2
18.51
18.71
18.81
19.13
19.43
19.735
20.04
20.355
20.66
20.815
20.98
21.27
21.605
21.875
22.395
22.5
22.8
23.105
23.26
23.46
23.58
23.72
24.03
24.335
24.525
24.635
24.78
24.795
24.94
25.26
25.405
25.56
25.895
25.92
26.035
26.17
26.43
26.45
26.785
27.09
27.4
27.705
28.01
28.32
28.625
28.94
29.23
29.54
29.845
