0.075
0.25
0.375
0.575
0.9
0.995
1.185
1.645
1.805
1.96
2.12
2.315
2.575
2.63
2.805
3.13
3.555
3.745
3.88
4.235
4.395
4.525
4.81
4.87
5.16
5.355
5.49
5.655
5.675
6.03
6.115
6.31
6.79
6.94
7.115
7.44
7.73
7.76
7.945
8.05
8.07
8.27
8.57
8.695
8.88
8.945
9.035
9.335
9.495
9.665
9.985
10.31
10.485
10.625
10.815
10.935
11.13
11.265
11.6
11.925
12.28
12.405
12.57
12.87
12.905
13.06
13.215
13.39
13.745
13.845
14.045
14.105
14.5
14.84
15.025
15.185
15.475
15.69
15.77
15.845
16.175
16.43
16.775
16.81
17.145
17.445
17.48
17.795
18.095
18.88
19.005
19.15
19.34
19.515
19.625
19.8
19.955
20.12
20.265
20.425
20.575
20.625
20.75
20.895
20.925
21.065
21.22
21.255
21.365
21.525
21.7
21.85
22.02
22.165
22.33
22.455
22.62
22.66
22.785
22.92
23.085
23.24
23.41
23.6
23.735
23.9
24.035
24.215
24.365
24.535
24.675
24.855
24.98
25.01
25.165
25.305
25.475
25.625
25.79
25.93
26.105
26.25
26.415
26.55
26.74
26.885
27.055
27.185
27.365
27.52
27.675
27.81
27.985
28.14
28.295
28.435
28.775
28.85
28.93
29.05
29.235
29.37
29.39
29.56
29.665
29.865
