0.17
0.25
0.31
0.465
0.665
0.89
0.975
1.09
1.18
1.355
1.51
1.715
1.945
2.15
2.235
2.395
2.43
2.64
2.83
3.04
3.235
3.45
3.635
4.045
4.23
4.36
4.44
4.64
5.04
5.265
5.44
5.48
5.66
5.875
6.065
6.885
7.29
7.495
7.71
7.885
8.06
8.325
8.495
8.705
8.895
9.11
9.32
9.715
10.125
10.53
10.935
11.125
11.275
11.33
11.54
11.74
11.94
12.145
12.55
12.935
12.955
13.355
13.745
14.165
14.37
14.57
14.59
14.745
14.97
15.36
15.765
15.975
16.175
16.39
16.57
16.77
16.955
17.37
18.16
18.4
18.56
18.95
19.165
19.355
19.595
19.77
19.98
20.16
20.555
20.75
21.125
21.34
21.53
21.73
22.045
22.115
22.305
22.545
22.93
23.325
23.63
23.72
24.035
24.13
24.32
24.525
24.705
24.735
24.935
25.34
25.53
26.135
26.335
26.535
26.915
27.155
27.32
27.52
27.725
27.765
27.925
28.13
28.52
28.725
28.92
29.025
29.335
29.705
