0.08
0.485
0.995
1.465
2.47
2.795
3.13
3.64
3.8
4.13
4.3
4.63
4.95
4.965
5.15
5.33
5.46
5.63
5.805
5.99
6.295
6.47
6.795
7.115
7.475
8.13
8.48
9.12
10.16
10.455
10.475
10.715
10.81
11.13
12.125
12.52
12.62
12.825
13.14
13.475
13.82
14.325
14.46
14.8
15.285
15.465
15.795
16.13
16.48
17.13
17.46
17.955
18.15
18.455
18.495
18.815
18.975
19.145
19.615
20.135
20.665
20.8
21.14
21.465
21.79
22.305
22.645
22.795
23.285
23.46
23.785
24.005
24.125
24.315
24.445
24.685
24.79
24.965
25.115
25.32
25.455
25.62
26.12
26.455
26.82
27.14
27.4
27.61
28.12
28.135
28.645
28.77
29.12
29.46
