0.19
0.725
0.755
1.815
2.135
2.47
2.49
2.68
3.07
3.3
3.405
3.655
3.85
4.075
4.44
5.03
5.33
5.495
5.655
5.83
6.0
6.245
6.62
6.855
7.25
7.41
7.495
7.605
7.96
8.045
8.19
8.405
9.235
9.52
9.87
10.14
10.165
10.185
10.5
10.855
11.885
12.3
12.325
12.46
12.7
12.96
13.23
13.455
13.545
13.875
14.18
14.495
14.83
15.735
15.86
16.555
16.57
16.705
17.0
17.25
17.705
17.83
18.025
18.445
18.475
18.705
18.785
18.98
19.765
20.135
20.71
21.105
21.715
21.905
22.7
22.73
23.03
23.705
24.665
24.72
25.41
25.68
25.97
26.2
26.625
26.73
27.515
27.725
27.94
28.04
28.37
28.64
28.795
28.985
29.13
29.34
29.605
29.63
29.7
29.775
29.985
