0.78
1.17
1.505
1.875
2.585
2.865
3.225
3.6
3.75
4.345
4.705
5.05
5.395
5.77
6.1
6.46
6.82
7.195
7.685
7.93
8.035
8.135
8.335
8.47
8.515
8.59
8.8
8.875
9.17
9.35
9.46
9.685
9.855
9.9
10.165
10.365
10.47
10.805
11.0
11.165
11.275
11.465
11.55
11.825
12.13
12.16
12.295
12.4
12.57
12.765
12.785
13.145
13.275
13.455
13.675
13.735
13.935
14.015
14.14
14.445
14.74
14.955
15.55
15.905
16.27
16.62
16.985
17.015
17.36
17.725
17.755
18.09
18.555
18.67
18.83
18.985
19.23
19.43
19.55
19.925
20.225
20.65
20.905
21.145
21.235
21.36
21.63
21.715
22.17
22.29
22.38
22.555
22.695
23.075
23.27
23.355
23.69
24.025
24.4
24.75
24.775
25.135
25.48
25.685
25.835
26.185
26.555
26.93
27.23
27.3
27.66
27.75
27.785
28.01
28.475
28.55
28.86
29.015
29.325
