0.345
0.585
0.82
1.07
1.275
1.615
1.75
1.99
2.22
2.47
2.685
3.145
3.615
3.865
4.08
4.36
4.41
4.56
4.805
4.82
5.01
5.48
5.76
5.95
6.195
6.43
6.715
6.895
7.135
7.35
7.6
7.825
8.075
8.29
8.57
8.755
9.225
9.69
9.925
10.15
10.615
11.085
11.32
11.545
11.84
12.015
12.28
12.48
12.955
13.205
13.41
13.66
13.895
14.355
14.83
15.07
15.275
15.545
15.76
16.215
16.695
17.16
17.405
17.615
17.9
18.09
18.335
18.575
19.025
19.49
19.775
19.97
20.235
20.445
20.9
21.135
21.19
21.375
21.405
21.645
21.825
22.065
22.295
22.765
22.82
23.005
23.24
23.695
23.97
24.165
24.645
24.855
24.99
25.11
25.57
25.84
26.045
26.25
26.305
26.51
26.79
26.975
27.255
27.44
27.915
28.375
28.61
28.66
28.85
29.11
29.305
29.535
29.57
29.765
29.985
