0.26
0.875
1.15
1.23
1.5
1.795
1.86
2.12
2.44
2.635
2.735
3.03
3.355
3.525
3.63
3.93
4.26
4.555
4.885
5.175
5.48
5.8
6.11
6.4
7.03
7.36
7.64
7.96
8.255
8.56
8.85
9.095
9.485
9.805
10.075
10.38
10.69
11.005
11.3
11.525
11.905
12.195
12.475
12.52
12.765
13.065
13.36
13.665
13.715
13.98
14.08
14.25
14.835
15.15
15.435
16.04
16.32
16.51
16.63
16.91
17.2
17.525
17.805
18.17
18.39
18.69
18.99
19.28
19.32
19.565
19.835
19.895
20.165
20.74
21.035
21.245
21.335
21.625
21.92
22.23
22.26
22.51
22.885
23.08
23.36
23.5
23.66
23.95
24.02
24.24
24.255
24.545
24.825
25.305
25.395
25.68
25.87
25.98
26.17
26.245
26.525
27.12
27.58
27.715
28.02
28.325
28.56
28.625
28.89
29.505
29.855
