0.2
0.88
0.94
1.32
1.49
1.62
1.725
1.805
1.905
2.14
2.27
2.505
2.635
2.985
3.15
3.325
3.535
3.67
3.825
3.91
4.01
4.2
4.375
4.53
4.685
4.885
4.96
5.065
5.18
5.38
5.575
5.7
5.775
6.01
6.085
6.27
6.42
6.615
6.8
7.17
7.38
7.515
7.72
7.79
7.865
7.955
8.215
8.455
8.565
8.92
9.14
9.205
9.4
9.5
9.605
9.825
9.955
10.305
10.505
10.64
10.72
10.84
10.9
11.045
11.35
11.63
11.905
12.04
12.14
12.225
12.39
12.46
12.585
12.745
12.935
13.085
13.245
13.435
13.71
13.965
14.14
14.345
14.375
14.48
14.68
14.83
14.855
15.025
15.165
15.355
15.54
15.715
15.915
15.965
16.14
16.215
16.615
16.79
16.935
17.13
17.365
17.545
17.62
17.965
18.3
18.335
18.525
18.815
18.88
19.02
19.305
19.51
19.72
19.96
20.055
20.315
20.405
20.75
20.98
21.115
21.225
21.465
21.67
21.79
22.12
22.37
22.515
22.65
22.84
22.895
23.215
23.54
23.765
23.905
24.45
24.595
24.77
24.935
25.105
25.305
25.525
25.635
25.825
25.97
26.33
26.555
26.69
26.875
27.08
27.35
27.685
27.74
27.895
27.915
28.095
28.375
28.61
28.795
29.12
29.36
29.485
29.655
29.755
