0.16
0.25
0.41
0.585
0.71
0.94
1.065
1.12
1.28
1.645
1.79
1.985
2.25
2.34
2.51
2.68
2.775
2.855
2.945
3.02
3.18
3.355
3.475
3.54
3.63
3.705
3.895
4.065
4.205
4.235
4.415
4.5
4.59
4.78
4.94
5.035
5.1
5.205
5.285
5.56
5.795
5.91
6.175
6.425
6.54
6.715
6.88
7.31
7.575
7.715
7.91
8.005
8.075
8.255
8.42
8.58
8.68
8.755
8.945
9.295
9.47
9.645
9.895
10.005
10.16
10.325
10.495
10.695
10.79
10.85
11.12
11.35
11.57
11.725
11.75
12.1
12.255
12.435
12.7
12.855
13.13
13.24
13.315
13.49
13.665
13.83
14.01
14.18
14.27
14.535
14.83
14.89
15.055
15.24
15.42
15.61
15.68
15.76
15.945
16.23
16.31
16.455
16.67
16.91
17.165
17.365
17.64
17.72
17.88
17.9
18.06
18.34
18.415
18.595
18.76
18.86
19.04
19.125
19.305
19.475
19.57
19.71
19.745
19.96
20.18
20.455
20.535
20.705
20.87
21.22
21.395
21.565
21.66
21.85
21.93
22.095
22.27
22.535
22.945
23.055
23.15
23.4
23.495
23.835
24.0
24.175
24.34
24.51
24.65
24.675
24.85
25.02
25.195
25.36
25.71
25.965
26.055
26.235
26.415
26.69
26.78
26.94
27.11
27.3
27.465
27.63
27.895
28.12
28.155
28.295
28.465
28.6
28.815
28.985
29.02
29.165
29.49
29.655
29.845
29.94
