0.55
0.565
1.06
1.405
2.675
2.805
3.07
3.365
3.885
4.425
4.845
4.96
5.24
5.51
6.055
6.6
7.025
7.135
7.32
7.42
7.705
7.885
8.045
8.18
8.205
8.265
8.5
8.82
8.975
9.24
9.355
9.57
9.635
9.9
10.06
10.33
10.45
11.0
11.175
11.31
11.435
11.54
11.81
12.1
12.64
12.915
13.18
13.71
13.855
13.985
14.115
14.245
14.385
14.53
14.675
14.815
15.125
15.355
15.64
15.92
16.19
16.45
16.67
16.745
17.015
17.29
17.55
17.835
18.095
18.375
18.635
18.85
19.115
19.19
19.465
19.66
19.725
20.155
20.275
20.565
20.83
21.39
21.915
22.46
22.74
23.01
23.155
23.555
23.86
24.125
24.41
24.68
24.96
25.22
25.5
25.77
26.05
26.305
26.855
27.13
27.405
27.685
27.95
28.49
28.755
28.925
29.04
29.325
29.595
