0.155
0.25
0.77
0.875
1.1
1.21
1.525
1.765
1.85
2.02
2.175
2.375
2.5
2.805
3.135
3.33
3.72
3.775
3.97
4.095
4.33
4.425
4.595
4.915
5.06
5.365
5.395
5.57
5.69
5.845
5.87
6.015
6.22
6.33
6.525
6.545
6.965
7.25
7.305
8.12
8.705
8.73
8.82
8.845
9.26
9.325
9.46
9.785
9.96
10.01
10.24
10.5
10.755
11.05
11.39
11.495
11.675
11.8
12.055
12.17
12.445
12.505
12.78
13.1
13.425
13.595
13.615
13.77
14.065
14.365
14.57
14.685
14.985
15.195
15.24
15.505
15.755
16.04
16.25
16.39
16.465
16.795
17.08
17.43
17.775
18.18
18.33
18.44
18.76
18.775
18.79
19.08
19.325
19.625
19.655
19.725
19.925
20.085
20.37
20.71
21.01
21.205
21.355
21.49
21.655
21.825
22.035
22.3
22.545
22.64
22.77
22.875
22.95
23.245
23.305
23.395
23.595
23.88
23.95
24.08
24.23
24.41
24.87
25.255
25.37
25.515
25.57
25.725
25.86
26.015
26.05
26.15
26.43
26.505
26.82
27.01
27.065
27.36
27.46
27.485
27.695
27.795
27.83
27.985
28.135
28.48
28.515
28.66
28.78
28.83
29.13
29.18
29.4
29.51
29.69
29.89
