0.07
0.22
0.37
0.555
0.665
0.84
0.97
1.125
1.255
1.315
1.46
1.565
1.59
1.75
1.81
1.88
2.09
2.17
2.48
2.55
2.625
2.775
2.945
3.08
3.235
3.36
3.525
3.64
3.665
3.805
3.97
4.285
4.58
4.615
4.815
4.83
4.91
5.03
5.18
5.37
5.475
5.655
5.715
5.795
5.93
6.07
6.4
6.565
6.695
6.985
7.1
7.3
7.435
7.585
7.775
7.895
8.025
8.16
8.2
8.345
8.475
8.635
8.8
9.03
9.095
9.31
9.39
9.56
9.695
9.84
9.915
9.99
10.215
10.3
10.475
10.605
10.745
10.88
10.94
11.05
11.21
11.385
11.51
11.79
11.995
12.105
12.25
12.39
12.585
12.7
13.0
13.15
13.285
13.315
13.5
13.61
13.8
13.91
14.205
14.515
14.66
14.805
15.11
15.41
15.56
15.695
16.0
16.035
16.245
16.325
16.61
16.92
17.065
17.21
17.51
17.825
17.965
18.105
18.425
18.73
19.015
19.325
19.47
19.615
19.92
20.23
20.37
20.515
20.815
20.85
21.105
21.135
21.345
21.42
21.735
21.875
21.905
22.02
22.23
22.325
22.495
22.635
22.775
22.925
23.215
23.245
23.545
23.83
23.85
24.14
24.165
24.285
24.43
24.73
25.035
25.18
25.32
25.625
25.865
25.895
25.955
26.24
26.285
26.545
26.685
26.835
27.14
27.455
27.59
27.73
28.045
28.245
28.35
28.64
28.95
29.095
29.24
29.545
29.85
