0.175
0.295
0.535
0.7
1.08
1.47
1.495
1.86
2.105
2.265
2.64
2.885
2.915
3.035
3.255
3.425
3.82
4.18
4.595
4.725
4.825
4.965
5.205
5.36
5.745
6.14
6.395
6.51
6.73
6.77
6.915
7.295
7.69
8.07
8.31
8.495
8.845
9.085
9.21
9.49
9.625
9.875
10.025
10.385
10.64
10.785
11.015
11.15
11.34
11.535
11.76
11.915
12.16
12.29
12.54
12.555
12.675
12.975
13.08
13.44
13.845
14.22
14.485
14.625
14.825
14.985
15.215
15.23
15.38
15.75
15.975
16.135
16.5
16.78
16.9
17.135
17.265
17.455
17.905
18.025
18.435
18.69
18.795
19.005
19.06
19.205
19.455
19.57
19.99
20.22
20.355
20.58
20.615
20.745
20.955
21.115
21.355
21.495
21.86
22.255
22.505
22.63
23.015
23.25
23.385
23.64
23.76
24.005
24.16
24.4
24.545
24.905
25.305
25.68
26.065
26.285
26.455
26.85
27.06
27.23
27.63
28.0
28.395
28.635
28.78
29.03
29.175
29.43
29.54
29.925
