0.26
0.675
1.025
1.11
1.54
1.79
1.975
2.375
3.185
3.59
3.855
4.355
4.42
4.835
4.885
5.085
5.275
5.685
5.73
5.805
5.955
6.13
6.34
6.395
6.55
6.95
7.26
7.655
7.8
7.85
8.225
8.635
8.895
9.06
9.175
9.295
9.47
9.865
10.28
10.69
11.1
11.525
11.77
11.965
12.22
12.39
12.615
12.815
13.18
13.21
13.63
14.045
14.095
14.18
14.33
14.355
14.48
14.9
15.3
15.72
15.935
15.96
16.155
16.37
16.58
16.81
16.83
16.965
17.355
17.75
18.17
18.58
18.985
19.21
19.415
19.67
19.83
20.245
20.475
20.515
20.67
20.9
21.065
21.09
21.495
21.91
22.195
22.33
22.56
22.75
23.165
23.415
23.595
23.85
23.99
24.385
24.64
24.715
24.8
25.215
25.43
25.61
25.655
25.86
26.005
26.43
26.66
26.835
27.085
27.265
27.47
27.55
27.675
28.115
28.355
28.53
28.755
28.95
29.17
29.35
29.57
29.735
29.97
