0.09
0.28
0.375
0.665
0.935
1.215
1.35
1.505
1.745
1.765
2.045
2.2
2.305
2.605
2.765
2.86
3.025
3.12
3.24
3.41
3.955
4.235
4.52
4.795
5.08
5.245
5.355
5.515
5.635
5.755
5.925
5.94
6.185
6.475
6.74
6.765
7.015
7.28
7.315
7.435
7.56
7.72
7.845
7.95
8.115
8.395
8.675
8.95
9.22
9.535
9.785
10.075
10.195
10.37
10.625
10.91
11.19
11.455
11.75
11.9
12.03
12.165
12.31
12.42
12.59
12.84
13.13
13.305
13.41
13.685
13.96
14.51
14.795
15.065
15.645
15.91
16.175
16.195
16.535
16.77
17.32
17.605
17.725
17.885
18.18
18.43
18.705
18.99
19.54
19.825
19.96
20.105
20.645
20.915
21.21
21.63
21.75
21.93
22.035
22.155
22.325
22.615
22.855
23.145
23.445
23.65
23.665
23.725
23.74
23.97
23.99
24.26
24.56
24.84
25.105
25.375
25.665
25.95
26.2
26.485
26.78
27.07
27.325
27.595
27.755
27.885
28.435
28.71
28.845
28.995
29.27
29.545
29.82
