0.115
0.325
0.54
0.755
0.99
1.21
1.415
1.63
1.87
1.985
2.075
2.285
2.51
2.725
2.945
3.155
3.375
3.59
3.81
4.02
4.245
4.45
4.685
4.905
5.105
5.135
5.315
5.345
5.555
5.76
5.995
6.205
6.43
6.64
6.875
6.94
7.06
7.095
7.295
7.5
7.725
7.945
8.165
8.215
8.38
8.605
8.81
9.04
9.225
9.455
9.665
9.9
10.105
10.345
10.54
10.76
10.985
11.2
11.425
11.66
11.855
12.065
12.29
12.46
12.555
12.675
13.185
13.62
13.83
13.87
14.075
14.345
14.44
14.55
14.8
15.065
15.24
15.665
15.91
16.135
16.32
16.53
16.56
16.765
16.79
16.975
17.135
17.21
17.43
17.64
17.855
18.07
18.28
18.505
18.71
18.915
19.135
19.355
19.585
19.8
20.035
20.25
20.49
20.705
20.91
21.115
21.355
21.57
21.79
22.005
22.25
22.44
22.685
22.895
23.1
23.325
23.555
23.775
23.995
24.2
24.425
24.645
24.87
25.07
25.3
25.51
25.72
25.955
26.16
26.4
26.62
26.825
27.05
27.27
27.485
27.625
27.71
27.92
28.125
28.145
28.355
28.38
28.57
28.79
29.03
29.245
29.435
29.68
29.885
