0.145
0.315
0.47
0.65
0.82
1.155
1.35
1.505
1.7
1.725
1.855
2.05
2.205
2.41
2.54
2.75
2.9
3.1
3.24
3.435
3.6
3.775
3.94
4.12
4.275
4.3
4.46
4.65
4.99
5.155
5.215
5.345
5.52
5.67
5.85
6.05
6.22
6.35
6.38
6.57
6.71
7.08
7.25
7.405
7.585
7.745
7.925
8.095
8.28
8.455
8.645
8.795
9.145
9.325
9.485
9.71
9.83
10.02
10.21
10.535
10.73
10.885
11.055
11.185
11.225
11.395
11.58
11.775
11.9
12.095
12.27
12.625
12.805
12.955
13.14
13.305
13.495
13.65
13.835
14.005
14.18
14.34
14.515
14.685
14.86
15.03
15.23
15.37
15.56
15.725
15.915
16.075
16.265
16.42
16.605
16.77
16.945
16.975
17.115
17.305
17.46
17.65
17.815
17.995
18.14
18.175
18.52
18.535
18.85
18.89
19.055
19.195
19.535
19.725
19.89
20.235
20.41
20.575
20.905
20.925
21.195
21.265
21.435
21.575
21.63
21.805
21.96
22.295
22.33
22.53
22.655
23.01
23.195
23.35
23.695
24.05
24.4
24.575
24.74
25.065
25.095
25.28
25.43
25.61
25.63
25.775
25.945
26.12
26.305
26.465
26.815
27.0
27.03
27.295
27.405
27.51
27.87
28.21
28.485
28.57
28.735
28.895
29.255
29.425
29.59
29.765
29.935
