0.315
0.39
0.625
0.74
0.84
1.075
1.135
1.195
1.305
1.51
1.625
1.66
1.875
2.21
2.4
2.56
2.67
2.895
3.125
3.465
3.495
3.695
3.735
3.925
4.03
4.275
4.495
4.84
4.955
5.3
5.415
5.525
5.765
5.855
6.205
6.315
6.535
6.775
7.12
7.23
7.255
7.345
7.365
7.39
7.68
8.025
8.125
8.165
8.4
8.52
8.595
8.73
8.82
9.07
9.1
9.175
9.275
9.345
9.51
9.855
9.98
10.16
10.3
10.415
10.65
10.98
11.195
11.34
11.52
11.66
11.76
11.8
12.185
12.225
12.47
12.875
12.985
13.155
13.365
13.575
13.61
13.835
14.295
14.525
14.57
14.86
14.975
15.43
15.89
16.23
16.465
16.67
16.87
17.215
17.255
17.49
17.59
17.715
18.055
18.285
18.475
18.625
18.97
19.065
19.32
19.435
19.535
19.79
19.92
19.995
20.235
20.45
20.78
20.86
20.915
21.13
21.36
21.82
22.155
22.5
22.735
23.175
23.515
23.76
23.935
24.15
24.44
24.51
24.54
24.755
25.005
25.345
25.575
25.81
25.88
26.035
26.15
26.26
26.365
26.605
26.72
26.825
27.185
27.29
27.42
27.63
27.74
28.09
28.165
28.205
28.655
28.99
29.215
29.555
29.795
