0.275
0.355
0.805
1.115
1.305
1.505
1.595
1.755
1.93
2.21
2.695
3.14
3.365
3.625
3.87
4.09
4.57
4.705
5.015
5.075
5.33
5.48
5.63
5.84
5.94
6.055
6.27
6.42
6.91
7.355
7.54
7.83
8.14
8.295
8.535
8.77
9.095
9.24
9.465
9.705
10.18
10.53
10.64
11.12
11.35
11.585
12.055
12.25
12.535
12.57
13.0
13.025
13.365
13.495
13.975
14.25
14.46
14.925
15.41
15.87
16.315
16.815
16.845
17.125
17.305
17.52
17.77
18.07
18.255
18.615
18.73
19.19
19.67
20.07
20.15
20.615
20.915
21.075
21.41
21.54
21.73
21.895
21.92
22.025
22.19
22.205
22.49
22.98
23.44
23.745
23.91
24.375
24.84
25.185
25.305
25.635
25.78
25.805
26.09
26.25
26.445
26.55
27.165
27.615
28.06
28.09
28.385
28.535
28.86
28.9
29.01
29.43
29.51
29.795
29.95
