0.265
0.515
0.775
0.87
1.0
1.24
1.49
1.96
2.2
2.45
2.8
2.92
3.18
3.355
3.41
3.645
3.9
4.135
4.385
4.63
4.745
4.865
5.135
5.215
5.36
5.815
6.07
6.31
6.515
6.59
6.785
7.1
7.27
7.74
7.985
8.225
8.395
8.415
8.68
8.705
8.73
8.94
9.015
9.18
9.655
9.865
10.065
10.135
10.38
10.44
10.63
10.935
11.09
11.485
11.58
11.86
12.06
12.285
12.53
12.785
13.0
13.26
13.48
13.74
13.76
13.94
14.19
14.425
14.66
14.905
15.28
15.37
15.645
15.855
16.32
16.56
16.79
17.075
17.26
17.51
17.74
17.905
18.205
18.445
18.55
18.655
19.155
19.395
19.65
19.905
20.125
20.605
21.085
21.335
21.565
21.815
22.035
22.285
22.53
23.015
23.265
23.52
23.98
24.415
24.475
24.97
25.205
25.445
25.7
25.91
26.155
26.415
26.895
27.13
27.365
27.395
27.85
28.345
28.82
29.075
29.32
29.565
29.78
