0.155
0.36
0.38
0.525
0.75
0.9
1.1
1.265
1.665
1.82
2.02
2.205
2.22
2.38
2.56
2.72
3.09
3.125
3.32
3.435
3.69
3.845
4.04
4.22
4.58
4.79
4.95
5.165
5.32
5.49
5.53
5.685
5.705
5.845
6.22
6.38
6.565
6.74
6.915
7.09
7.45
7.68
7.83
8.185
8.41
8.55
8.77
8.91
9.125
9.27
9.5
9.655
9.84
10.02
10.22
10.39
10.585
10.75
10.935
10.96
11.12
11.31
11.505
11.685
11.87
12.05
12.22
12.41
12.59
12.76
12.93
13.335
13.545
13.7
13.925
14.07
14.295
14.435
14.81
15.03
15.18
15.41
15.535
15.76
15.925
16.115
16.295
16.485
16.655
16.875
17.03
17.235
17.395
17.59
17.78
17.955
18.125
18.335
18.505
18.715
18.87
19.025
19.225
19.605
19.975
20.17
20.255
20.355
20.525
20.725
21.065
21.265
21.44
21.625
21.795
21.99
22.16
22.34
22.515
22.71
22.87
23.075
23.235
23.61
23.8
23.97
24.145
24.33
24.675
24.845
24.88
25.07
25.265
25.425
25.815
25.995
26.175
26.39
26.555
26.76
26.865
26.93
27.15
27.325
27.515
27.695
28.055
28.25
28.405
28.625
28.64
28.785
28.975
29.165
29.375
29.545
29.895
