0.07
0.315
0.58
0.985
1.39
1.495
1.955
2.305
2.625
2.975
3.295
3.455
3.62
3.91
3.935
4.29
4.395
4.605
4.75
4.94
5.17
5.405
5.59
5.9
6.245
6.435
6.635
6.91
7.24
7.56
7.785
7.88
8.205
8.44
8.53
8.705
8.885
8.955
9.275
9.545
9.86
10.195
10.53
10.86
11.205
11.37
11.52
11.785
11.835
12.18
12.275
12.495
12.595
12.885
13.855
14.215
14.5
14.84
15.42
15.445
15.815
16.01
16.16
16.485
16.685
16.825
16.85
16.935
17.135
17.445
17.6
17.795
18.135
18.43
18.465
18.775
19.415
19.765
20.12
20.355
20.75
20.77
21.115
21.435
21.775
22.115
22.225
22.395
22.735
23.07
23.72
23.76
24.06
24.205
24.25
24.385
24.74
25.28
25.705
26.055
26.335
26.65
26.71
26.815
27.13
27.685
28.015
28.325
28.355
28.675
29.34
29.555
