0.39
0.755
1.11
1.335
1.455
1.815
2.035
2.19
2.26
2.385
2.515
2.77
2.875
3.11
3.135
3.22
3.55
3.575
3.925
4.285
4.505
4.545
4.635
4.91
4.985
5.2
5.345
5.58
5.715
5.755
5.92
6.075
6.27
6.405
6.63
6.685
6.755
7.14
7.365
7.46
7.555
7.805
8.03
8.16
8.52
8.54
8.865
8.9
9.225
9.275
9.465
9.575
9.93
10.19
10.28
10.52
10.63
10.85
10.985
11.345
11.565
11.58
11.685
11.87
11.97
12.05
12.295
12.33
12.4
12.62
12.76
13.0
13.11
13.345
13.455
13.555
13.675
13.71
14.165
14.365
14.515
14.74
14.87
15.115
15.225
15.32
15.575
15.615
15.795
15.825
15.935
16.22
16.28
16.5
16.635
17.01
17.34
17.7
17.95
18.04
18.31
18.435
18.68
18.76
19.11
19.135
19.325
19.465
19.81
20.16
20.22
20.52
20.78
20.87
21.08
21.225
21.48
21.575
21.835
21.93
21.955
22.15
22.285
22.495
22.64
22.99
23.035
23.345
23.57
23.585
23.695
24.055
24.075
24.3
24.405
24.75
24.775
24.975
25.025
25.465
25.48
25.725
25.815
26.045
26.165
26.395
26.52
26.88
26.905
27.095
27.225
27.575
27.795
27.93
28.21
28.3
28.505
28.68
28.865
29.04
29.245
29.345
29.725
