0.47
0.66
0.895
1.115
1.355
1.485
1.585
1.84
1.86
2.315
2.535
2.995
3.225
3.33
3.695
3.92
3.945
4.155
4.38
4.42
4.835
5.065
5.53
6.005
6.225
6.465
6.69
6.905
7.025
7.135
7.36
7.405
7.595
7.655
7.845
8.07
8.33
8.53
8.83
8.855
9.205
9.455
9.545
9.7
9.91
9.98
10.19
10.245
10.365
10.605
11.07
11.12
11.3
11.455
11.52
11.76
11.985
12.22
12.44
12.46
12.68
12.855
12.92
13.145
13.265
13.56
13.765
14.075
14.1
14.21
14.32
14.53
14.76
14.99
15.225
15.25
15.45
15.69
15.755
15.945
16.15
16.235
16.445
16.525
16.59
16.76
16.855
16.975
17.055
17.07
17.305
17.505
17.68
17.765
18.03
18.205
18.445
18.685
18.91
19.15
19.38
19.6
19.805
20.06
20.3
20.5
20.525
20.75
21.04
21.205
21.22
21.38
21.45
21.62
21.75
21.9
22.18
22.405
22.61
22.845
22.97
23.07
23.285
23.75
23.99
24.085
24.23
24.455
24.685
24.925
25.11
25.165
25.365
25.57
25.59
25.845
26.07
26.085
26.53
26.77
26.98
27.005
27.24
27.465
27.655
27.96
28.095
28.17
28.385
28.63
28.855
29.045
29.1
29.33
29.53
29.57
29.74
29.98
