0.305
0.35
0.79
1.055
1.32
1.41
1.53
1.755
1.815
2.02
2.06
2.27
2.51
2.74
3.01
3.495
3.785
3.995
4.315
4.5
4.82
5.02
5.525
5.88
5.9
6.04
6.35
6.545
6.875
7.05
7.565
7.89
8.085
8.115
8.405
8.59
8.885
9.1
9.625
9.94
10.115
10.44
10.63
10.955
10.975
11.15
11.665
11.99
12.165
12.49
12.685
13.005
13.175
13.505
13.69
14.015
14.195
14.495
14.695
15.01
15.21
15.23
15.69
15.725
16.02
16.06
16.215
16.535
16.735
17.05
17.245
17.76
18.085
18.265
18.295
18.59
18.785
19.105
19.285
19.795
20.135
20.305
20.625
20.83
21.08
21.15
21.35
21.51
21.85
22.035
22.185
22.365
22.685
22.825
22.885
22.905
23.195
23.375
23.4
23.625
23.91
24.22
24.415
24.435
24.76
24.935
24.96
25.25
25.45
25.955
26.28
26.46
26.485
26.715
26.81
26.97
27.3
27.325
27.5
27.53
27.985
28.025
28.355
28.505
28.84
29.03
29.36
29.545
