0.21
0.325
0.54
0.56
0.64
0.82
0.94
1.055
1.135
1.24
1.39
1.5
1.575
1.73
1.815
2.005
2.11
2.315
2.34
2.57
2.615
2.685
2.87
2.995
3.29
3.5
3.595
3.77
4.19
4.455
4.665
4.775
4.925
5.04
5.235
5.355
5.56
5.65
5.87
5.955
5.975
6.11
6.22
6.42
6.535
6.71
6.83
7.1
7.285
7.4
7.465
7.715
7.76
7.91
8.01
8.22
8.315
8.465
8.58
8.81
8.89
9.035
9.195
9.48
9.645
9.76
9.92
10.07
10.365
10.67
10.825
10.94
11.045
11.075
11.25
11.455
11.55
12.005
12.12
12.165
12.41
12.435
12.615
12.725
12.85
13.01
13.045
13.19
13.3
13.61
13.82
13.91
14.205
14.37
14.48
14.67
14.79
14.94
15.07
15.3
15.375
15.54
15.655
15.79
15.97
16.18
16.27
16.575
16.73
16.85
17.15
17.445
17.745
17.905
18.025
18.24
18.33
18.52
18.63
18.815
18.89
19.08
19.195
19.355
19.505
19.805
19.98
20.11
20.62
20.645
20.86
20.93
21.145
21.275
22.17
22.35
22.45
22.62
22.735
23.015
23.05
23.23
23.34
23.54
23.8
23.915
23.975
24.225
24.52
24.81
24.98
25.095
25.295
25.405
25.605
25.695
26.015
26.16
26.275
26.315
26.45
26.49
26.585
26.75
26.875
26.98
27.17
27.34
27.45
27.635
27.765
27.945
28.055
28.26
28.52
28.635
28.74
28.935
29.14
29.24
29.405
29.535
29.705
