0.355
0.685
0.985
1.625
2.255
2.575
2.89
3.21
3.52
3.755
3.845
3.96
4.145
4.8
5.06
5.12
5.23
5.425
5.71
6.06
6.4
6.535
6.7
7.2
7.335
7.645
7.81
7.965
8.14
8.29
8.6
8.885
8.9
8.935
9.19
9.235
9.475
9.54
9.705
9.865
10.105
10.165
10.49
10.735
11.135
11.47
11.77
12.1
12.26
12.4
12.705
13.03
13.35
13.68
13.885
13.915
14.025
14.06
14.33
14.595
14.85
14.975
15.015
15.185
15.275
15.355
15.595
15.64
15.98
16.23
16.565
16.875
17.385
17.515
17.835
18.0
18.15
18.32
18.47
18.73
18.79
19.065
19.41
19.765
19.875
20.065
20.25
20.4
20.715
21.3
21.315
21.495
21.51
21.965
22.0
22.635
22.95
23.13
23.27
23.595
23.905
24.545
25.05
25.19
25.505
25.825
26.46
27.085
27.72
28.045
28.22
28.36
28.545
28.995
29.62
