0.045
0.275
0.59
0.805
1.11
1.385
1.6
1.795
1.915
2.01
2.235
2.495
2.685
2.785
2.995
3.035
3.325
3.61
3.895
4.125
4.155
4.4
4.56
4.715
4.91
5.025
5.175
5.245
5.545
5.585
5.82
6.275
6.385
6.54
6.74
6.945
7.245
7.34
7.48
7.505
7.8
8.005
8.07
8.37
8.515
8.595
8.915
9.185
9.41
9.49
9.705
9.745
10.02
10.295
10.585
10.71
10.85
11.045
11.415
11.5
11.7
11.745
11.94
12.26
12.28
12.505
12.535
12.815
12.985
13.055
13.37
13.5
13.64
13.945
14.1
14.175
14.49
14.765
15.06
15.22
15.3
15.51
15.62
15.875
16.175
16.41
16.435
16.74
17.0
17.275
17.445
17.525
17.835
18.11
18.395
18.61
18.655
18.83
18.95
19.11
19.23
19.255
19.42
19.655
19.77
20.055
20.075
20.205
20.33
20.615
20.865
21.055
21.16
21.195
21.27
21.445
21.725
21.875
21.965
21.99
22.29
22.555
22.74
22.945
23.075
23.115
23.395
23.66
23.695
24.135
24.205
24.405
24.785
25.085
25.34
25.56
25.645
25.895
26.195
26.235
26.445
26.75
27.015
27.05
27.205
27.31
27.4
27.55
27.885
28.145
28.365
28.435
28.575
28.68
28.975
28.995
29.13
29.255
29.555
29.785
