0.205
0.34
0.435
0.675
0.915
1.065
1.155
1.4
1.545
1.635
1.875
2.12
2.345
2.595
2.76
2.83
3.07
3.315
3.55
3.79
3.955
4.025
4.27
4.51
4.66
4.755
4.88
4.99
5.17
5.23
5.38
5.465
5.7
5.94
6.07
6.175
6.305
6.42
6.65
6.81
6.885
7.14
7.37
7.62
7.86
8.005
8.095
8.34
8.58
8.74
8.825
9.07
9.29
9.535
9.77
9.905
10.265
10.37
10.515
10.745
11.005
11.245
11.485
11.66
11.73
11.98
12.21
12.46
12.695
12.86
12.955
13.185
13.45
13.675
13.915
14.15
14.41
14.64
14.81
14.9
15.13
15.38
15.625
15.845
16.09
16.115
16.265
16.355
16.485
16.58
16.825
17.06
17.23
17.315
17.48
17.55
17.705
17.795
18.05
18.28
18.53
18.765
18.92
19.0
19.17
19.255
19.4
19.49
19.74
19.965
20.22
20.455
20.71
20.935
21.185
21.355
21.42
21.585
21.675
21.905
22.155
22.385
22.58
22.655
22.87
23.125
23.365
23.54
23.615
23.76
23.85
24.1
24.325
24.58
24.815
25.055
25.29
25.53
25.77
25.945
26.02
26.14
26.265
26.51
26.675
26.735
26.895
26.98
27.13
27.205
27.235
27.36
27.46
27.61
27.68
27.905
27.945
28.075
28.15
28.325
28.395
28.44
28.575
28.655
28.805
28.875
29.04
29.115
29.29
29.355
29.525
29.595
29.825
