0.145
0.33
0.39
0.65
0.925
1.025
1.13
1.405
1.64
2.02
2.12
2.39
2.64
3.015
3.13
3.385
3.635
3.9
4.145
4.4
4.64
4.905
5.025
5.15
5.41
5.51
5.645
5.885
6.02
6.135
6.385
6.625
6.88
7.005
7.125
7.375
7.62
7.745
7.875
8.065
8.125
8.38
8.64
8.885
9.005
9.14
9.395
9.645
10.015
10.14
10.395
10.64
10.875
10.92
11.03
11.14
11.395
11.63
11.9
12.13
12.41
12.61
12.645
12.855
13.015
13.14
13.375
13.635
13.89
13.995
14.13
14.36
14.615
14.875
14.99
15.13
15.355
15.615
15.83
15.92
16.105
16.375
16.615
16.855
16.985
17.34
17.605
17.97
18.125
18.325
18.59
18.835
18.96
19.32
19.565
19.83
20.065
20.325
20.58
20.83
21.07
21.325
21.565
21.85
21.925
22.305
22.555
22.94
23.035
23.295
23.36
23.55
23.795
24.025
24.285
24.525
24.77
24.8
24.9
25.07
25.27
25.345
25.525
25.795
25.875
26.25
26.495
26.865
26.98
27.24
27.305
27.465
27.725
27.95
28.22
28.46
28.715
28.96
29.245
29.45
29.735
