0.375
0.52
0.625
1.225
1.565
1.75
1.87
2.105
2.23
2.565
2.91
3.22
3.935
4.115
4.275
4.575
4.83
4.94
5.27
5.5
5.61
5.82
5.93
6.63
6.81
6.965
7.175
7.28
7.64
7.975
8.2
8.315
8.63
9.345
9.68
9.86
10.005
10.35
10.52
11.38
11.485
11.6
11.9
12.005
12.07
12.27
12.41
12.435
12.735
12.945
13.11
13.29
13.41
13.465
13.68
14.05
14.08
14.785
14.8
14.975
15.135
15.29
15.445
15.645
15.82
15.995
16.14
16.325
16.705
16.815
17.04
17.49
17.8
17.83
18.145
18.485
18.53
19.18
19.345
19.485
19.515
19.87
20.11
20.495
20.555
20.765
21.105
21.235
21.39
21.57
21.68
21.785
22.215
22.545
22.74
23.26
23.575
23.79
23.87
23.94
24.095
24.265
24.44
24.605
24.785
24.93
25.16
25.61
26.005
26.285
26.65
26.81
26.985
27.315
27.63
28.045
28.21
28.53
28.69
28.74
28.99
29.375
29.695
29.875
