0.28
0.575
0.75
0.78
1.045
1.07
1.165
1.36
1.455
1.75
2.055
2.35
2.655
2.945
3.145
3.44
3.565
3.775
3.86
4.07
4.16
4.445
4.73
5.04
5.245
5.33
5.53
5.64
5.81
6.125
6.51
6.67
6.695
7.11
7.41
7.615
7.715
7.885
8.2
8.28
8.48
8.58
8.77
9.06
9.15
9.47
9.64
9.76
10.06
10.265
10.55
10.65
10.84
11.245
11.43
11.54
11.56
11.83
12.13
12.435
12.62
12.91
13.02
13.315
13.515
13.58
13.6
13.905
14.195
14.36
14.5
14.785
14.985
15.28
15.375
15.575
15.685
15.845
15.965
16.26
16.555
16.86
17.15
17.345
17.63
17.735
18.025
18.31
18.61
18.91
19.225
19.5
19.695
19.84
19.98
20.38
20.655
20.835
21.245
21.54
21.835
22.035
22.23
22.305
22.605
22.885
22.985
23.27
23.545
23.83
24.135
24.315
24.625
24.995
25.48
25.585
25.865
26.165
26.45
26.7
27.025
27.315
27.495
27.595
27.88
28.165
28.47
28.76
28.955
29.235
29.265
29.33
29.54
29.635
29.91
