0.09
0.275
0.37
0.645
0.71
0.745
0.91
1.205
1.475
1.685
2.035
2.305
2.59
2.855
3.14
3.42
3.625
3.725
3.98
4.25
4.525
4.79
5.075
5.33
5.545
5.615
5.885
6.165
6.43
6.71
6.985
7.255
7.52
7.815
8.065
8.35
8.435
8.615
8.815
8.875
9.17
9.43
9.69
9.98
10.07
10.25
10.53
10.795
11.055
11.345
11.615
11.885
12.18
12.44
12.71
12.98
13.24
13.535
13.795
13.94
14.075
14.35
14.63
15.17
15.45
15.725
15.76
15.985
16.195
16.26
16.81
17.115
17.355
17.625
17.9
18.17
18.43
18.71
18.92
18.995
19.205
19.315
19.535
19.705
19.815
20.085
20.295
20.35
20.625
20.905
21.18
21.23
21.45
21.725
21.98
21.995
22.265
22.39
22.535
22.805
23.08
23.365
23.635
23.905
24.175
24.21
24.375
24.455
24.715
24.99
25.275
25.545
25.7
26.085
26.345
26.635
26.82
26.905
27.175
27.455
27.725
28.0
28.075
28.27
28.55
29.09
29.365
29.645
29.845
29.925
