0.465
0.815
1.13
1.49
1.785
1.87
2.15
2.24
2.495
2.825
3.175
3.505
3.745
3.825
4.195
4.395
4.845
5.21
5.235
5.55
5.86
5.91
6.255
6.59
6.655
6.985
7.29
7.655
7.925
7.99
8.31
8.55
8.645
8.87
9.0
9.36
9.38
9.68
9.865
10.015
10.045
10.36
10.665
10.72
11.035
11.405
11.74
11.865
12.07
12.415
12.76
13.1
13.475
13.78
14.12
14.47
14.67
14.83
15.5
15.84
16.15
16.495
16.535
16.855
17.2
17.545
17.88
18.235
18.425
18.565
18.93
19.24
19.585
19.925
19.955
20.25
20.6
20.745
20.95
21.28
21.615
21.965
22.29
22.645
22.98
23.145
23.305
23.66
23.965
24.045
24.3
24.675
25.015
25.24
25.72
26.055
26.245
26.355
26.715
26.975
26.995
27.06
27.39
27.735
28.08
28.23
28.41
28.43
28.765
29.095
29.125
29.44
29.595
29.79
