0.13
0.58
0.985
1.44
1.63
1.85
1.875
2.115
2.275
2.375
2.62
2.81
3.17
3.235
3.55
3.615
3.81
4.02
4.185
4.425
4.7
4.72
4.855
5.095
5.3
5.525
5.695
5.94
6.33
6.965
7.84
8.24
8.68
9.095
9.95
10.385
10.845
11.225
11.695
12.11
12.57
12.975
13.295
13.43
13.85
14.12
14.305
14.615
14.725
14.755
15.085
15.2
15.63
16.015
16.815
16.93
17.34
17.8
17.99
18.22
18.675
18.865
19.085
19.28
19.54
19.905
20.345
20.475
20.57
20.745
20.79
21.195
21.6
22.5
22.87
22.9
23.16
23.485
23.745
24.065
24.14
24.4
24.62
25.02
25.86
26.09
26.225
26.275
26.47
26.545
26.71
26.765
26.835
27.045
27.38
27.54
27.795
28.0
28.205
28.405
28.87
29.26
29.29
29.695
29.81
29.975
