0.04
0.225
0.295
0.62
0.735
0.775
1.035
1.15
1.48
1.595
1.625
1.9
2.315
2.365
2.495
2.75
2.92
3.22
3.3
3.37
3.62
3.795
4.08
4.235
4.27
4.485
4.655
4.865
4.935
5.025
5.095
5.3
5.375
5.465
5.805
5.945
6.18
6.37
6.665
6.74
6.795
7.03
7.1
7.2
7.485
7.605
7.87
8.055
8.27
8.355
8.505
8.695
9.15
9.205
9.26
9.335
9.565
9.75
10.04
10.15
10.175
10.205
10.475
10.625
10.91
11.065
11.29
11.48
11.79
11.925
12.2
12.61
12.76
12.79
13.06
13.205
13.38
13.485
13.635
13.935
14.065
14.375
14.51
14.78
14.825
14.965
15.265
15.385
15.67
15.83
16.04
16.1
16.25
16.41
16.52
16.67
16.945
17.04
17.12
17.56
17.85
18.0
18.245
18.435
18.73
18.86
19.135
19.155
19.31
19.43
19.47
19.585
19.72
20.04
20.165
20.19
20.48
20.59
20.82
20.915
20.98
21.05
21.34
21.485
21.725
21.8
21.92
22.23
22.365
22.65
22.78
23.045
23.095
23.24
23.5
23.665
23.93
24.12
24.42
24.53
24.705
24.79
24.82
24.99
25.015
25.24
25.41
25.68
25.835
26.085
26.275
26.55
26.695
26.98
27.03
27.1
27.4
27.53
27.555
27.795
27.96
28.0
28.055
28.27
28.42
28.725
28.87
29.115
29.15
29.3
29.535
29.96
