0.315
0.465
0.66
0.75
0.93
1.035
1.19
1.45
1.66
1.96
2.105
2.375
2.56
3.0
3.225
3.295
3.455
3.71
3.885
4.01
4.145
4.235
4.25
4.335
4.76
4.96
5.045
5.21
5.505
5.645
5.97
6.09
6.35
6.515
6.965
7.25
7.4
7.695
7.845
8.005
8.05
8.115
8.28
8.625
8.74
8.99
9.17
9.305
9.425
9.47
9.61
9.865
10.04
10.325
10.48
10.775
10.91
11.085
11.25
11.355
11.51
11.785
12.03
12.235
12.56
12.67
12.96
13.125
13.55
13.86
14.005
14.265
14.305
14.45
14.665
14.735
14.905
15.34
15.565
15.63
15.785
16.215
16.555
16.665
16.98
17.1
17.56
17.755
17.795
18.005
18.205
18.455
18.64
18.88
19.065
19.21
19.245
19.325
19.635
19.775
20.085
20.215
20.5
20.655
21.1
21.37
21.405
21.54
21.865
21.99
22.285
22.425
22.62
22.72
22.885
23.31
23.625
23.685
23.755
24.055
24.18
24.395
24.475
24.635
25.06
25.52
25.95
26.16
26.265
26.4
26.695
26.825
27.135
27.29
27.56
27.705
27.99
28.16
28.435
28.585
28.855
29.03
29.31
29.345
29.46
29.74
