0.3
0.89
1.24
1.655
2.035
2.255
2.465
2.625
2.65
3.035
3.22
3.605
3.805
3.83
4.015
4.185
4.58
4.765
4.99
5.16
5.37
5.545
5.59
5.955
6.125
6.325
6.53
6.72
7.11
7.53
7.97
8.575
8.75
8.945
8.965
9.545
9.75
9.905
10.11
10.34
10.54
10.945
11.085
11.155
11.535
11.735
11.75
11.89
11.915
12.11
12.5
12.695
12.92
13.08
13.26
13.43
13.64
13.825
14.015
14.205
14.425
14.585
14.765
14.97
15.165
15.355
15.54
15.72
15.89
15.95
16.105
16.295
16.48
16.69
16.71
16.87
17.055
17.255
17.44
17.565
17.63
17.83
18.015
18.2
18.385
18.79
19.175
19.365
19.41
19.745
20.13
20.315
20.55
20.745
20.92
21.29
21.34
21.675
21.785
21.865
22.125
22.245
22.45
22.625
22.665
22.855
23.24
23.42
23.64
23.795
23.995
24.185
24.39
24.565
24.75
24.935
25.135
25.31
25.51
25.705
25.875
26.065
26.48
26.825
26.865
27.045
27.085
27.45
27.86
28.03
28.07
28.32
28.49
28.66
29.04
29.41
29.615
29.65
