0.1
0.23
0.31
0.425
0.655
0.85
1.045
1.205
1.42
1.575
1.835
1.965
2.175
2.365
2.575
2.735
2.92
2.95
3.13
3.305
3.5
3.67
3.87
4.025
4.07
4.265
4.435
4.595
4.655
4.815
5.165
5.34
5.575
5.735
5.945
6.33
6.36
6.525
6.705
6.9
7.065
7.1
7.27
7.47
7.67
7.82
7.885
7.96
8.045
8.165
8.29
8.415
8.595
8.985
9.33
9.36
9.725
9.92
10.075
10.12
10.485
10.68
10.85
11.23
11.395
11.5
11.575
11.96
12.31
12.495
12.71
12.9
13.05
13.44
13.61
13.645
13.79
13.98
14.175
14.195
14.355
14.495
14.53
14.59
14.715
14.9
15.095
15.255
15.435
15.635
15.82
15.99
16.37
16.565
16.735
16.915
17.105
17.29
17.465
17.485
17.85
18.205
18.385
18.51
18.58
18.75
18.945
19.13
19.3
19.49
19.665
19.825
19.86
20.015
20.18
20.375
20.56
20.73
20.925
21.09
21.255
21.295
21.46
21.635
21.84
22.025
22.18
22.525
22.54
22.695
22.735
22.905
23.08
23.26
23.44
23.615
23.805
23.975
24.135
24.185
24.34
24.51
24.715
24.895
25.06
25.25
25.425
25.6
25.62
25.79
25.965
26.165
26.35
26.515
26.715
26.88
27.08
27.24
27.425
27.615
27.98
28.185
28.345
28.72
28.915
29.095
29.47
29.51
29.84
