0.115
0.37
0.655
2.3
2.57
2.83
2.945
3.075
3.315
3.58
3.705
3.84
4.215
4.345
4.465
4.575
4.825
4.865
5.075
5.19
5.395
5.645
5.885
6.09
6.175
6.415
6.53
6.685
6.78
6.945
7.2
7.45
7.665
7.965
8.49
8.74
8.935
9.0
9.1
9.225
9.48
9.685
9.755
10.005
10.215
10.42
10.545
10.8
11.065
11.285
11.585
11.835
12.245
12.335
12.6
12.855
13.105
13.375
13.55
13.6
13.87
14.095
14.375
14.455
14.62
14.84
15.085
15.35
15.585
15.65
15.83
16.085
16.605
16.845
16.94
17.145
17.315
17.585
17.865
17.965
18.115
18.36
18.615
18.84
18.95
19.285
19.34
19.565
19.76
20.005
20.08
20.125
20.83
21.09
21.86
22.14
22.69
22.935
23.21
23.45
23.7
23.97
24.23
24.755
25.03
25.3
25.78
26.1
26.355
26.875
27.145
27.415
27.89
28.145
28.21
28.425
28.945
29.35
29.445
