0.205
0.37
0.545
0.745
0.78
0.965
1.135
1.345
1.525
1.73
1.885
2.105
2.28
2.5
2.65
2.865
3.02
3.4
3.6
3.64
3.785
3.98
4.2
4.385
4.575
4.965
5.15
5.31
5.52
5.715
5.885
6.1
6.285
6.485
6.66
6.85
7.075
7.24
7.255
7.42
7.445
7.625
7.65
7.825
8.005
8.205
8.4
8.595
8.765
8.97
9.35
9.51
9.53
9.715
9.89
9.93
10.15
10.29
10.305
10.5
10.665
10.685
11.045
11.24
11.395
11.43
11.64
11.775
11.805
11.995
12.19
12.205
12.375
12.565
12.775
12.95
13.335
13.525
13.745
14.095
14.3
14.485
14.665
14.845
14.88
15.045
15.11
15.23
15.44
15.63
15.825
15.85
16.02
16.23
16.385
16.6
16.745
16.99
17.175
17.35
17.38
17.545
17.825
17.925
18.135
18.515
18.665
18.88
19.07
19.44
19.655
19.835
20.055
20.22
20.415
20.6
20.82
21.0
21.2
21.39
21.58
21.775
21.97
21.99
22.155
22.35
22.52
22.74
22.89
22.915
23.09
23.195
23.28
23.455
23.66
24.01
24.23
24.385
24.43
24.65
24.8
25.005
25.19
25.385
25.55
25.78
25.94
26.15
26.315
26.715
26.9
27.06
27.28
27.35
27.435
27.82
28.025
28.155
28.2
28.425
28.58
28.595
28.76
28.89
28.96
29.15
29.355
29.55
29.715
29.75
29.97
