1.685
1.705
2.365
2.53
2.79
2.995
3.395
3.415
3.595
3.66
4.06
4.235
4.27
4.61
5.1
5.25
5.315
5.475
6.55
6.745
6.92
7.105
7.755
7.945
8.585
8.785
8.975
9.2
9.635
10.115
10.195
10.405
10.79
11.015
11.43
11.645
12.285
12.705
12.76
12.95
13.26
13.565
13.85
14.05
14.165
14.535
14.655
14.965
15.06
15.15
15.27
15.36
15.545
15.985
16.58
17.205
17.565
17.81
18.055
18.095
18.21
18.29
18.43
18.54
18.61
18.805
18.855
19.035
19.495
19.735
20.265
20.375
20.45
20.975
21.62
22.245
22.31
22.455
22.48
22.665
22.885
23.32
23.495
23.885
24.105
24.26
24.72
25.305
25.95
26.53
27.165
27.545
27.78
28.115
28.205
28.42
28.805
29.03
29.365
29.67
