0.09
0.16
0.28
0.61
0.925
0.995
1.24
1.64
1.885
2.0
2.07
2.165
2.37
2.5
2.56
2.775
2.965
3.05
3.185
3.535
3.835
3.905
4.16
4.285
4.4
4.615
4.74
5.095
5.31
5.63
5.815
5.97
6.165
6.335
6.47
7.01
7.155
7.32
7.96
8.155
8.21
8.39
8.855
9.205
9.39
9.485
9.715
9.755
9.91
10.08
10.42
10.555
10.625
10.795
10.935
11.225
11.29
11.8
11.975
12.175
12.33
12.43
12.5
12.69
12.875
13.005
13.39
13.57
13.91
14.12
14.265
14.62
14.75
14.92
15.08
15.32
15.44
15.96
16.305
16.495
16.64
17.055
17.15
17.3
17.49
17.625
17.78
17.835
17.99
18.14
18.345
18.385
18.51
18.6
18.655
18.77
18.855
19.2
19.365
19.56
19.7
19.785
19.87
20.04
20.215
20.43
20.59
20.75
20.945
21.26
21.5
21.65
21.775
22.295
22.48
22.66
22.79
23.02
23.145
23.35
23.705
24.205
24.37
24.585
24.63
24.745
25.1
25.26
25.43
25.82
25.935
26.005
26.34
26.66
26.865
26.985
27.1
27.185
27.34
27.535
27.745
27.875
28.095
28.39
28.585
28.7
28.9
29.085
29.25
29.415
29.61
29.785
