0.325
0.555
0.58
0.795
1.135
1.255
1.465
1.695
1.92
2.16
2.4
2.625
3.09
3.305
3.545
3.78
4.015
4.235
4.46
4.915
5.125
5.37
5.615
5.835
6.06
6.3
6.53
6.76
6.96
7.21
7.43
7.66
7.9
8.035
8.12
8.25
8.38
8.61
8.84
9.065
9.285
9.35
9.59
9.775
10.19
10.43
10.67
10.89
11.075
11.145
11.36
11.455
11.565
11.795
11.87
12.02
12.255
12.48
12.72
12.765
12.94
13.18
13.31
13.445
13.885
14.1
14.31
14.535
14.775
15.02
15.26
15.415
15.49
15.71
15.96
16.08
16.15
16.39
16.64
16.825
16.86
17.09
17.235
17.325
17.52
17.79
17.985
18.085
18.17
18.43
18.46
18.685
18.9
18.93
19.015
19.38
19.625
19.835
20.07
20.14
20.305
20.535
20.7
20.765
21.005
21.075
21.235
21.46
21.69
21.75
21.91
22.37
22.6
22.825
23.05
23.065
23.28
23.51
23.68
23.755
23.95
24.195
24.42
24.615
24.885
25.055
25.135
25.31
25.39
25.565
25.815
26.05
26.24
26.715
26.955
27.165
27.4
27.66
27.845
28.06
28.085
28.56
28.785
28.8
29.025
29.09
29.235
29.7
29.885
29.925
