0.315
0.555
0.67
0.785
1.28
1.765
2.26
2.735
3.22
3.56
3.695
3.915
4.07
4.185
4.575
4.685
5.075
5.165
5.65
6.145
6.355
6.43
6.63
6.89
7.025
7.11
7.6
7.75
7.825
8.07
8.345
8.54
8.825
9.02
9.065
9.28
9.425
9.76
10.01
10.24
10.475
10.72
10.86
10.935
11.1
11.315
11.46
11.7
11.935
12.16
12.405
12.65
12.76
12.895
13.1
13.28
13.37
13.73
13.84
14.055
14.19
14.335
14.525
14.79
14.82
15.04
15.28
15.525
15.765
16.035
16.27
16.51
16.76
16.98
17.23
17.475
17.715
17.97
18.195
18.435
18.46
18.685
19.41
19.67
21.55
21.805
21.99
22.255
22.44
22.53
23.035
23.27
23.525
23.76
23.99
24.235
24.47
24.945
25.2
25.44
25.68
25.91
26.175
26.24
26.39
26.72
26.89
27.12
27.38
27.635
27.845
28.025
28.08
28.325
28.58
28.83
29.04
29.175
29.3
29.545
29.775
