0.225
0.45
0.92
1.15
1.37
1.605
1.855
2.075
2.3
2.545
2.77
3.01
3.265
3.46
3.705
4.16
4.665
4.89
5.105
5.36
5.825
6.055
6.505
6.54
6.755
6.98
7.185
7.305
7.43
7.91
8.13
8.6
8.85
9.075
9.775
10.22
10.49
10.695
10.73
10.95
11.13
11.19
11.39
11.55
11.65
11.77
11.895
12.115
12.36
12.555
12.83
13.315
13.535
14.0
14.24
14.44
14.465
14.665
14.91
15.165
15.27
15.37
15.63
15.86
16.105
16.345
16.565
17.28
17.75
18.0
18.14
18.235
18.475
18.495
18.695
18.945
19.16
19.58
19.66
19.855
19.9
20.28
20.365
21.06
21.53
21.78
22.02
22.205
22.425
22.48
22.63
22.715
22.945
23.225
23.435
23.5
23.655
23.685
23.91
24.145
24.16
24.48
24.59
24.855
25.31
25.54
25.78
26.01
26.22
26.465
26.63
26.72
27.055
27.43
27.495
27.94
28.41
28.635
29.06
29.32
29.54
29.575
29.745
29.775
