1.115
1.155
1.47
2.275
2.4
2.825
3.0
3.41
3.545
3.67
3.895
4.065
4.31
4.685
4.925
5.395
5.585
5.635
5.985
6.09
6.22
6.525
6.84
7.055
7.51
7.685
7.9
8.105
8.185
8.74
8.785
9.34
9.39
9.815
10.01
10.38
10.625
11.025
11.25
11.64
11.88
12.265
12.28
12.505
12.72
12.915
13.165
13.53
13.73
13.98
14.295
14.37
15.04
15.68
16.09
16.295
16.34
16.84
16.92
16.965
17.59
17.975
18.2
18.24
18.815
18.895
19.485
19.95
20.13
20.16
20.505
20.795
20.905
21.1
21.41
21.735
21.85
22.02
22.085
22.365
22.65
23.11
23.2
23.3
23.75
23.935
23.97
24.645
24.855
25.03
25.22
25.645
25.765
25.84
25.89
26.26
26.52
26.55
26.93
27.1
27.125
27.575
27.77
28.015
28.205
28.43
28.845
29.03
29.055
29.445
29.66
