0.515
0.72
0.94
0.985
1.16
1.38
1.605
1.82
2.025
2.25
2.46
2.665
2.95
3.145
3.34
3.44
3.535
3.635
3.725
3.98
4.21
4.38
4.545
4.75
4.97
5.4
5.605
5.84
6.08
6.255
6.47
6.695
6.945
7.12
7.325
7.35
7.65
7.755
7.975
8.18
8.4
8.59
8.815
9.035
9.25
9.495
9.68
9.9
10.09
10.11
10.345
10.54
10.755
10.975
11.18
11.395
11.605
11.83
12.065
12.255
12.46
12.69
12.915
13.09
13.12
13.32
13.345
13.54
13.77
13.955
13.985
14.185
14.37
14.605
14.84
15.035
15.265
15.465
15.68
15.885
15.915
16.075
16.41
16.5
16.685
16.74
16.88
16.97
17.16
17.33
17.43
17.55
17.745
17.84
18.265
18.72
18.905
19.125
19.345
19.555
19.775
19.985
20.205
20.43
20.645
20.845
21.055
21.265
21.48
21.7
21.905
21.945
22.15
22.34
22.55
22.765
22.985
23.2
23.415
23.615
23.815
23.88
24.045
24.255
24.285
24.485
24.68
24.905
25.105
25.315
25.53
25.855
25.965
26.175
26.39
26.6
26.82
26.85
27.025
27.055
27.27
27.46
27.66
27.855
28.045
28.3
28.515
28.725
28.88
29.135
29.375
29.58
