0.28
0.485
0.94
1.17
1.38
1.6
1.84
2.055
2.225
2.705
2.945
3.385
3.415
3.705
3.86
4.105
4.315
4.545
4.765
5.0
5.015
5.225
5.435
5.675
5.9
6.355
6.535
6.58
6.75
7.01
7.465
7.705
8.14
8.35
8.6
8.8
9.045
9.245
9.475
9.685
10.145
10.41
10.505
10.605
10.815
11.045
11.255
11.495
11.94
12.19
12.315
12.4
12.615
12.84
13.08
13.28
13.515
13.72
13.985
14.175
14.385
14.46
14.62
14.835
15.025
15.065
15.52
15.755
15.96
16.185
16.395
16.63
16.83
17.08
17.3
17.525
17.735
17.905
17.98
18.19
18.405
18.625
18.875
19.055
19.07
19.525
19.72
19.955
20.155
20.18
20.63
20.855
21.305
21.485
21.735
21.94
22.41
22.62
23.055
23.085
23.275
23.385
23.71
24.145
24.18
24.365
24.59
24.87
25.035
25.26
25.5
25.7
25.89
25.93
26.15
26.37
26.545
26.61
26.665
26.81
27.04
27.255
27.69
27.935
28.16
28.185
28.375
28.595
28.82
29.02
29.485
29.71
