0.605
0.83
1.495
1.905
2.32
2.755
2.985
3.165
3.64
4.05
4.51
4.72
4.91
5.795
6.235
6.545
6.625
6.7
7.12
7.555
7.945
8.0
8.205
8.41
8.64
8.85
8.89
9.255
9.47
9.67
9.72
9.905
10.135
10.54
10.695
10.965
11.415
11.635
11.835
11.855
12.085
12.28
12.69
12.935
13.13
13.35
13.565
13.99
14.415
14.845
15.065
15.28
15.72
15.995
16.125
16.405
16.57
16.765
16.87
17.005
17.43
17.795
17.87
18.195
18.305
18.525
18.725
18.795
19.08
19.165
19.505
19.57
19.65
19.94
20.005
20.435
20.46
21.03
21.6
21.85
22.1
22.195
22.53
22.63
22.75
23.045
23.285
23.335
23.565
23.845
24.395
24.415
24.79
24.995
25.235
25.51
26.025
26.1
26.67
26.925
27.175
27.495
27.755
28.37
28.875
29.43
