0.095
0.295
0.565
0.775
1.015
1.235
1.645
1.9
2.12
2.585
2.735
2.805
3.03
3.26
3.395
3.71
3.905
4.16
4.37
4.61
4.7
4.825
5.285
5.32
5.545
5.775
6.24
6.45
6.67
6.91
7.14
7.36
7.57
7.82
8.025
8.255
8.445
8.485
8.94
9.14
9.365
9.78
10.03
10.265
10.48
10.7
10.92
11.105
11.355
11.575
11.805
12.0
12.055
12.47
12.535
12.735
12.965
13.425
13.56
13.66
13.74
14.12
14.35
14.565
14.82
15.03
15.245
15.47
15.705
16.12
16.15
16.395
16.595
17.045
17.245
17.715
17.775
18.155
18.41
18.555
18.595
18.815
19.045
19.145
19.285
19.655
19.745
19.97
20.19
20.655
20.875
21.1
21.325
21.55
21.785
21.985
22.24
22.44
22.675
22.72
22.91
23.195
23.345
23.78
24.195
24.44
24.655
24.875
25.325
25.515
25.54
25.755
25.95
26.15
26.37
26.76
26.995
27.225
27.46
27.89
28.125
28.305
28.355
28.59
28.815
28.87
28.995
29.145
29.6
29.675
29.86
