0.3
0.525
0.985
1.275
1.47
1.5
1.755
1.95
1.98
2.265
2.455
2.745
2.875
3.155
3.375
3.675
3.905
4.39
4.67
4.845
5.105
5.355
5.67
5.815
5.83
6.055
6.15
6.31
6.365
6.54
6.805
7.03
7.295
7.575
7.775
8.115
8.3
8.575
8.735
9.05
9.195
9.275
9.55
9.73
9.965
10.24
10.515
10.675
10.95
11.195
11.64
11.95
12.15
12.46
12.63
12.96
13.14
13.45
13.6
14.1
14.425
14.57
14.825
15.055
15.325
15.54
15.83
15.985
16.055
16.475
16.965
17.24
17.26
17.44
17.765
17.935
18.215
18.415
18.71
18.725
18.91
19.215
19.395
19.7
19.725
19.915
20.075
20.105
20.67
20.88
20.905
21.145
21.21
21.785
21.86
21.885
22.365
22.64
22.79
23.31
23.635
23.805
24.27
24.31
24.5
24.575
24.795
25.06
25.25
25.28
25.6
25.745
26.055
26.215
26.5
26.725
27.05
27.19
27.53
27.72
28.025
28.175
28.5
28.69
28.735
29.155
29.45
29.675
29.955
