0.255
0.495
0.73
0.765
0.975
1.245
1.47
1.75
1.85
1.95
2.175
2.37
2.445
2.695
2.91
3.16
3.42
3.655
3.795
3.88
4.115
4.36
4.595
4.755
4.845
5.085
5.345
5.595
5.815
6.06
6.3
6.565
6.785
7.045
7.28
7.535
7.775
8.01
8.25
8.495
8.535
8.645
8.735
8.985
9.22
9.245
9.485
9.705
9.95
10.195
10.47
10.675
10.925
11.185
11.43
11.64
11.89
12.125
12.155
12.42
12.615
12.875
13.105
13.36
13.385
13.51
13.58
13.615
13.85
14.075
14.115
14.35
14.55
14.595
14.835
15.065
15.315
15.55
15.8
16.04
16.3
16.395
16.515
16.74
16.755
17.005
17.255
17.48
17.71
17.965
18.205
18.445
18.675
18.94
19.17
19.395
19.635
19.89
20.135
20.35
20.595
20.7
20.825
21.095
21.23
21.325
21.54
21.575
21.815
22.055
22.07
22.285
22.535
22.78
23.02
23.255
23.49
23.52
23.74
23.985
24.055
24.215
24.365
24.45
24.68
24.71
24.81
24.955
25.185
25.425
25.68
25.92
26.135
26.16
26.31
26.395
26.545
26.655
26.79
26.89
27.115
27.335
27.36
27.59
27.765
27.845
28.065
28.085
28.31
28.335
28.395
28.56
28.85
29.05
29.295
29.4
29.55
29.71
29.945
