0.32
1.01
1.35
1.57
1.66
1.98
2.295
2.345
2.66
2.985
3.33
3.66
3.98
4.145
4.305
4.345
4.61
4.64
4.985
5.235
5.3
5.635
6.32
6.64
6.965
7.33
7.66
8.0
8.23
8.285
8.965
9.29
9.615
9.96
10.3
10.63
10.965
11.63
11.965
12.0
12.29
12.99
13.315
13.625
13.75
13.935
14.05
14.29
14.625
14.945
15.285
15.61
15.94
15.975
16.275
16.935
17.285
17.6
18.255
18.575
18.89
19.115
19.2
19.525
19.93
20.56
20.905
21.23
21.555
22.21
22.535
22.87
23.185
23.505
23.665
23.815
24.13
24.45
24.78
25.11
25.44
25.64
25.775
26.1
26.425
26.725
27.045
27.37
27.705
28.045
28.06
28.38
28.535
28.695
29.025
29.345
29.665
29.835
29.98
