0.98
1.39
1.62
1.845
2.06
2.295
2.825
3.485
3.755
4.115
4.32
4.65
4.725
5.01
5.13
5.31
5.39
5.585
5.99
6.275
6.535
6.7
6.935
7.17
7.55
7.655
7.91
8.065
8.26
8.36
8.605
8.995
9.275
9.41
9.69
9.825
10.115
10.34
10.585
10.64
10.745
10.86
11.38
11.49
11.665
11.8
11.93
12.08
12.215
12.91
13.235
13.33
13.645
13.815
13.875
14.06
14.285
14.39
14.545
14.71
14.775
15.255
15.525
15.655
15.93
16.23
16.54
16.64
16.97
17.1
17.77
17.985
18.19
18.3
18.49
18.605
19.145
19.345
19.475
19.525
20.28
20.58
20.685
20.885
21.01
21.355
21.77
22.325
22.68
23.015
23.095
23.64
23.78
24.13
24.33
24.645
24.935
25.18
25.61
25.69
26.28
26.52
26.64
26.825
26.93
27.055
27.24
27.365
27.735
27.89
29.225
