0.065
0.17
0.2
0.38
0.57
0.725
0.96
1.105
1.335
1.49
1.52
1.68
1.695
1.87
2.07
2.225
2.25
2.445
2.625
2.84
3.015
3.21
3.38
3.765
3.97
4.115
4.495
4.525
4.875
5.025
5.25
5.31
5.435
5.63
5.655
5.835
6.01
6.215
6.375
6.59
6.755
6.965
7.125
7.15
7.375
7.51
7.74
7.88
8.26
8.46
8.49
8.645
9.025
9.235
9.405
9.59
9.785
9.99
10.145
10.375
10.405
10.53
10.745
10.89
10.93
11.27
11.385
11.665
12.03
12.045
12.26
12.415
12.61
12.76
12.8
12.99
13.135
13.365
13.525
13.72
13.905
13.935
14.275
14.575
14.65
15.045
15.24
15.41
15.61
15.785
16.0
16.145
16.36
16.535
16.74
16.91
17.12
17.29
17.47
17.67
18.05
18.245
18.43
18.81
19.005
19.175
19.41
19.55
19.705
19.77
19.91
20.175
20.285
20.395
20.52
20.675
21.07
21.27
21.295
21.435
21.825
22.03
22.18
22.205
22.375
22.555
22.72
22.935
23.33
23.56
23.71
24.08
24.285
24.46
24.825
25.04
25.21
25.23
25.56
25.595
25.97
26.01
26.15
26.21
26.365
26.62
26.735
27.12
27.33
27.5
27.71
27.87
28.065
28.255
28.5
28.62
28.835
28.995
29.21
29.37
29.445
29.57
29.73
29.985
