0.125
0.22
0.39
0.54
0.575
0.725
0.76
1.085
1.3
1.64
1.665
2.03
2.145
2.365
2.445
2.53
2.87
3.085
3.11
3.245
3.59
3.8
3.96
4.13
4.18
4.3
4.545
4.67
4.845
5.02
5.235
5.385
5.595
5.755
5.955
6.165
6.32
6.47
6.69
6.865
7.195
7.43
7.545
7.585
7.905
8.13
8.275
8.62
8.85
9.21
9.345
9.565
9.93
10.055
10.085
10.305
10.4
10.44
10.595
10.765
11.145
11.34
11.485
11.705
11.725
12.06
12.195
12.43
12.56
12.65
12.91
13.145
13.26
13.305
13.49
13.625
13.845
13.995
14.205
14.355
14.565
14.705
14.92
15.06
15.28
15.425
15.765
15.805
16.04
16.13
16.365
16.48
16.68
16.845
16.88
17.06
17.195
17.31
17.41
17.545
17.565
17.765
17.9
18.13
18.155
18.26
18.28
18.5
18.62
18.865
19.015
19.22
19.33
19.72
19.9
20.05
20.625
20.77
20.955
20.995
21.165
21.36
21.47
21.725
22.205
22.43
22.56
22.78
22.915
23.16
23.32
23.335
23.525
23.65
23.895
24.07
24.245
24.365
24.74
24.975
25.085
25.165
25.47
25.69
25.81
26.04
26.185
26.39
26.525
26.755
26.915
27.105
27.25
27.48
27.55
27.85
27.98
28.035
28.21
28.375
28.565
28.68
28.765
28.945
29.13
29.32
29.685
29.985
