0.045
0.32
0.34
0.6
0.885
1.185
1.45
1.74
2.045
2.33
2.62
2.915
3.215
3.505
3.8
4.1
4.385
4.675
4.985
5.265
5.425
5.85
6.145
6.44
6.725
7.015
7.45
7.735
7.865
8.33
8.77
9.055
9.24
9.35
9.53
9.665
9.805
9.92
10.07
10.235
10.51
10.685
11.11
11.39
11.53
11.695
11.975
12.135
12.585
12.87
13.05
13.48
13.93
14.06
14.34
14.365
14.65
14.935
15.23
15.39
15.67
15.815
16.105
16.25
16.385
16.705
16.835
17.005
17.17
17.28
17.565
17.745
18.155
18.455
18.615
18.74
19.035
19.34
19.65
19.93
20.085
20.52
20.55
21.125
21.58
22.005
22.3
22.455
22.6
22.9
23.175
23.345
23.46
23.77
24.045
24.335
24.365
24.63
24.78
25.22
25.525
25.685
25.8
26.115
26.425
26.7
27.62
27.765
28.04
28.195
28.485
28.78
28.925
29.07
29.205
29.36
29.505
29.64
29.79
29.95
