0.475
0.72
0.78
0.985
1.01
1.285
1.46
1.52
1.84
2.04
2.215
2.245
2.445
2.52
2.55
2.705
2.84
3.075
3.26
3.605
3.865
4.13
4.39
4.67
5.2
5.45
5.55
5.69
5.745
6.275
6.475
6.72
6.79
7.015
7.09
7.29
7.53
7.82
8.075
8.345
8.875
9.12
9.395
9.625
9.69
9.91
10.175
10.44
10.965
11.24
11.485
11.78
11.995
12.525
12.835
13.065
13.325
13.45
13.58
13.865
14.11
14.325
14.585
14.635
14.86
14.935
15.16
15.47
15.705
15.925
16.12
16.225
16.485
16.77
17.02
17.265
17.545
17.81
18.335
18.61
18.875
19.17
19.41
19.64
19.685
19.865
19.925
20.095
20.195
20.45
20.715
20.975
21.51
21.8
22.07
22.575
23.105
23.375
23.635
23.91
24.155
24.355
24.45
24.665
24.905
25.145
25.205
25.4
25.49
25.665
25.745
26.005
26.155
26.255
26.61
26.795
27.08
27.325
27.61
27.85
28.13
28.375
28.63
28.91
29.25
29.455
29.66
29.98
