0.29
0.64
0.765
0.985
1.345
1.665
1.84
2.36
2.545
2.7
3.035
3.225
3.37
3.585
3.685
3.72
3.93
4.07
4.395
4.565
4.745
4.945
5.075
5.43
5.75
6.095
6.43
6.765
6.785
7.115
7.8
7.995
8.15
8.46
8.665
8.81
9.0
9.155
9.33
9.63
9.835
10.195
10.345
10.51
10.665
10.875
11.185
11.535
11.895
12.23
12.335
12.56
12.83
12.85
13.235
13.555
13.595
13.905
14.095
14.6
14.76
14.93
15.09
15.28
15.455
15.62
15.775
15.96
16.305
16.495
16.645
16.795
16.855
17.0
17.33
17.65
17.83
18.005
18.165
18.19
18.345
18.68
18.87
19.005
19.04
19.345
19.535
19.705
20.06
20.395
20.545
20.735
21.065
21.24
21.4
21.575
21.605
21.75
22.065
22.275
22.765
23.11
23.225
23.375
23.44
23.775
23.99
24.115
24.32
24.42
24.775
24.96
25.13
25.47
25.815
25.96
26.15
26.48
26.665
26.82
27.39
27.495
27.84
28.19
28.545
28.865
29.045
29.39
29.555
