0.275
0.345
0.47
0.705
0.91
1.065
1.12
1.315
1.525
1.725
1.93
2.18
2.195
2.645
2.85
3.565
3.635
3.78
3.995
4.19
4.41
4.64
5.265
5.325
5.52
5.73
5.92
6.15
6.365
6.805
7.225
7.45
7.645
7.84
8.04
8.46
8.66
8.785
8.86
9.04
9.075
9.305
9.53
9.7
9.735
10.2
10.31
10.4
10.615
10.815
11.025
11.24
11.45
11.62
11.68
11.89
12.015
12.085
12.325
12.53
12.745
12.965
13.17
13.425
13.6
13.805
13.95
14.01
14.08
14.22
14.44
14.65
14.825
14.865
15.085
15.29
15.455
15.49
15.72
15.93
16.4
16.595
16.625
17.325
17.58
17.77
18.03
18.365
18.675
18.9
18.96
19.045
19.275
19.55
19.955
20.235
20.655
20.855
21.07
21.295
21.5
21.695
21.9
22.3
22.335
22.535
22.74
22.94
23.16
23.415
23.59
24.035
24.26
24.395
24.69
25.355
25.6
25.795
26.025
26.245
27.465
27.55
27.875
27.945
28.005
28.07
28.22
28.35
28.41
28.605
29.015
29.235
29.435
