0.16
0.52
0.745
1.095
1.425
1.8
1.945
2.045
2.17
2.29
2.54
2.655
2.915
3.015
3.265
3.39
3.51
3.66
3.755
4.14
4.515
4.76
4.89
5.2
5.27
5.48
5.645
5.855
6.19
6.54
6.73
6.895
7.045
7.255
7.425
7.62
7.785
7.985
8.125
8.38
8.475
8.725
9.05
9.775
10.285
10.88
11.235
11.67
11.75
12.12
12.715
13.035
13.395
13.74
13.92
14.285
14.655
15.03
15.41
15.625
15.79
15.99
16.155
16.36
16.525
16.72
16.865
17.11
17.23
17.455
17.59
17.815
18.155
18.315
18.575
18.945
19.065
19.295
19.42
19.66
19.79
20.16
20.38
20.715
21.405
21.935
22.115
22.205
22.315
22.555
22.895
23.46
23.615
23.775
23.965
24.12
24.32
24.48
24.69
24.845
25.035
25.44
25.58
25.925
26.14
26.31
26.545
27.05
27.635
28.015
28.155
28.26
28.375
28.515
28.885
29.255
29.49
