0.27
0.525
0.755
0.78
0.915
0.995
1.215
1.72
1.945
2.165
2.41
2.48
2.615
2.85
2.87
3.095
3.325
3.59
3.825
4.05
4.3
4.545
4.77
5.005
5.255
5.275
5.495
5.72
5.945
6.19
6.42
6.65
6.885
7.37
7.615
7.83
8.085
8.31
8.55
8.775
9.035
9.265
9.5
9.725
9.975
10.205
10.44
10.66
10.905
11.175
11.395
11.615
11.87
12.095
12.335
12.56
12.81
13.035
13.275
13.5
13.75
13.985
14.215
14.44
14.695
14.93
15.165
15.39
15.64
15.875
16.1
16.325
16.57
16.635
16.805
17.045
17.27
17.515
17.755
17.995
18.215
18.47
18.695
18.965
19.175
19.41
19.655
19.9
20.12
20.345
20.505
20.53
20.605
20.845
21.065
21.265
21.315
21.54
21.775
22.0
22.26
22.48
22.725
22.94
23.2
23.39
23.425
23.445
23.665
23.89
24.135
24.38
24.61
24.84
25.075
25.185
25.295
25.54
25.765
26.02
26.245
26.49
26.7
26.955
27.16
27.19
27.425
27.645
27.68
27.85
28.125
28.16
28.36
28.58
28.83
29.06
29.29
29.515
