0.385
0.615
0.84
1.075
1.305
1.53
1.77
1.99
2.225
2.47
2.695
2.945
3.125
3.32
3.385
3.635
3.88
4.065
4.115
4.35
4.59
4.815
5.285
5.76
6.0
6.2
6.68
7.145
7.635
7.89
8.085
8.585
8.805
9.01
9.525
9.76
9.995
10.255
10.46
10.695
10.925
11.42
11.64
11.87
12.125
12.35
12.595
12.825
13.035
13.295
13.515
13.76
14.23
14.39
14.5
14.68
14.935
15.16
15.62
16.1
16.34
16.57
17.03
17.27
17.48
17.515
17.755
17.945
17.985
18.145
18.215
18.45
18.945
19.14
19.16
19.415
19.885
20.105
20.34
20.805
20.925
21.15
21.29
21.76
21.945
22.02
22.225
22.36
22.68
22.94
23.18
23.465
23.625
23.87
23.895
24.075
24.095
24.34
24.565
24.81
25.01
25.055
25.27
25.5
25.74
25.95
26.245
26.42
26.665
26.89
27.375
27.62
27.705
27.83
28.095
28.31
28.505
28.745
28.785
29.0
29.02
29.24
29.49
29.72
