0.49
0.725
1.27
1.55
1.795
2.09
2.325
2.53
2.595
2.795
2.875
3.14
3.38
3.65
3.915
4.155
4.415
4.905
4.965
5.5
5.75
6.0
6.055
6.265
6.53
6.785
7.045
7.095
7.24
7.38
7.57
8.085
8.59
8.885
9.02
9.35
9.605
9.89
10.135
10.41
10.635
10.91
11.18
11.445
11.685
11.935
12.195
12.46
12.645
12.71
12.965
13.23
13.48
13.675
13.735
13.995
14.26
14.52
14.77
15.02
15.28
15.53
15.78
16.005
16.055
16.285
16.555
16.78
17.26
17.325
17.855
18.07
18.37
18.625
18.87
19.095
19.33
19.395
19.865
19.925
20.175
20.37
20.445
20.61
20.905
20.935
21.195
21.455
21.68
21.905
21.965
21.98
22.23
22.475
22.66
22.74
22.985
23.24
23.275
23.5
23.77
23.86
24.02
24.29
24.545
24.81
25.005
25.065
25.235
25.31
25.575
25.86
26.085
26.175
26.375
26.545
26.63
26.86
27.105
27.185
27.33
27.4
27.64
28.12
28.185
28.375
28.675
29.21
29.48
29.5
29.585
29.735
29.985
