0.1
0.2
0.46
0.73
0.775
0.835
0.93
1.165
1.41
1.44
1.64
1.88
1.915
2.145
2.32
2.37
2.62
2.87
3.06
3.315
3.355
3.575
3.775
4.025
4.05
4.27
4.485
4.505
4.755
5.04
5.125
5.22
5.465
5.545
5.755
5.885
6.155
6.47
6.62
6.865
7.04
7.115
7.265
7.345
7.595
7.635
7.945
8.055
8.295
8.42
8.59
8.685
8.765
8.995
9.045
9.32
9.44
9.69
9.73
9.935
10.075
10.155
10.405
10.45
10.695
10.775
10.845
11.1
11.155
11.55
11.79
12.065
12.11
12.23
12.48
12.515
12.73
12.76
12.965
13.22
13.585
13.69
13.935
14.4
14.63
14.665
14.92
14.985
15.095
15.355
15.595
15.625
15.805
15.83
16.05
16.07
16.455
16.53
16.79
16.835
17.23
17.275
17.475
17.53
17.755
17.825
17.94
18.19
18.45
18.65
18.9
19.335
19.385
19.63
19.685
20.075
20.325
20.63
20.655
20.695
20.78
21.03
21.275
21.49
21.755
21.79
22.18
22.22
22.45
22.5
22.905
23.14
23.2
23.43
23.475
23.605
23.865
24.135
24.315
24.36
24.625
24.92
25.075
25.25
25.315
25.745
25.995
26.035
26.355
26.445
26.705
26.955
27.185
27.425
27.675
27.9
28.145
28.395
28.58
28.835
29.09
29.165
29.29
29.53
29.56
29.785
