0.37
0.655
0.755
1.015
1.145
1.41
1.465
1.795
1.91
2.115
2.185
2.29
2.54
2.685
2.875
2.94
3.06
3.275
3.34
3.46
3.71
3.83
4.045
4.21
4.235
4.465
4.605
4.855
4.98
5.21
5.375
5.63
5.76
6.085
6.145
6.425
6.55
6.77
6.925
7.155
7.2
7.32
7.575
7.695
7.95
8.09
8.465
8.725
8.87
9.135
9.245
9.515
9.64
9.89
10.025
10.265
10.42
10.65
10.765
10.97
11.175
11.395
11.415
11.555
11.775
11.825
11.95
12.19
12.335
12.585
12.71
13.0
13.095
13.36
13.485
13.74
13.775
13.88
14.135
14.255
14.525
14.65
14.76
14.87
15.03
15.25
15.44
15.67
15.785
15.82
16.195
16.445
16.585
16.875
16.97
17.23
17.36
17.615
17.755
18.005
18.135
18.52
18.745
18.91
19.15
19.295
19.53
19.69
20.065
20.325
20.46
20.71
20.84
21.005
21.105
21.225
21.605
21.87
21.99
22.265
22.39
22.625
22.775
23.035
23.15
23.425
23.535
23.79
23.92
24.2
24.31
24.575
24.695
24.945
25.085
25.31
25.47
25.71
25.86
26.09
26.225
26.465
26.59
26.855
26.98
27.405
27.79
28.19
28.39
28.445
28.56
28.79
28.815
28.955
29.225
29.325
29.715
29.735
29.97
