0.335
0.65
0.845
1.535
1.67
1.9
2.24
2.565
2.805
2.92
2.97
3.14
3.31
3.47
3.62
3.82
4.0
4.15
4.205
4.355
4.685
4.75
5.04
5.21
5.39
5.425
5.635
5.75
5.93
6.065
6.465
6.635
6.79
6.825
7.175
7.515
7.85
8.2
8.23
8.535
8.785
8.9
9.23
9.595
9.73
9.935
9.97
10.125
10.285
10.645
10.685
10.82
10.995
11.25
11.34
11.5
11.69
12.045
12.22
12.395
13.125
13.43
14.12
14.455
14.695
14.81
14.85
15.005
15.06
15.425
15.51
15.84
16.2
16.53
16.89
17.235
17.385
17.58
17.95
18.265
18.645
18.97
19.155
19.3
19.665
19.86
20.005
20.12
20.345
20.705
21.02
21.335
21.52
21.7
22.04
22.26
22.41
22.605
22.8
23.085
23.455
23.785
24.105
24.205
24.295
24.38
24.445
24.66
24.8
25.19
25.325
25.885
26.225
26.565
26.77
26.825
27.145
27.27
27.61
27.78
27.965
28.15
28.67
29.02
29.21
29.355
29.55
29.75
