0.23
0.46
0.91
1.16
1.29
1.39
1.445
1.64
1.775
1.85
2.085
2.32
2.375
2.77
3.02
3.255
3.285
3.32
3.705
3.76
3.95
4.175
4.425
4.48
4.635
4.88
4.91
5.11
5.345
5.57
5.805
5.975
6.04
6.49
6.83
6.86
6.935
7.16
7.19
7.38
7.61
7.845
7.885
8.32
8.555
8.725
8.8
9.04
9.25
9.49
9.61
9.735
9.77
10.185
10.42
10.66
10.9
11.125
11.36
11.605
11.985
12.06
12.305
12.75
12.995
13.225
13.46
13.49
13.835
13.93
14.175
14.63
14.88
15.11
15.33
15.365
15.84
16.07
16.31
16.76
17.01
17.115
17.275
17.495
17.71
17.95
18.21
18.65
18.88
19.115
19.14
19.525
19.585
19.615
19.825
19.86
20.275
20.525
20.755
20.79
20.995
21.02
21.385
21.455
21.695
21.73
22.17
22.41
22.645
22.865
22.905
23.27
23.345
23.585
23.815
23.835
23.87
24.285
24.525
24.77
25.01
25.07
25.215
25.46
25.7
26.095
26.16
26.405
26.63
26.88
27.105
27.355
27.575
27.815
28.04
28.275
28.495
28.515
28.755
28.965
29.22
29.45
29.68
29.9
