0.58
0.87
1.14
1.415
1.67
1.96
2.09
2.23
2.51
2.77
3.055
3.195
3.315
3.585
3.74
3.865
4.15
4.27
4.4
4.565
4.675
4.94
5.23
5.495
5.755
6.005
6.02
6.3
6.43
6.57
6.84
7.11
7.39
7.52
7.64
7.925
8.075
8.195
8.475
8.61
8.735
8.925
9.015
9.155
9.27
9.56
9.83
10.1
10.245
10.35
10.64
10.775
10.91
11.2
11.335
11.48
11.73
11.855
12.02
12.3
12.44
12.565
12.72
12.81
12.965
13.12
13.38
13.51
13.645
13.925
14.18
14.34
14.465
14.605
14.72
14.865
15.0
15.13
15.26
15.525
15.735
15.815
16.085
16.125
16.21
16.345
16.635
16.78
16.89
17.035
17.145
17.305
17.42
17.44
17.68
17.815
17.975
18.125
18.255
18.525
18.785
18.935
19.055
19.2
19.325
19.47
19.59
19.85
19.99
20.145
20.35
20.41
20.505
20.675
20.95
21.21
21.35
21.47
21.615
21.75
21.915
22.04
22.305
22.45
22.5
22.57
22.71
22.85
23.11
23.25
23.375
23.53
23.66
23.795
23.92
24.195
24.345
24.465
24.615
24.695
24.75
24.845
25.005
25.285
25.42
25.545
25.695
25.8
25.98
26.07
26.365
26.625
26.77
27.01
27.17
27.44
27.595
27.7
27.845
27.97
28.115
28.245
28.515
28.785
29.055
29.18
29.335
29.61
29.875
