1.155
1.285
1.53
1.78
1.93
2.49
2.75
2.785
3.125
3.26
3.555
3.795
4.015
4.26
4.355
4.535
4.755
4.84
5.195
5.675
5.885
5.965
6.345
6.515
6.665
6.73
6.79
7.185
7.275
7.57
7.955
8.015
8.09
8.38
8.815
8.855
8.885
9.15
9.395
9.625
10.39
10.48
10.755
11.23
11.25
11.53
11.9
11.99
12.09
12.31
12.36
12.715
12.865
12.895
13.455
13.935
14.465
14.755
15.19
15.255
15.545
15.595
16.345
16.81
16.97
17.145
17.425
17.865
17.935
18.375
18.69
19.075
19.145
19.39
19.535
19.845
19.975
20.275
20.885
21.525
21.84
21.865
22.31
22.39
22.68
22.9
23.035
23.3
23.43
24.17
24.265
24.465
24.62
24.725
24.975
25.035
25.485
25.6
26.005
26.235
26.555
27.295
27.845
28.2
28.495
28.55
28.64
29.2
29.68
29.905
