0.115
0.13
0.35
0.445
0.595
0.695
0.95
1.245
1.34
1.385
1.455
1.555
1.68
1.935
2.075
2.175
2.28
2.32
2.425
2.65
2.915
3.32
3.405
3.65
3.89
3.91
4.115
4.38
4.61
4.65
4.905
5.125
5.51
5.69
5.955
6.04
6.245
6.33
6.39
6.7
6.78
6.98
7.05
7.395
7.79
8.25
8.455
8.515
8.585
8.655
8.725
8.88
9.06
9.165
9.395
9.72
10.05
10.545
10.94
11.22
11.31
11.46
11.65
11.68
11.95
12.065
12.14
12.435
12.575
12.69
12.945
13.09
13.35
13.435
13.58
13.665
13.735
13.93
13.97
14.065
14.29
14.41
14.65
14.905
15.03
15.285
15.38
15.535
15.63
15.715
15.885
15.945
16.14
16.27
16.39
16.515
16.61
16.87
17.01
17.03
17.115
17.345
17.495
17.595
17.875
18.105
18.39
18.5
18.585
18.675
18.955
19.23
19.315
19.62
19.925
19.97
20.24
20.71
21.065
21.33
21.4
21.485
21.765
21.875
22.2
22.515
22.85
22.88
23.315
23.345
23.615
23.83
23.96
24.04
24.28
24.365
24.69
24.91
24.995
25.025
25.345
25.69
25.835
26.46
26.555
26.79
26.905
26.975
27.21
27.34
27.49
27.69
27.95
28.195
28.355
28.575
28.685
28.83
28.94
29.045
29.18
29.305
29.405
29.535
29.66
29.785
29.895
