0.48
0.655
0.885
1.025
1.41
1.695
2.135
2.415
2.535
2.82
2.89
3.575
4.015
4.195
4.4
4.735
4.87
5.14
5.415
5.535
5.925
6.54
6.89
7.015
7.365
7.39
8.155
8.54
8.92
9.655
9.885
10.03
10.415
11.195
11.415
11.57
11.785
12.32
12.695
12.915
13.075
13.445
13.81
14.225
14.59
14.78
15.655
16.05
16.44
16.7
17.16
17.235
17.4
17.595
17.985
18.525
18.735
19.09
19.455
19.625
20.225
20.99
21.58
21.725
21.935
22.11
22.475
23.23
23.625
24.0
24.35
24.37
24.75
25.125
25.395
25.41
25.51
25.905
26.065
26.31
26.505
26.695
26.975
27.065
27.36
27.6
27.705
27.77
28.13
28.5
28.52
28.82
29.275
29.49
29.98
