0.27
0.55
0.815
1.11
1.375
1.65
1.815
1.915
2.075
2.185
2.35
2.455
2.745
3.01
3.295
3.555
3.84
3.99
4.1
4.24
4.37
4.54
4.65
4.955
5.22
5.52
5.775
6.065
6.225
6.34
6.615
6.89
7.155
7.44
7.71
7.98
8.18
8.25
8.425
8.525
8.805
8.975
9.085
9.355
9.635
9.815
9.91
10.06
10.18
10.445
10.73
10.88
11.0
11.155
11.27
11.535
11.825
11.975
12.11
12.38
12.53
12.66
12.805
12.93
13.2
13.475
13.745
14.03
14.085
14.315
14.58
14.855
15.04
15.13
15.415
15.685
15.95
15.98
16.23
16.5
16.675
16.77
16.925
16.95
17.045
17.32
17.6
17.775
17.875
18.14
18.425
18.575
18.695
18.86
18.97
19.23
19.515
19.68
19.795
19.95
20.075
20.345
20.635
20.905
21.175
21.445
21.61
21.705
21.875
21.97
22.0
22.125
22.245
22.8
23.08
23.345
23.625
23.895
24.17
24.44
24.73
24.99
25.28
25.545
25.83
26.1
26.375
26.655
26.84
26.935
27.205
27.48
27.745
28.025
28.285
28.56
28.825
29.115
29.385
29.665
