0.17
0.635
0.81
0.855
1.15
1.525
2.005
2.14
2.705
2.785
2.87
3.3
3.51
3.75
3.78
3.855
4.215
4.675
4.875
5.21
5.745
6.015
6.29
6.65
6.685
6.96
7.44
7.615
7.92
8.1
8.27
8.48
8.885
8.97
9.115
9.3
9.535
9.635
10.005
10.18
10.245
10.31
10.875
11.01
11.675
12.02
12.335
12.525
12.675
12.775
13.0
13.2
13.325
13.665
13.865
13.92
14.02
14.18
14.37
14.55
14.69
14.91
15.04
15.405
15.61
16.23
16.415
16.61
16.82
17.075
17.305
17.45
17.76
18.135
18.31
18.455
18.69
18.81
19.15
19.425
19.495
19.815
20.16
20.335
20.475
20.805
20.865
21.02
21.145
21.315
21.47
21.64
21.82
21.98
22.125
22.15
22.315
22.495
22.825
23.17
23.195
23.69
24.2
24.36
24.57
24.895
25.055
25.205
25.565
25.91
26.245
26.565
26.92
27.245
27.585
27.905
27.92
28.26
28.585
28.61
28.79
29.095
29.26
29.6
