0.565
1.47
1.775
2.25
2.325
2.885
3.23
3.545
3.73
4.085
4.64
4.705
4.965
4.98
5.275
5.57
5.86
6.155
6.44
6.725
7.52
7.64
7.945
8.51
8.53
9.405
9.685
9.975
10.29
11.21
11.495
11.79
11.96
12.09
12.79
12.985
13.265
13.57
13.77
13.88
14.455
14.77
15.055
15.335
15.4
15.545
15.645
16.13
16.24
16.525
16.815
17.13
17.425
17.715
18.035
18.305
18.63
18.925
19.19
19.205
19.695
20.085
20.395
20.68
20.895
20.975
20.995
21.875
22.16
22.46
22.765
23.665
23.98
24.265
24.565
24.89
25.46
25.755
26.03
26.33
26.695
27.24
27.515
28.095
28.16
28.465
28.725
29.005
29.185
