0.285
0.495
0.74
0.9
0.99
1.16
1.435
1.6
1.83
2.04
2.055
2.305
2.525
2.73
2.965
2.995
3.195
3.405
3.64
3.855
3.885
4.065
4.105
4.32
4.58
4.755
4.985
5.215
5.42
5.475
5.625
5.675
5.895
5.915
6.11
6.33
6.55
6.79
7.0
7.055
7.245
7.48
7.705
7.73
7.945
8.125
8.16
8.375
8.4
8.6
8.83
9.035
9.07
9.255
9.275
9.49
9.525
9.715
9.755
9.92
9.975
10.15
10.21
10.405
10.595
10.86
11.065
11.285
11.505
11.535
11.73
11.97
12.405
12.55
12.875
13.115
13.33
13.56
13.775
14.01
14.205
14.245
14.445
14.67
14.895
14.985
15.115
15.56
15.99
16.215
16.26
16.46
16.71
16.915
17.145
17.365
17.57
17.785
18.04
18.235
18.26
18.46
18.525
18.685
18.92
19.12
19.145
19.305
19.365
19.57
19.6
19.82
19.9
20.03
20.29
20.35
20.475
20.675
20.695
20.905
21.16
21.355
21.56
21.59
21.785
22.02
22.095
22.24
22.465
22.65
22.67
22.9
23.115
23.195
23.375
23.575
23.995
24.27
24.465
24.67
24.69
24.745
24.88
25.12
25.32
25.56
25.755
25.77
25.975
26.195
26.43
26.64
26.89
27.09
27.335
27.555
27.745
27.985
28.015
28.195
28.23
28.415
28.645
28.83
28.86
29.105
29.315
29.54
29.745
