0.235
0.785
1.07
1.125
1.3
1.62
1.635
1.665
1.83
1.85
2.16
2.36
2.69
2.895
3.43
3.955
4.275
4.49
5.015
5.38
5.57
5.905
6.1
6.4
6.62
6.97
7.17
7.49
7.685
8.05
8.215
8.555
8.755
9.285
9.635
9.805
10.335
10.45
10.645
10.865
11.08
11.425
11.74
11.94
12.49
12.82
13.015
13.345
13.54
13.89
14.08
14.6
14.94
15.13
15.66
16.005
16.195
16.72
17.055
17.245
17.585
17.775
18.115
18.31
18.625
18.84
19.155
19.395
19.695
19.89
20.205
20.425
20.595
20.7
20.77
20.97
21.175
21.26
21.49
22.025
22.05
22.38
22.555
22.91
23.09
23.385
23.605
23.955
24.155
24.705
24.915
25.065
25.12
25.24
25.575
25.755
26.285
26.605
26.82
27.345
27.7
27.875
28.235
28.41
28.745
28.94
29.475
29.49
29.8
29.98
