0.175
0.645
0.95
1.09
1.35
1.555
1.79
2.02
2.21
2.41
2.465
2.81
2.89
3.165
3.33
3.515
3.67
3.76
3.825
4.055
4.24
4.295
4.72
5.185
5.475
5.63
5.695
6.13
6.16
6.335
6.595
6.82
6.84
7.065
7.55
7.995
8.335
8.46
8.925
9.375
9.675
9.83
10.315
10.78
11.105
11.245
11.72
12.08
12.175
12.235
12.325
12.525
12.65
12.93
13.125
13.38
13.425
13.545
13.585
13.83
14.04
14.22
14.52
14.985
15.275
15.445
15.935
16.025
16.41
16.72
16.88
16.92
17.21
17.375
17.85
18.32
18.845
19.325
19.585
19.775
20.245
20.71
21.035
21.2
21.685
22.14
22.49
22.61
23.085
23.37
23.53
23.8
24.005
24.235
24.465
24.65
24.665
24.91
25.215
25.27
25.355
25.54
25.8
26.25
26.46
26.63
26.71
27.17
27.54
27.7
27.915
28.06
28.29
28.305
28.54
28.88
28.92
29.03
29.44
29.92
