0.365
0.47
0.81
1.01
1.14
1.33
1.525
1.675
1.83
2.17
2.36
2.515
2.68
2.85
3.19
3.54
3.79
3.89
4.09
4.255
4.415
4.44
4.58
4.94
5.13
5.265
5.475
5.955
6.495
6.83
6.995
7.175
7.195
7.32
7.345
7.565
7.665
8.005
8.19
8.345
8.55
8.695
9.235
9.42
9.605
9.74
9.98
10.105
10.43
10.775
10.965
11.14
11.28
11.36
11.46
12.005
12.135
12.325
12.5
12.67
12.805
13.17
13.49
13.68
14.035
14.2
14.225
14.52
14.57
14.875
15.24
15.27
15.435
15.57
15.81
15.925
16.26
16.435
16.625
16.81
16.95
17.29
17.315
17.335
17.475
17.645
17.82
17.85
18.31
18.535
18.655
18.86
18.995
19.185
19.365
19.55
19.7
20.105
20.385
20.595
20.74
20.91
21.07
21.275
21.41
21.595
21.735
21.78
22.075
22.27
22.425
22.78
22.81
22.94
22.995
23.13
23.295
23.455
23.635
23.785
24.065
24.335
24.48
24.67
24.835
25.035
25.17
25.525
25.55
25.865
26.025
26.085
26.54
27.08
27.1
27.24
27.58
27.815
27.935
28.495
28.675
28.835
29.36
29.885
29.99
