0.07
0.4
0.7
0.785
1.15
1.36
1.535
1.73
1.9
2.08
2.285
2.66
3.03
3.055
3.225
3.415
3.585
3.605
3.805
3.975
4.175
4.345
4.525
4.905
5.105
5.195
5.505
5.725
6.065
6.45
6.65
6.83
7.025
7.2
7.385
7.59
7.78
7.965
8.165
8.36
8.505
8.555
8.72
8.92
9.095
9.32
9.49
9.865
10.055
10.22
10.435
10.61
10.98
11.185
11.27
11.36
11.565
11.745
11.945
12.115
12.14
12.32
12.51
12.905
13.275
13.435
13.645
14.025
14.205
14.225
14.3
14.395
14.54
14.58
14.755
14.97
15.08
15.175
15.355
15.445
15.535
15.7
16.315
16.495
16.67
17.07
17.09
17.47
17.82
17.87
18.135
18.235
18.605
18.975
19.185
19.355
19.745
19.925
20.13
20.35
20.405
20.52
20.875
21.04
21.29
21.65
21.97
22.035
22.41
22.675
22.795
23.185
23.375
23.605
23.69
23.945
23.965
24.115
24.37
24.55
24.73
25.105
25.285
25.3
25.47
25.85
26.06
26.22
26.435
26.76
26.985
27.165
27.375
27.585
27.745
28.145
28.51
28.77
28.895
29.29
29.67
