0.145
0.42
0.69
0.975
1.275
1.54
1.595
1.82
2.095
2.28
2.645
2.96
3.21
3.465
3.5
3.765
4.05
4.14
4.32
4.595
4.735
4.85
5.43
5.715
5.97
6.26
6.535
6.83
7.015
7.08
7.375
7.635
7.94
8.07
8.21
8.355
8.51
8.76
9.05
9.075
9.32
9.59
9.75
9.86
10.165
10.415
10.675
10.97
11.255
11.525
11.815
11.98
12.08
12.38
12.515
12.65
12.915
13.2
13.48
13.63
13.755
14.035
14.19
14.315
14.605
14.65
14.88
15.155
15.35
15.425
15.6
15.73
15.85
15.955
15.985
16.14
16.225
16.4
16.54
16.835
16.97
17.095
17.345
17.45
17.64
17.905
17.98
18.065
18.195
18.35
18.625
18.77
19.09
19.32
19.585
19.85
20.145
20.3
20.415
20.695
20.855
20.965
21.26
21.37
21.51
21.8
21.86
21.975
22.065
22.355
22.405
22.63
22.66
22.905
23.085
23.175
23.445
23.74
24.005
24.025
24.28
24.585
24.725
24.835
24.99
25.125
25.28
25.395
25.665
25.82
25.93
25.97
26.04
26.24
26.505
26.795
26.995
27.065
27.355
27.625
27.915
28.18
28.455
28.74
29.03
29.305
29.59
29.855
