0.295
0.53
0.715
0.95
1.165
1.405
1.615
1.845
2.06
2.335
2.515
2.8
2.82
2.97
3.21
3.255
3.41
3.65
3.865
4.1
4.3
4.53
4.76
4.795
4.99
5.205
5.44
5.63
5.66
5.965
6.095
6.295
6.555
7.0
7.455
7.675
7.865
7.9
8.125
8.33
8.52
8.79
9.04
9.245
9.705
9.945
10.16
10.39
10.425
10.605
10.835
11.06
11.51
11.97
12.205
12.41
12.86
13.095
13.235
13.31
13.555
13.755
14.0
14.205
14.41
14.645
14.67
14.865
15.09
15.26
15.54
15.735
15.985
16.425
16.65
16.875
17.09
17.325
17.535
17.77
18.075
18.225
18.47
18.67
18.905
19.13
19.36
19.58
19.82
20.035
20.255
20.49
20.73
20.935
21.19
21.395
21.62
21.85
22.08
22.29
22.525
22.735
22.97
23.19
23.43
23.64
23.885
24.09
24.55
24.78
25.005
25.25
25.46
25.69
25.885
25.91
26.14
26.36
26.6
26.64
26.815
27.1
27.265
27.525
27.72
27.93
28.165
28.395
28.415
28.635
28.885
29.08
29.31
29.525
29.765
