0.44
0.89
1.115
1.335
1.57
1.765
2.0
2.045
2.215
2.44
2.65
2.895
3.08
3.28
3.325
3.535
3.97
4.21
4.41
4.645
4.855
5.095
5.285
5.515
5.74
5.95
6.165
6.395
6.595
6.835
7.04
7.49
7.73
7.915
8.125
8.145
8.18
8.355
8.4
8.595
8.79
9.025
9.07
9.255
9.39
9.465
9.675
9.9
10.1
10.265
10.54
10.97
11.21
11.235
11.41
11.64
11.845
12.095
12.285
12.52
12.745
12.96
13.17
13.385
13.605
13.83
14.04
14.275
14.49
14.52
14.7
14.93
15.16
15.38
15.41
15.815
16.05
16.105
16.28
16.48
16.69
16.925
17.12
17.38
17.555
17.77
17.99
18.245
18.415
18.65
18.875
19.115
19.315
19.545
19.77
19.975
20.135
20.2
20.405
20.63
20.855
20.885
21.06
21.265
21.325
21.495
21.94
22.38
22.82
23.035
23.065
23.23
23.58
23.68
23.89
23.92
24.105
24.33
24.44
24.545
24.775
24.985
25.2
25.43
25.58
25.655
26.165
26.305
26.75
26.935
27.0
27.17
27.41
27.62
27.84
28.055
28.275
28.495
28.955
29.18
29.39
29.835
