0.295
0.32
0.765
1.22
1.675
1.915
2.125
2.61
2.955
3.065
3.18
3.29
3.395
3.51
3.56
3.67
3.74
3.955
4.435
4.885
4.925
5.175
5.375
5.595
5.8
5.855
6.31
6.575
6.765
6.885
6.99
7.115
7.21
7.445
7.67
7.97
8.15
8.43
8.655
8.86
9.105
9.335
9.545
9.585
10.025
10.05
10.5
10.53
10.61
10.72
10.825
10.95
11.19
11.425
11.89
12.405
12.6
12.855
13.095
13.22
13.56
13.685
13.825
14.15
14.275
14.375
14.495
14.72
14.965
15.195
15.365
15.68
16.065
16.15
16.405
16.62
16.875
16.895
17.015
17.115
17.58
17.835
18.045
18.155
18.27
18.365
18.485
18.715
18.945
19.025
19.435
19.655
19.715
19.77
19.91
20.09
20.125
20.38
20.795
20.85
21.19
21.375
21.845
21.945
22.065
22.125
22.16
22.28
22.515
22.76
23.025
23.235
23.715
23.955
24.195
24.43
24.675
25.15
25.17
25.425
25.63
25.745
25.86
26.085
26.32
26.555
26.795
26.82
27.035
27.31
27.425
27.74
27.995
28.09
28.225
28.4
28.96
29.19
29.435
