0.38
0.51
0.615
0.79
0.99
1.17
1.335
1.46
1.74
1.95
2.335
2.41
2.895
3.23
3.37
3.575
3.825
4.005
4.21
4.32
4.695
4.95
5.18
5.295
5.555
5.665
5.79
6.135
6.25
6.555
6.6
6.71
6.89
7.18
7.32
7.495
7.635
8.015
8.1
8.285
8.585
8.94
9.045
9.315
9.51
9.655
9.87
9.985
10.185
10.265
10.465
10.81
10.86
10.95
11.12
11.14
11.205
11.42
11.585
11.76
11.88
12.155
12.215
12.33
12.79
13.03
13.285
13.64
13.735
13.995
14.48
14.585
14.71
14.97
15.2
15.465
15.555
15.68
16.075
16.22
16.535
16.65
16.88
17.125
17.375
17.6
17.865
18.035
18.22
18.455
18.57
18.82
19.065
19.17
19.255
19.515
19.755
19.905
19.965
20.17
20.225
20.295
20.48
20.655
20.885
21.015
21.23
21.37
21.73
21.845
22.215
22.325
22.45
22.67
22.785
22.915
23.13
23.245
23.365
23.59
23.69
24.055
24.17
24.3
24.525
24.635
24.77
25.0
25.11
25.47
25.585
25.7
25.93
26.045
26.165
26.41
26.515
26.64
26.865
26.97
27.32
27.445
27.775
27.9
28.025
28.255
28.37
28.715
28.83
29.195
29.305
29.65
29.765
29.89
