0.215
0.445
0.685
0.91
1.375
1.635
1.835
2.08
2.305
2.54
2.775
3.005
3.22
3.54
3.68
3.93
3.975
4.13
4.165
4.39
4.44
4.63
5.01
5.08
5.125
5.57
5.605
5.82
5.845
6.04
6.065
6.285
6.515
6.55
6.98
7.03
7.465
7.7
7.935
7.97
8.19
8.42
8.65
8.895
9.135
9.35
9.525
9.59
9.84
10.065
10.3
10.465
10.55
10.755
11.01
11.15
11.23
11.475
11.695
11.73
11.95
12.17
12.405
12.63
12.66
12.895
13.055
13.11
13.365
13.565
13.6
13.815
14.05
14.29
14.505
14.755
14.98
15.215
15.245
15.445
15.465
15.685
15.915
16.38
16.76
16.865
17.125
17.32
17.46
17.56
17.78
18.03
18.25
18.49
18.51
18.715
18.95
19.18
19.41
19.435
19.55
19.65
19.915
20.025
20.11
20.36
20.58
20.83
20.955
21.03
21.285
21.505
21.75
21.97
22.22
22.435
22.46
22.67
22.705
22.91
23.145
23.175
23.365
23.625
23.835
24.09
24.295
24.56
24.775
24.805
25.0
25.035
25.24
25.275
25.495
25.705
25.975
26.175
26.43
26.63
26.66
26.87
27.105
27.41
27.56
27.585
27.825
27.95
28.03
28.06
28.29
28.525
28.76
28.99
29.215
29.455
29.655
29.9
29.915
