0.145
0.68
0.975
1.265
1.535
1.84
2.36
2.375
2.675
2.7
2.945
3.185
3.425
3.54
3.665
3.905
4.265
4.91
5.205
5.73
5.78
6.03
6.47
6.725
6.89
7.195
7.485
7.695
8.09
8.32
8.545
9.35
9.895
10.13
10.21
10.565
11.025
11.32
11.355
11.575
11.89
12.435
12.7
13.165
13.225
13.58
14.105
14.36
14.4
14.665
14.725
14.91
15.18
15.235
15.775
16.03
16.34
16.6
16.665
16.915
17.755
18.315
18.615
18.895
19.16
19.44
19.745
20.02
20.295
20.33
20.75
21.125
21.375
21.43
21.53
21.815
21.92
22.195
22.39
22.565
22.61
22.825
23.075
23.41
23.52
23.675
24.02
24.41
24.445
24.55
24.8
25.02
25.095
25.405
25.955
26.215
26.45
26.53
26.615
26.745
26.8
27.0
27.075
27.375
27.645
27.885
27.925
28.225
28.495
28.79
29.075
29.345
29.605
