0.145
0.38
0.81
1.11
1.38
1.745
2.1
2.205
2.4
2.74
2.915
3.23
3.5
3.865
4.1
4.42
4.595
4.805
4.905
5.09
5.245
5.41
5.51
5.785
6.225
6.58
6.81
6.92
7.18
7.47
7.825
8.18
8.52
8.59
8.63
8.945
9.205
9.55
9.67
9.905
10.23
10.365
10.575
10.71
10.965
11.245
11.38
11.605
11.905
12.05
12.245
12.27
12.59
12.9
13.055
13.26
13.39
13.595
13.725
14.06
14.405
14.62
14.75
14.96
15.37
15.675
15.94
16.21
16.74
16.805
17.095
17.44
17.655
17.765
18.065
18.13
18.355
18.45
18.66
19.0
19.065
19.485
19.84
20.185
20.395
20.78
20.845
21.085
21.195
21.375
21.725
22.035
22.33
22.71
22.785
22.84
22.975
23.35
23.64
24.01
24.28
24.31
24.47
24.97
25.125
25.34
25.695
26.04
26.34
26.385
26.675
26.7
27.035
27.125
27.465
27.805
27.83
28.07
28.145
28.39
28.5
28.755
29.105
29.405
29.72
29.85
