0.16
0.445
0.745
1.005
1.295
1.49
1.69
1.8
2.085
2.24
2.355
2.635
2.925
3.19
3.46
3.715
4.0
4.28
4.43
4.54
4.82
5.1
5.36
5.625
5.855
5.915
6.15
6.425
6.585
6.7
6.975
7.255
7.52
7.78
8.04
8.305
8.585
8.73
8.85
9.115
9.4
9.65
9.91
10.175
10.19
10.42
10.69
10.845
10.955
11.225
11.505
11.695
11.77
12.025
12.31
12.33
12.56
12.83
12.875
12.995
13.105
13.32
13.385
13.665
13.915
14.195
14.435
14.715
15.03
15.15
15.26
15.53
15.85
16.09
16.365
16.65
16.89
17.185
17.24
17.345
17.46
17.74
18.02
18.295
18.575
18.835
19.105
19.385
19.525
19.64
19.91
20.18
20.205
20.45
20.725
21.01
21.245
21.575
21.705
21.815
22.09
22.165
22.385
22.43
22.65
22.92
23.215
23.45
23.72
23.9
24.0
24.275
24.565
24.815
25.09
25.35
25.6
25.88
26.03
26.14
26.33
26.415
26.69
26.945
27.215
27.495
27.74
28.045
28.18
28.285
28.555
28.845
29.085
29.36
29.75
29.875
