0.31
0.545
1.03
1.285
1.495
1.75
1.985
2.23
2.46
2.725
2.895
2.945
3.405
3.89
4.135
4.355
4.56
4.59
4.84
5.11
5.31
5.565
5.795
6.025
6.255
6.49
6.73
7.21
7.465
7.64
7.895
7.92
8.16
8.385
8.505
8.635
8.89
9.025
9.105
9.355
9.595
9.82
10.065
10.28
10.53
10.775
11.01
11.25
11.495
11.72
11.97
11.995
12.19
12.445
12.685
12.91
13.16
13.355
13.645
13.875
14.08
14.11
14.35
14.38
14.83
15.05
15.275
15.315
15.515
15.78
15.905
16.0
16.245
16.47
16.49
16.715
16.975
17.205
17.435
17.69
17.845
17.875
17.9
18.095
18.155
18.385
18.62
18.875
19.11
19.175
19.31
19.585
19.81
20.055
20.285
20.525
20.865
21.005
21.215
21.465
21.57
21.815
21.93
22.425
22.68
22.91
23.165
23.39
23.63
23.87
24.345
24.565
24.84
25.08
25.125
25.3
25.54
25.78
26.26
26.505
26.745
27.025
27.225
27.47
27.705
27.98
28.175
28.42
28.57
28.885
29.125
29.355
29.615
