0.075
0.195
0.355
0.505
0.705
0.825
1.035
1.145
1.355
1.475
1.535
1.79
2.135
2.31
2.475
2.8
2.955
3.295
3.455
3.78
3.95
4.27
4.435
4.915
5.085
5.385
5.71
5.885
6.015
6.115
6.345
6.67
6.885
7.0
7.345
7.505
7.67
8.01
8.17
8.495
8.655
8.99
9.155
9.625
9.945
10.285
10.59
10.635
10.755
11.04
11.23
11.45
11.715
11.935
12.06
12.225
12.55
12.71
12.88
13.205
13.375
13.705
13.845
14.18
14.47
14.825
15.165
15.325
15.5
15.815
15.985
16.275
16.31
16.44
16.77
16.89
17.005
17.115
17.235
17.455
17.93
18.08
18.425
18.585
18.895
19.07
19.39
19.695
20.04
20.365
20.695
21.025
21.35
21.485
21.64
21.97
22.11
22.295
22.335
22.605
23.155
23.27
23.77
24.245
24.575
24.615
25.235
25.88
26.19
26.335
26.5
26.67
26.825
27.155
27.18
27.805
28.315
28.995
29.135
29.455
29.785
29.985
