0.37
0.55
0.84
1.01
1.19
1.26
1.465
1.7
1.795
1.915
2.19
2.37
2.82
3.11
3.275
3.375
3.6
4.01
4.18
4.475
4.625
4.91
5.07
5.115
5.51
5.805
5.995
6.21
6.425
6.835
6.88
7.16
7.23
7.335
7.615
7.81
8.075
8.215
8.46
8.665
8.935
9.1
9.325
9.385
9.555
9.59
9.805
9.995
10.4
10.425
10.67
10.88
11.13
11.155
11.33
11.785
12.065
12.215
12.54
12.655
12.945
13.1
13.16
13.34
13.54
13.825
13.865
13.98
14.035
14.305
14.44
14.73
14.88
15.34
15.63
15.8
16.23
16.515
16.665
17.11
17.38
17.55
17.84
18.005
18.175
18.44
18.885
19.175
19.33
19.77
20.07
20.23
20.5
20.675
20.885
20.975
21.12
21.29
21.415
21.57
22.02
22.29
22.46
22.91
23.15
23.32
23.37
23.695
23.82
24.085
24.255
24.44
24.71
25.17
25.38
25.63
25.875
26.07
26.375
26.52
26.97
27.235
27.25
27.43
27.635
27.7
27.87
28.115
28.335
28.61
28.775
29.035
29.245
29.505
29.665
29.695
