0.02
0.255
0.29
0.695
0.95
1.095
1.35
1.495
1.635
1.76
1.89
2.155
2.29
2.43
2.69
2.955
3.095
3.515
3.77
3.85
4.135
4.29
4.655
5.055
5.46
5.62
5.71
5.895
6.255
6.495
6.655
7.06
7.48
7.635
7.855
8.0
8.245
8.29
8.655
8.885
8.96
9.43
9.455
9.84
9.88
10.255
10.685
11.05
11.465
11.85
12.085
12.295
12.505
12.645
13.04
13.445
13.885
14.25
14.67
15.05
15.455
15.72
15.875
16.1
16.23
16.625
16.68
16.87
17.03
17.095
17.435
17.84
17.87
18.1
18.245
18.48
18.655
18.68
18.88
19.04
19.435
19.675
19.835
20.085
20.245
20.28
20.49
20.63
20.88
21.04
21.275
21.435
21.67
21.85
21.88
22.14
22.24
22.65
22.89
23.035
23.295
23.445
23.475
23.685
23.835
24.235
24.47
24.63
25.035
25.07
25.27
25.34
25.435
25.84
25.87
26.07
26.09
26.23
26.47
26.645
26.675
26.865
27.03
27.435
27.67
27.825
28.235
28.27
28.47
28.54
28.625
29.035
29.435
29.61
29.87
