0.255
0.455
0.695
0.885
1.115
1.31
1.535
1.735
1.77
1.955
2.155
2.385
2.605
2.805
3.03
3.245
3.44
3.635
3.665
3.69
3.88
4.095
4.3
4.525
4.715
4.73
4.955
5.155
5.385
5.58
5.73
6.185
6.265
6.43
6.665
6.885
6.965
7.065
7.295
7.705
7.945
8.14
8.37
8.57
8.625
8.81
8.865
9.0
9.43
9.65
9.87
10.075
10.31
10.495
10.71
10.93
11.14
11.35
11.54
11.58
11.765
11.82
11.97
12.04
12.21
12.39
12.61
12.835
13.07
13.27
13.72
13.915
14.14
14.37
14.55
14.79
14.97
15.21
15.37
15.415
15.63
15.83
16.285
16.495
16.525
16.685
17.155
17.33
17.37
17.55
17.765
17.95
18.18
18.38
18.425
18.61
18.815
18.865
19.055
19.24
19.85
20.105
20.52
20.545
20.745
20.985
21.18
21.395
21.62
21.815
22.045
22.23
22.295
22.45
22.65
22.87
23.1
23.33
23.535
23.765
23.97
24.17
24.38
24.605
24.78
25.0
25.18
25.24
25.42
25.465
25.635
25.67
25.845
26.06
26.265
26.3
26.49
26.715
26.91
27.365
27.545
27.77
28.01
28.195
28.415
28.605
28.835
29.03
29.255
29.465
29.915
