0.18
0.32
0.555
0.795
1.11
1.185
1.555
1.635
1.955
2.155
2.37
2.555
2.87
3.03
3.15
3.315
3.52
3.645
3.675
3.81
3.91
4.04
4.15
4.5
4.73
4.835
5.005
5.305
5.325
5.525
5.78
6.025
6.225
6.515
6.78
6.905
7.025
7.285
7.515
7.625
7.785
8.04
8.31
8.425
8.52
8.645
8.785
8.9
9.005
9.265
9.495
9.605
9.73
9.995
10.25
10.5
10.775
10.885
11.005
11.255
11.49
11.585
11.755
12.015
12.265
12.495
12.6
12.855
12.97
13.055
13.415
13.54
13.675
13.795
13.91
14.025
14.17
14.385
14.505
14.75
14.88
14.99
15.115
15.345
15.61
15.72
15.845
15.975
16.105
16.32
16.465
16.605
16.71
16.84
16.95
17.075
17.285
17.415
17.545
17.685
17.78
17.905
18.035
18.245
18.37
18.61
18.855
18.91
18.97
19.09
19.17
19.285
19.43
19.54
19.635
19.87
20.105
20.245
20.38
20.485
20.6
20.7
20.735
20.835
21.105
21.34
21.365
21.505
21.625
21.87
22.085
22.19
22.325
22.585
22.855
22.98
23.18
23.34
23.545
23.795
24.03
24.12
24.27
24.515
24.625
24.78
25.0
25.26
25.375
25.49
25.605
25.735
25.96
26.085
26.335
26.435
26.55
26.655
26.86
27.12
27.335
27.48
27.595
27.935
28.07
28.2
28.31
28.46
28.565
28.81
29.085
29.32
29.455
29.56
29.82
29.945
