0.255
0.48
0.615
0.8
1.005
1.18
1.37
1.565
1.745
1.94
2.12
2.31
2.495
2.51
2.705
2.88
3.07
3.255
3.445
3.635
3.66
3.825
4.035
4.185
4.22
4.37
4.585
4.75
4.96
5.135
5.31
5.49
5.72
5.875
5.91
6.065
6.255
6.31
6.475
6.66
6.815
6.86
6.98
7.055
7.19
7.28
7.395
7.47
7.585
7.77
7.81
7.965
7.995
8.305
8.555
8.685
8.73
8.875
9.09
9.26
9.31
9.445
9.635
9.81
10.01
10.025
10.195
10.375
10.58
10.76
10.97
11.12
11.325
11.51
11.72
11.89
12.085
12.275
12.48
12.625
12.815
12.855
13.015
13.18
13.585
13.755
13.98
14.16
14.345
14.525
14.805
14.9
15.045
15.06
15.09
15.275
15.65
15.835
15.975
16.22
16.4
16.595
16.79
17.015
17.35
17.415
17.535
17.735
17.82
18.11
18.29
18.32
18.665
18.7
18.845
18.88
19.08
19.23
19.405
19.625
19.77
20.045
20.165
20.24
20.345
20.43
20.76
20.92
21.11
21.295
21.36
21.55
21.865
22.08
22.255
22.43
22.66
22.81
23.1
23.235
23.665
24.04
24.205
24.28
24.4
24.675
24.78
24.86
25.005
25.055
25.155
25.375
25.555
25.735
25.95
26.315
26.5
26.69
26.775
27.07
27.27
27.47
27.66
27.735
27.835
28.025
28.21
28.395
28.53
28.79
28.965
29.335
29.775
29.99
