0.22
0.39
0.69
0.955
1.0
1.18
1.33
1.405
1.625
1.715
1.96
2.145
2.41
2.585
2.875
3.145
3.38
3.41
3.605
3.77
3.845
4.09
4.415
4.825
5.03
5.32
5.405
5.55
5.83
6.06
6.305
6.54
6.785
6.96
7.345
7.465
7.545
7.765
7.855
7.93
8.095
8.19
8.465
8.57
8.8
9.125
9.29
9.43
9.55
9.975
10.97
11.465
11.64
11.775
11.935
12.1
12.245
12.405
12.56
12.705
12.86
13.015
13.145
13.3
13.63
13.745
13.805
14.175
14.27
14.595
14.75
14.995
15.09
15.14
15.325
15.71
16.0
16.195
16.52
16.665
16.935
17.12
17.47
17.595
17.875
17.935
18.085
18.115
18.395
18.53
18.6
18.84
19.005
19.025
19.05
19.325
19.485
19.795
19.955
20.265
20.425
20.45
20.745
20.9
21.34
21.375
21.64
21.675
21.855
21.98
22.125
22.295
22.475
22.615
22.68
22.78
22.9
23.25
23.56
23.71
23.745
24.03
24.19
24.555
24.655
24.965
25.13
25.515
25.615
25.875
26.07
26.35
26.515
26.535
26.555
26.835
26.98
27.315
27.33
27.47
27.78
27.945
28.255
28.41
28.87
29.19
29.355
29.39
29.65
29.7
29.83
29.97
