0.105
0.575
0.8
1.04
1.265
1.305
1.5
1.75
1.97
2.13
2.375
2.455
2.7
2.845
2.92
3.18
3.4
3.64
3.685
3.86
4.11
4.355
4.59
4.805
5.065
5.3
5.54
5.72
5.77
5.945
6.02
6.24
6.47
6.705
6.945
7.185
7.41
7.655
7.88
8.125
8.36
8.845
8.995
9.3
9.54
9.735
10.01
10.245
10.47
10.525
10.72
10.87
10.91
10.955
11.195
11.325
11.425
11.645
11.895
12.145
12.36
12.615
12.765
12.835
13.105
13.325
13.515
13.575
13.825
14.055
14.29
14.53
14.76
14.99
15.225
15.465
15.7
15.965
16.24
16.455
16.65
16.735
16.935
17.2
17.385
17.655
17.845
18.09
18.33
18.57
18.8
19.045
19.265
19.505
19.535
19.73
19.975
20.195
20.48
20.665
20.905
20.95
21.03
21.13
21.395
21.625
21.855
22.105
22.3
22.585
22.815
23.04
23.52
23.79
23.84
24.005
24.27
24.465
24.755
24.94
25.2
25.42
25.64
25.88
26.365
26.825
27.085
27.285
27.41
27.535
27.76
27.99
28.215
28.675
28.93
29.045
29.165
29.21
29.385
29.65
29.87
29.895
