0.51
0.79
0.94
1.09
1.25
1.58
1.715
2.055
2.07
2.165
2.33
2.64
2.81
2.85
2.955
3.145
3.26
3.28
3.305
3.575
3.735
4.06
4.2
4.375
4.485
4.795
4.96
5.095
5.395
5.415
5.545
5.7
5.86
6.0
6.155
6.185
6.435
6.66
6.81
6.93
7.22
7.55
7.865
8.2
8.225
8.505
8.685
8.83
9.11
9.29
9.62
9.745
9.93
10.015
10.085
10.26
10.41
10.73
10.94
11.045
11.205
11.5
11.66
11.815
11.965
12.11
12.255
12.445
12.52
12.595
12.785
12.905
13.08
13.24
13.54
13.705
13.845
14.02
14.11
14.305
14.605
14.765
15.005
15.395
15.575
15.715
16.02
16.18
16.33
16.62
16.805
16.955
17.105
17.25
17.42
17.52
17.575
17.86
18.165
18.325
18.475
19.09
19.68
19.7
19.87
20.325
20.5
20.935
21.105
21.25
21.545
21.855
22.12
22.275
22.6
22.76
22.9
23.05
23.21
23.34
23.655
23.69
23.855
24.0
24.185
24.32
24.605
24.76
25.08
25.125
25.225
25.4
25.525
25.69
25.845
26.005
26.135
26.29
26.445
26.615
26.74
26.885
26.94
27.03
27.19
27.46
27.485
27.645
27.795
27.955
28.08
28.25
28.575
28.9
29.06
29.52
29.68
