0.35
0.745
1.145
1.535
1.94
2.115
2.33
2.74
2.82
3.12
3.34
3.875
4.72
5.11
5.51
6.325
6.695
6.725
7.13
7.395
7.535
7.57
7.77
7.915
8.31
8.535
8.73
9.54
9.96
10.06
10.315
10.75
11.13
11.355
11.735
11.95
12.76
13.15
13.555
13.955
14.365
14.765
15.18
15.565
15.875
15.965
15.99
16.395
16.805
17.14
17.22
17.41
17.595
17.85
17.97
18.26
18.36
18.785
19.16
19.565
19.96
20.35
20.76
21.165
21.565
21.965
22.365
22.75
23.175
23.56
23.97
24.37
24.78
24.995
25.185
25.58
25.965
26.38
26.6
26.785
27.18
27.235
27.58
28.0
28.195
28.38
28.775
29.19
29.6
