0.325
0.525
0.735
0.925
1.335
1.78
2.22
2.435
2.625
2.855
3.055
3.29
3.485
3.55
3.915
4.19
4.335
4.61
4.75
4.97
5.185
5.405
5.45
5.6
6.03
6.25
6.435
6.69
6.85
7.07
7.295
7.715
7.75
8.155
8.6
9.075
9.095
9.265
9.29
9.455
9.695
9.87
10.14
10.3
10.555
10.74
10.96
11.14
11.18
11.555
11.825
11.995
12.28
12.44
12.84
13.09
13.255
13.515
13.67
13.9
14.13
14.335
14.505
14.94
15.205
15.375
15.64
16.05
16.22
16.485
16.64
16.87
16.905
17.085
17.33
17.53
17.74
17.93
18.155
18.35
18.58
18.61
18.785
19.2
19.245
19.435
19.63
19.84
20.04
20.275
20.45
20.68
20.91
21.11
21.32
21.74
22.19
22.475
22.855
23.015
23.06
23.265
23.455
23.645
23.89
24.115
24.34
24.54
24.74
24.81
25.17
25.41
25.44
25.615
26.035
26.475
26.695
26.885
27.16
27.28
27.325
27.51
27.555
27.755
27.98
28.16
28.6
29.01
29.845
