0.36
0.955
1.145
1.535
1.8
1.86
2.155
2.295
2.335
2.475
2.685
3.07
3.295
3.46
3.68
3.995
4.015
4.58
4.775
4.955
5.335
5.525
6.095
6.11
6.485
6.865
7.035
7.075
7.61
7.8
7.985
8.27
8.38
8.555
8.76
9.11
9.14
9.345
9.545
9.745
10.08
10.11
10.255
10.635
10.655
10.865
11.04
11.425
11.615
11.645
12.195
12.605
13.0
13.15
13.175
13.705
14.655
15.08
15.63
16.05
16.275
16.44
16.815
17.21
17.265
17.82
18.025
18.415
18.43
18.775
18.8
19.965
20.345
20.57
20.725
20.765
21.0
21.395
21.53
21.945
22.535
22.575
23.1
23.505
23.875
24.07
24.245
24.915
25.05
25.32
25.635
25.83
26.205
26.575
26.99
27.175
27.61
27.76
28.035
28.145
28.73
28.805
28.97
29.26
29.32
29.555
29.7
29.715
29.99
