0.16
0.275
0.665
0.785
1.045
1.28
1.44
1.82
2.205
2.425
2.575
2.97
3.36
3.605
3.745
3.985
4.135
4.525
4.775
4.85
5.145
5.3
5.695
5.95
6.08
6.33
6.455
6.705
6.845
7.09
7.22
7.345
7.47
7.61
7.855
8.07
8.45
8.835
9.225
9.61
9.63
9.985
10.375
10.545
10.625
10.76
11.135
11.535
11.795
11.925
11.965
12.295
12.685
12.95
13.075
13.22
13.33
13.395
13.46
13.71
13.85
14.105
14.245
14.425
14.61
14.625
14.85
15.005
15.04
15.26
15.41
15.665
15.79
16.075
16.18
16.58
16.8
16.975
17.33
17.37
17.64
17.76
17.985
18.04
18.16
18.48
18.55
18.765
18.94
19.265
19.335
19.5
19.555
19.705
19.96
20.125
20.32
20.355
20.515
20.87
20.91
21.12
21.31
21.51
21.655
21.705
21.935
22.09
22.325
22.46
22.865
23.075
23.255
23.64
24.03
24.43
24.81
25.04
25.195
25.58
25.965
26.2
26.36
26.525
26.74
27.145
27.39
27.535
27.92
28.315
28.705
28.92
29.11
29.25
29.37
29.455
29.62
29.745
