0.185
0.33
0.485
0.65
0.825
0.915
1.31
1.66
1.82
1.975
2.15
2.24
2.32
2.65
2.74
2.815
3.145
3.305
3.485
3.8
3.975
4.135
4.15
4.485
4.645
4.98
5.14
5.3
5.48
5.54
5.63
5.785
5.97
6.29
6.46
6.635
6.785
6.975
7.14
7.305
7.645
7.805
7.97
8.145
8.185
8.295
8.47
8.635
8.945
8.975
9.13
9.3
9.46
9.615
9.975
10.31
10.47
10.8
10.855
10.965
11.13
11.3
11.615
11.79
11.92
12.16
12.445
12.635
12.97
13.135
13.285
13.51
13.625
13.78
13.96
14.455
14.605
14.82
14.97
15.09
15.3
15.635
15.79
15.965
16.1
16.29
16.465
16.62
16.84
16.94
17.12
17.295
17.495
17.57
17.66
17.87
17.99
18.315
18.48
18.65
18.815
18.98
19.145
19.305
19.8
19.91
20.475
20.64
20.815
21.15
21.475
21.8
22.465
22.625
22.795
22.955
23.13
23.285
23.46
23.625
23.78
23.95
24.125
24.28
24.455
24.61
24.97
25.11
25.26
25.54
25.875
26.275
26.38
26.695
26.865
27.56
27.825
27.985
28.275
28.325
28.44
28.485
28.805
28.98
29.16
29.33
29.48
29.65
29.82
