0.15
0.36
0.605
0.835
1.035
1.26
1.485
1.72
1.925
2.155
2.375
2.615
2.74
2.81
3.055
3.265
3.5
3.635
3.705
3.94
4.16
4.39
4.42
4.59
4.835
4.86
5.04
5.245
5.285
5.475
5.72
5.94
6.17
6.27
6.37
6.605
6.83
7.06
7.18
7.275
7.49
7.715
7.96
8.155
8.395
8.605
8.82
8.845
9.015
9.05
9.275
9.5
9.73
9.82
9.94
10.175
10.22
10.385
10.665
10.685
10.83
11.05
11.275
11.505
11.715
11.955
12.16
12.405
12.61
12.835
12.91
13.05
13.29
13.5
13.715
13.95
14.155
14.275
14.39
14.615
14.83
15.085
15.275
15.495
15.735
15.955
16.16
16.4
16.58
16.625
16.78
16.995
17.06
17.295
17.51
17.945
18.17
18.39
18.825
19.06
19.285
19.52
19.665
19.735
19.945
20.405
20.43
20.61
20.85
21.06
21.3
21.505
21.735
21.955
22.185
22.305
22.385
22.63
22.84
23.075
23.28
23.495
23.52
23.735
23.97
24.17
24.415
24.62
24.855
25.075
25.29
25.515
25.73
25.95
26.17
26.395
26.84
27.075
27.3
27.53
27.555
27.745
27.97
28.185
28.625
28.8
28.86
28.95
29.075
29.305
29.51
29.75
29.96
