0.2
0.23
0.6
0.65
0.9
1.095
1.58
1.61
1.81
1.955
2.09
2.115
2.365
2.44
2.815
3.03
3.305
3.49
3.69
3.825
3.97
3.985
4.275
4.395
4.48
4.81
4.97
5.295
5.475
5.965
6.25
6.315
6.465
6.755
6.97
7.225
7.44
7.915
7.985
8.425
8.79
8.91
9.205
9.435
9.875
9.96
10.13
10.16
10.235
10.45
10.645
10.735
10.905
11.375
11.835
11.905
12.175
12.3
12.355
12.71
12.825
13.335
13.82
13.985
14.195
14.68
15.28
15.6
15.685
16.255
16.585
16.8
16.915
16.975
17.225
17.48
17.575
17.9
18.06
18.105
18.525
18.57
18.85
19.005
19.21
19.52
19.685
19.89
19.975
20.05
20.18
20.695
20.905
21.04
21.475
21.985
22.915
22.965
23.135
23.37
23.47
24.125
24.63
24.745
24.86
25.125
25.34
25.515
25.72
26.115
26.145
26.46
26.61
26.895
26.925
27.105
27.305
27.675
27.695
27.925
28.085
28.315
28.545
28.7
29.04
29.19
29.515
29.99
