0.18
0.405
0.64
0.92
1.09
1.305
1.54
1.8
1.995
2.01
2.465
2.915
3.16
3.355
3.585
3.83
4.03
4.06
4.295
4.505
4.745
4.965
5.09
5.195
5.485
5.655
5.835
6.115
6.345
6.58
7.035
7.255
7.34
7.47
7.505
7.805
7.955
8.405
8.435
8.86
9.095
9.325
9.565
9.655
9.795
10.0
10.235
10.45
10.64
10.675
10.9
11.125
11.355
11.585
12.055
12.295
12.515
12.97
12.995
13.22
13.435
13.685
13.89
13.91
14.14
14.335
14.81
15.255
15.72
15.955
16.175
16.515
16.625
16.885
17.085
17.315
17.55
17.78
18.0
18.445
18.915
19.37
19.6
19.82
20.285
20.505
20.53
20.745
20.905
20.98
21.215
21.43
21.635
22.105
22.36
22.55
22.58
23.08
23.28
23.505
23.985
24.435
24.68
24.91
25.14
25.38
25.605
25.825
25.845
26.07
26.29
26.305
26.52
26.735
26.77
26.975
27.215
27.44
27.64
27.895
28.12
28.605
29.05
29.075
29.275
29.51
29.73
29.955
