0.21
0.37
0.61
0.82
0.885
1.365
1.405
1.425
1.96
2.28
2.44
3.02
3.35
3.525
4.05
4.38
4.475
4.54
4.565
4.695
4.85
5.03
5.345
5.455
5.575
5.655
5.89
6.095
6.425
6.625
6.895
6.99
7.15
7.175
7.375
7.66
7.94
8.04
8.195
8.555
8.71
9.065
9.155
9.24
9.635
9.695
9.77
9.835
10.125
10.295
10.61
10.81
11.22
11.36
11.63
11.875
12.215
12.39
12.73
12.9
13.205
13.25
13.43
13.725
13.845
13.96
14.31
14.495
14.855
15.005
15.285
15.525
15.8
15.89
16.045
16.355
16.575
16.93
17.075
17.425
17.575
17.625
18.11
18.645
18.985
19.15
19.495
19.66
20.035
20.055
20.19
20.69
21.04
21.205
21.465
21.555
21.62
21.715
22.235
22.745
23.105
23.255
23.605
23.775
24.13
24.175
24.295
24.81
25.085
25.16
25.31
25.565
25.665
25.7
25.805
25.83
26.345
26.855
27.18
27.37
27.685
27.88
28.2
28.405
28.91
29.245
29.41
29.71
29.92
29.95
