0.095
1.075
1.15
1.72
2.275
3.445
5.61
5.915
5.995
6.09
6.34
6.59
7.075
7.335
7.49
7.59
7.845
7.88
8.075
8.32
8.485
8.565
8.585
8.84
9.08
9.34
9.52
9.59
9.715
9.84
9.97
10.08
10.315
10.585
10.755
10.835
10.97
11.065
11.235
11.32
11.465
11.55
11.81
11.95
12.04
12.275
12.53
12.795
12.93
13.035
13.28
13.39
13.45
13.535
13.725
13.785
14.015
14.255
14.405
14.52
14.67
14.9
14.99
15.14
15.255
15.53
15.77
15.92
16.01
16.25
16.4
16.495
16.525
16.655
16.75
16.905
16.99
17.255
17.42
17.51
17.76
17.925
17.99
18.15
18.24
18.4
18.495
18.855
18.99
19.18
19.245
19.43
19.5
19.565
19.755
19.88
19.97
20.215
20.385
20.455
20.695
20.945
21.2
21.34
21.435
21.675
21.835
21.92
22.03
22.14
22.395
22.67
22.875
23.13
23.3
23.38
23.63
23.655
23.76
23.875
24.035
24.125
24.375
24.66
24.76
24.86
25.115
25.255
25.365
25.505
25.61
25.745
25.845
26.09
26.35
26.52
26.825
26.885
27.095
27.27
27.365
27.61
27.845
28.09
28.34
28.71
28.83
29.08
29.245
29.34
29.59
29.825
