0.165
0.69
1.23
1.49
1.82
1.955
2.045
2.35
2.575
2.855
2.92
3.105
3.26
3.51
3.61
3.675
3.845
4.005
4.28
4.55
4.74
5.0
5.085
5.305
5.37
5.68
5.855
5.98
6.005
6.165
6.445
6.71
6.755
6.97
7.26
7.49
7.815
8.43
8.595
8.865
8.94
9.155
9.42
10.055
10.265
10.6
10.805
10.83
11.135
11.365
11.685
11.91
12.47
14.795
15.16
15.735
15.925
16.0
16.045
16.21
16.425
16.95
17.3
17.48
17.54
17.84
17.88
18.375
18.58
18.91
19.11
19.145
19.455
19.655
20.005
20.545
20.75
21.075
21.3
21.645
21.84
22.18
22.375
22.71
22.91
23.245
23.485
23.685
23.8
23.995
24.015
24.03
24.33
24.35
24.55
24.885
25.105
25.295
25.655
26.19
26.53
26.595
27.085
27.3
27.625
27.825
28.18
28.37
28.39
28.73
28.925
29.265
29.48
29.74
29.815
