0.21
0.27
0.59
0.815
0.93
1.255
1.535
1.615
1.815
1.95
2.27
2.54
2.615
2.87
2.97
3.175
3.43
3.505
3.66
3.89
3.975
4.195
4.32
4.595
4.67
4.91
5.24
5.355
5.695
5.92
6.04
6.37
6.62
6.72
6.945
7.37
7.615
7.94
8.08
8.29
8.395
8.615
8.74
8.94
9.08
9.415
9.765
10.015
10.095
10.445
10.675
10.775
11.005
11.12
11.34
11.46
11.775
12.05
12.115
12.13
12.48
12.81
13.07
13.135
13.465
13.485
13.5
13.735
13.81
14.155
14.365
14.475
14.73
14.84
15.025
15.475
15.81
16.035
16.35
16.505
16.685
16.82
17.165
17.5
17.83
18.18
18.405
18.515
18.715
18.86
19.05
19.165
19.485
19.705
19.83
20.02
20.17
20.335
20.495
20.83
21.04
21.165
21.39
21.51
21.84
22.1
22.17
22.51
22.825
22.845
22.87
23.1
23.175
23.51
23.85
24.07
24.185
24.365
24.515
24.715
24.845
25.21
25.395
25.72
25.835
26.165
26.71
26.855
27.19
27.41
27.53
27.745
27.885
28.205
28.535
28.72
28.855
29.06
29.395
29.855
