0.325
0.59
0.725
0.97
1.165
1.445
1.58
1.845
2.02
2.29
2.405
2.685
2.865
3.13
3.235
3.525
3.7
3.97
4.085
4.11
4.505
4.555
4.795
4.955
5.245
5.38
5.655
5.8
6.08
6.22
6.49
6.635
6.9
7.05
7.34
7.45
7.5
7.74
7.905
8.175
8.315
8.575
8.745
9.025
9.135
9.175
9.43
9.6
9.885
10.0
10.245
10.27
10.435
10.47
10.71
10.845
11.11
11.135
11.275
11.54
11.555
11.67
11.7
11.955
12.115
12.375
12.5
12.535
12.795
12.96
13.225
13.34
13.38
13.65
13.775
13.805
14.055
14.195
14.24
14.455
14.64
14.91
15.035
15.21
15.315
15.485
15.745
15.895
16.155
16.315
16.585
16.725
17.025
17.17
17.445
17.565
17.85
17.985
18.28
18.405
18.695
18.84
19.125
19.26
19.54
19.69
19.95
20.105
20.38
20.515
20.54
20.795
20.935
21.37
21.645
21.775
22.06
22.22
22.495
22.605
22.645
22.905
23.055
23.345
23.47
23.71
23.75
23.895
24.17
24.295
24.56
24.73
24.975
24.995
25.15
25.41
25.57
25.865
25.97
26.265
26.42
26.685
26.825
27.075
27.115
27.255
27.52
27.665
27.91
28.085
28.345
28.495
28.915
29.19
29.31
29.595
29.745
29.76
