0.05
0.14
0.445
0.64
0.89
1.13
1.375
1.62
1.855
2.1
2.35
2.595
2.835
3.005
3.08
3.335
3.51
3.59
4.105
4.125
4.365
4.61
4.855
5.1
5.265
5.335
5.595
5.835
6.09
6.335
6.59
6.84
7.075
7.245
7.32
7.455
7.56
7.81
8.06
8.32
8.565
8.795
9.04
9.285
9.535
9.78
10.03
10.26
10.5
10.53
10.745
10.93
10.995
11.24
11.375
11.5
12.175
12.265
12.55
13.065
13.325
13.6
14.34
14.585
14.835
15.07
15.12
15.315
15.57
15.805
16.065
16.095
16.34
16.595
16.835
17.09
17.335
17.59
17.605
17.85
18.11
18.345
18.605
18.845
19.01
19.09
19.33
19.58
19.85
20.11
20.355
20.615
20.845
21.12
21.345
21.615
21.85
22.09
22.12
22.345
22.58
22.79
22.925
23.02
23.285
23.545
23.785
24.03
24.525
24.545
24.78
25.03
25.26
25.515
25.545
26.035
26.28
26.545
26.765
27.045
27.28
27.55
28.34
28.61
28.635
29.095
29.39
29.64
