1.99
2.31
2.485
2.55
2.69
2.75
3.125
3.34
3.585
3.785
3.815
4.015
4.205
4.465
4.635
4.715
4.91
5.13
5.29
5.53
5.57
5.72
5.77
5.945
6.15
6.205
6.39
6.595
6.805
6.835
7.015
7.24
7.3
7.675
7.725
7.935
8.11
8.36
8.585
8.745
9.03
9.175
9.23
9.4
9.485
9.595
9.66
9.81
10.035
10.06
10.245
10.45
10.66
10.77
10.97
11.11
11.15
11.31
11.345
11.545
11.735
11.97
12.17
12.41
12.445
12.615
12.865
13.03
13.26
13.475
13.505
13.685
13.905
14.16
14.34
14.4
14.6
14.805
15.025
15.42
15.865
15.925
16.135
16.27
16.34
16.525
16.565
16.775
16.795
16.975
17.195
17.24
17.4
17.615
17.66
17.87
18.06
18.085
18.29
18.495
18.53
18.72
18.735
18.96
19.15
19.375
19.62
19.81
20.01
20.26
20.465
20.675
20.885
21.135
21.35
21.565
21.75
22.02
22.19
22.225
22.43
22.625
22.87
23.075
23.1
23.29
23.48
23.51
23.73
23.93
23.96
24.145
24.37
24.585
25.02
25.075
25.25
25.47
25.68
26.125
26.355
26.575
26.795
26.83
27.005
27.24
27.445
27.67
27.86
28.095
28.545
28.74
29.09
29.17
29.235
29.625
29.82
29.985
