0.23
0.52
0.775
1.015
1.58
1.87
1.935
2.14
2.165
2.925
2.95
3.2
3.22
3.555
3.74
4.09
4.285
4.485
4.605
4.82
5.365
5.915
6.27
6.38
6.455
6.58
6.705
6.965
7.055
7.235
7.505
7.895
8.07
8.325
8.405
9.145
9.495
9.675
10.045
10.23
10.485
10.555
10.77
11.1
11.33
12.215
12.43
12.78
12.985
13.225
13.345
13.425
14.01
14.61
15.13
15.26
15.315
15.585
15.71
16.05
16.26
16.6
16.805
16.84
17.115
17.32
17.68
17.86
18.605
18.75
18.93
19.18
19.275
19.495
19.7
19.91
20.47
20.54
20.875
21.1
21.445
21.615
21.635
21.72
21.9
21.95
22.155
22.19
22.525
22.72
23.06
23.26
23.44
23.785
24.135
24.33
24.93
25.25
25.45
25.775
25.965
26.275
26.31
26.505
26.86
27.06
27.405
27.57
28.045
28.7
29.05
29.23
29.76
29.985
