0.065
0.17
0.28
0.44
0.685
0.935
1.195
1.295
1.31
1.41
1.435
1.56
1.65
1.9
2.125
2.385
2.685
2.78
2.875
3.125
3.145
3.24
3.395
3.51
3.615
3.755
3.84
4.095
4.12
4.22
4.365
4.485
4.6
4.72
4.83
4.85
5.0
5.165
5.21
5.395
5.595
5.825
5.865
6.07
6.24
6.315
6.585
6.805
6.965
7.07
7.3
7.425
7.465
7.565
7.585
7.66
7.73
7.805
8.03
8.29
8.765
9.14
9.175
9.265
9.485
9.62
9.735
9.975
10.225
10.495
10.625
10.73
10.89
10.965
11.13
11.215
11.33
11.46
11.53
11.71
11.955
12.215
12.555
12.625
12.71
13.075
13.2
13.27
13.435
13.67
13.92
13.98
14.065
14.16
14.455
14.55
14.65
15.025
15.19
15.38
15.64
15.87
16.03
16.115
16.405
16.6
16.845
16.96
16.98
17.095
17.335
17.575
17.775
17.84
18.07
18.395
18.57
18.7
18.805
18.86
19.015
19.08
19.16
19.33
19.43
19.54
19.775
20.02
20.31
20.5
20.765
20.79
20.87
21.06
21.175
21.23
21.34
21.43
21.47
21.65
21.705
21.95
22.05
22.17
22.355
22.44
22.695
22.795
22.885
23.075
23.145
23.385
23.49
23.63
23.885
24.135
24.395
24.65
24.76
24.88
25.025
25.11
25.355
25.555
25.6
25.84
26.11
26.335
26.605
26.83
26.975
27.06
27.315
27.55
27.785
28.055
28.195
28.295
28.54
28.785
29.015
29.16
29.245
29.505
29.735
29.765
