0.145
0.6
0.95
1.29
1.525
1.79
2.0
2.43
2.78
3.0
3.135
3.365
3.58
3.845
4.275
4.61
4.845
4.985
5.205
5.66
6.575
7.04
7.275
7.5
7.955
8.305
8.545
8.64
8.87
9.105
9.335
9.775
10.015
10.12
10.34
10.375
10.46
10.695
11.155
11.61
11.85
11.975
12.295
12.525
12.765
12.985
13.435
13.785
14.135
14.355
14.59
14.815
15.28
15.625
15.88
15.97
16.2
16.655
16.88
17.115
17.335
17.455
17.69
17.785
18.02
18.49
18.94
19.285
19.635
19.86
20.075
20.315
20.765
21.115
21.465
21.695
21.88
22.155
22.605
22.84
22.945
23.15
23.305
23.535
24.01
24.455
24.795
25.15
25.385
25.615
25.84
26.08
26.305
26.65
26.855
27.01
27.23
27.68
28.14
28.38
28.5
28.85
28.93
29.07
29.095
29.295
29.525
