0.2
0.425
0.665
0.905
1.135
1.365
1.61
1.84
2.065
2.285
2.45
2.945
3.2
3.45
3.92
4.145
4.605
4.83
5.08
5.095
5.295
5.53
5.935
5.98
6.09
6.315
6.4
6.685
6.9
7.135
7.38
7.615
7.835
8.085
8.315
8.55
8.775
9.02
9.25
9.5
9.6
9.715
9.82
9.93
10.05
10.64
10.85
11.36
11.59
12.055
12.28
12.74
12.985
13.33
13.435
14.09
14.36
14.6
14.855
15.07
15.295
15.545
15.785
16.02
16.24
16.475
16.715
16.955
17.07
17.185
17.28
17.395
17.64
17.88
18.095
18.31
18.575
18.805
19.02
19.25
19.365
19.6
19.71
19.95
20.05
20.41
20.52
20.645
20.98
21.315
22.275
22.745
23.235
23.48
23.96
24.395
24.46
24.915
25.17
26.63
26.91
28.74
28.985
