0.07
0.28
0.485
0.695
0.915
1.13
1.335
1.54
1.755
1.965
2.185
2.39
2.61
2.715
2.815
3.0
3.235
3.31
3.445
3.66
3.87
4.08
4.3
4.515
4.715
4.92
5.14
5.35
5.56
5.765
5.98
6.19
6.395
6.61
6.83
7.04
7.255
7.46
7.665
7.9
8.1
8.305
8.52
8.735
8.955
9.145
9.36
9.58
10.0
10.22
10.425
10.6
10.84
11.06
11.47
11.68
11.9
12.095
12.315
12.525
12.745
12.945
13.365
13.575
13.785
13.99
14.21
14.43
14.645
14.835
15.055
15.275
15.48
15.495
15.905
16.13
16.33
16.49
16.755
16.97
17.18
17.395
17.605
17.825
18.035
18.225
18.435
18.65
18.86
19.075
19.275
19.495
19.705
19.925
20.13
20.345
20.56
20.77
20.97
21.19
21.405
21.595
21.805
22.025
22.235
22.445
22.65
23.08
23.305
23.495
23.71
23.93
24.335
24.56
24.775
24.965
25.175
25.39
25.6
26.015
26.235
26.44
26.87
27.08
27.295
27.71
27.925
28.14
28.35
28.56
28.77
28.98
29.405
29.62
29.835
29.985
