0.085
0.385
0.62
0.71
1.13
1.655
1.985
2.21
2.3
2.615
2.8
2.935
3.25
3.57
3.9
4.21
4.52
4.545
4.575
4.85
5.17
5.205
5.375
5.485
5.645
5.825
6.14
6.31
6.51
6.78
7.105
7.42
7.61
8.035
8.375
8.685
8.995
9.28
9.605
9.94
10.25
10.555
10.88
11.195
11.86
12.175
12.495
12.725
13.145
13.47
13.79
14.03
14.11
14.42
14.66
14.755
15.075
15.395
15.715
15.965
16.04
16.36
16.635
16.675
16.985
17.32
17.635
17.955
18.255
18.59
18.74
18.905
19.545
19.87
20.18
20.5
20.53
20.81
20.97
21.15
21.465
21.77
22.075
22.315
22.39
22.69
22.945
23.045
23.06
23.345
23.55
23.575
23.985
24.62
24.95
25.27
25.585
25.885
26.2
26.39
26.54
26.88
27.16
27.395
27.48
27.8
28.115
28.42
28.755
29.06
29.68
