0.2
0.41
0.57
0.8
0.92
1.17
1.295
1.56
1.67
1.695
1.985
2.055
2.285
2.425
2.675
2.79
3.03
3.17
3.315
3.54
3.775
3.92
4.14
4.27
4.5
4.655
4.93
5.02
5.255
5.405
5.63
5.755
5.99
6.15
6.2
6.51
6.745
6.895
7.09
7.25
7.635
7.825
7.995
8.235
8.385
8.605
8.75
8.965
9.125
9.365
9.49
9.72
9.865
10.09
10.22
10.53
10.605
10.98
11.205
11.36
11.59
11.73
11.79
11.94
11.985
12.285
12.465
12.72
12.85
13.095
13.205
13.585
13.97
14.205
14.335
14.58
14.71
14.865
14.94
15.095
15.21
15.295
15.44
15.62
15.68
15.815
16.035
16.17
16.42
16.56
16.615
16.81
16.925
17.125
17.165
17.295
17.335
17.535
17.585
17.68
17.92
18.055
18.405
18.66
18.8
19.025
19.165
19.55
19.735
19.905
19.93
20.175
20.31
20.525
20.68
20.895
21.06
21.315
21.43
21.675
21.81
22.03
22.165
22.525
22.925
23.16
23.3
23.54
23.66
24.04
24.4
24.78
25.025
25.145
25.53
25.9
26.15
26.285
26.52
26.655
27.04
27.285
27.655
27.8
28.18
28.42
28.555
28.575
28.785
28.92
29.18
29.295
29.54
29.68
