0.105
0.305
0.435
0.81
1.005
1.145
1.51
1.705
1.84
2.205
2.41
2.535
2.75
2.92
3.115
3.24
3.615
3.81
3.95
4.225
4.315
4.51
4.65
5.03
5.225
5.36
5.545
5.715
6.065
6.32
6.435
6.61
6.79
7.115
7.15
7.4
7.495
7.72
7.875
8.05
8.23
8.39
8.525
8.575
8.92
9.14
9.29
9.46
9.645
10.0
10.37
10.75
10.925
11.11
11.4
11.465
11.735
11.805
12.05
12.17
12.355
12.525
12.865
13.23
13.46
13.61
13.785
13.965
14.165
14.285
14.65
14.885
15.02
15.19
15.355
15.73
16.09
16.315
16.475
16.66
16.835
17.2
17.395
17.54
17.575
17.76
17.935
18.105
18.285
18.63
18.825
19.0
19.345
19.535
19.705
20.055
20.245
20.42
20.665
20.765
20.96
21.125
21.49
21.68
21.86
22.04
22.215
22.41
22.58
22.93
23.125
23.285
23.515
23.635
23.825
23.995
24.34
24.535
24.7
24.96
25.045
25.235
25.405
25.76
25.95
26.125
26.465
26.665
26.835
27.195
27.39
27.555
27.785
27.91
28.1
28.27
28.64
28.835
28.985
29.35
29.535
29.715
