0.49
0.51
0.78
0.935
1.205
1.83
1.87
2.32
2.5
2.605
2.78
3.225
3.385
3.695
4.18
4.515
4.615
5.075
5.115
5.25
5.535
6.465
6.795
6.9
7.135
7.36
8.275
8.555
8.74
8.77
8.96
9.195
10.095
10.34
10.445
10.555
10.89
10.995
11.06
11.22
11.385
11.47
11.7
11.77
11.92
12.35
12.415
12.51
12.65
12.845
13.765
13.935
14.225
14.45
14.525
14.595
14.69
15.16
15.605
16.085
16.33
16.545
16.9
16.97
17.16
17.46
18.385
18.825
19.15
19.29
19.75
19.985
20.21
20.675
21.12
21.36
21.575
21.81
22.02
22.505
22.725
22.95
23.405
23.87
24.355
24.7
24.795
25.275
25.72
26.63
27.1
27.315
27.39
27.525
28.005
28.23
28.45
28.9
29.345
29.805
