0.135
0.33
0.445
0.645
0.77
0.97
1.08
1.28
1.395
1.59
1.61
1.705
1.89
2.105
2.21
2.34
2.51
2.65
2.845
2.965
3.16
3.28
3.48
3.57
3.78
3.895
4.1
4.205
4.405
4.42
4.72
4.82
4.84
5.15
5.465
5.775
5.995
6.085
6.325
6.405
6.6
6.905
7.05
7.25
7.355
7.67
7.985
8.17
8.3
8.51
8.615
8.935
9.13
9.245
9.46
9.76
9.875
10.085
10.19
10.385
10.495
10.71
10.825
11.02
11.13
11.345
11.45
11.64
11.76
11.935
11.96
12.24
12.385
12.575
12.705
12.905
13.015
13.21
13.525
13.645
13.84
13.96
14.155
14.275
14.485
14.775
14.9
15.215
15.515
15.54
15.735
15.855
16.17
16.37
16.46
16.64
16.675
16.8
17.13
17.31
17.43
17.625
17.75
18.02
18.065
18.245
18.365
18.56
18.645
18.685
18.875
18.985
19.19
19.495
19.81
19.935
20.16
20.24
20.435
20.575
20.775
20.875
21.075
21.195
21.39
21.525
21.69
21.845
22.01
22.32
22.44
22.655
22.74
22.96
23.09
23.28
23.395
23.59
23.715
23.92
24.03
24.215
24.345
24.52
24.84
24.955
25.16
25.28
25.475
25.6
25.765
26.375
26.415
26.69
26.71
26.86
27.025
27.34
27.485
27.675
27.795
27.97
28.11
28.29
28.43
28.62
28.74
28.925
29.055
29.13
29.235
29.505
29.555
