0.545
0.85
1.125
1.41
1.71
1.985
2.255
2.545
2.605
2.835
3.395
3.68
3.97
4.19
4.275
4.56
4.825
5.115
5.395
5.68
5.945
5.98
6.36
6.84
7.415
7.695
8.56
8.885
9.12
9.415
10.13
10.145
10.27
10.55
10.82
11.05
11.13
11.39
11.685
11.985
12.265
12.555
12.785
12.86
13.455
13.705
14.26
14.55
15.1
15.145
15.4
15.685
15.965
16.26
16.53
17.1
17.655
17.81
17.94
18.24
18.51
18.8
19.085
19.375
19.67
19.955
20.245
20.535
20.82
20.845
21.09
21.39
21.67
21.95
22.09
22.24
22.53
22.79
23.09
23.375
23.655
23.955
24.255
24.535
24.835
25.12
25.41
25.71
26.0
26.285
26.56
26.59
26.845
27.075
27.19
27.45
27.725
27.835
28.025
28.31
28.59
29.185
29.465
29.745
