0.19
0.415
0.645
0.895
1.38
1.63
1.715
1.865
2.345
2.565
2.775
2.875
3.3
3.5
3.77
4.04
4.17
4.26
4.52
4.75
4.78
5.23
5.45
5.635
5.71
5.955
6.19
6.34
6.67
7.15
7.575
7.66
7.895
7.995
8.115
8.37
8.605
9.09
9.34
9.565
9.815
9.965
10.065
10.29
10.535
10.555
10.78
11.005
11.495
11.55
11.965
12.205
12.435
12.7
12.935
13.18
13.42
13.89
14.125
14.275
14.375
14.855
15.08
15.325
15.475
15.55
15.805
16.055
16.32
16.78
17.03
17.275
17.59
17.75
17.97
18.215
18.36
18.705
18.945
19.185
19.435
19.66
19.92
20.1
20.625
20.875
21.105
21.255
21.36
21.58
22.06
22.115
22.445
22.54
22.78
23.03
23.255
23.515
23.76
23.99
24.48
24.725
24.955
25.205
25.44
25.65
25.905
26.125
26.405
26.645
26.765
26.885
27.045
27.36
27.615
27.84
28.085
28.31
28.54
28.8
29.05
29.27
29.52
29.755
