0.34
0.515
0.585
0.86
1.45
1.5
1.805
1.865
1.99
2.575
2.82
3.105
3.675
3.96
4.25
4.8
4.835
5.095
5.385
5.975
6.445
6.52
6.535
6.97
7.025
7.35
7.565
7.66
7.71
7.92
8.03
8.215
8.495
8.79
9.04
9.34
9.63
9.915
10.475
10.505
10.79
11.07
11.395
11.63
11.93
12.21
12.53
12.795
13.085
13.365
13.91
13.94
14.505
14.79
15.095
15.52
15.635
15.67
15.945
16.23
16.52
16.795
16.82
17.315
17.36
17.655
17.935
18.24
18.27
18.5
18.83
19.07
19.335
19.665
19.84
19.945
20.23
20.495
20.665
20.805
21.11
21.145
21.38
21.705
21.845
21.96
22.22
22.27
22.43
22.505
22.795
23.08
23.385
23.635
24.175
24.22
24.51
24.775
24.805
25.09
25.31
25.35
25.565
25.76
25.905
25.93
26.055
26.33
26.495
26.795
27.055
27.36
27.585
27.63
27.955
28.225
28.68
28.775
28.825
29.095
29.29
29.38
29.93
29.98
