0.07
0.09
0.535
0.77
0.99
1.18
1.455
1.605
1.69
1.805
1.905
2.18
2.335
2.795
3.015
3.265
3.445
3.505
3.69
3.72
3.975
4.18
4.63
4.85
4.875
4.995
5.085
5.27
5.53
5.78
6.01
6.245
6.45
6.68
6.795
6.88
7.095
7.33
7.795
8.045
8.26
8.5
8.73
9.03
9.18
9.635
10.105
10.325
10.54
10.805
11.025
11.49
11.74
11.945
12.14
12.35
12.61
12.86
13.08
13.14
13.305
13.555
13.765
13.975
14.175
14.435
14.685
15.135
15.38
15.595
15.81
16.01
16.27
16.52
16.725
16.96
17.215
17.405
17.455
17.635
17.84
18.095
18.13
18.35
18.795
19.055
19.26
19.475
19.67
19.93
20.17
20.49
20.595
20.84
20.985
21.3
21.495
21.76
21.99
22.205
22.44
22.68
22.895
23.12
23.32
23.58
23.83
24.04
24.275
24.49
24.525
24.69
24.745
24.955
25.16
25.415
25.655
25.685
25.9
26.115
26.365
26.385
26.585
26.795
27.005
27.26
27.5
27.935
28.13
28.35
28.62
28.83
29.1
29.295
29.335
29.77
29.99
