0.135
0.275
0.425
0.705
0.83
0.865
1.155
1.435
1.705
1.88
2.03
2.16
2.23
2.35
2.46
2.505
2.61
2.745
3.04
3.135
3.495
3.775
4.065
4.35
4.785
4.915
5.26
5.39
5.49
5.735
5.83
6.07
6.105
6.435
6.71
6.905
6.995
7.145
7.295
7.605
7.745
7.805
7.88
8.065
8.17
8.185
8.455
8.685
8.91
9.05
9.205
9.355
9.635
9.84
9.925
10.2
10.38
10.5
10.655
10.785
10.99
11.1
11.255
11.375
11.665
11.69
11.865
11.96
12.185
12.275
12.465
12.53
12.825
13.035
13.125
13.425
13.71
13.89
13.975
14.005
14.305
14.525
14.6
14.875
15.06
15.175
15.46
15.67
15.76
15.78
15.975
16.05
16.36
16.625
16.805
17.12
17.21
17.385
17.5
17.715
17.785
18.08
18.25
18.37
18.54
18.655
18.675
18.845
18.955
19.155
19.24
19.53
19.595
19.825
19.845
20.115
20.395
20.57
20.63
20.695
20.865
20.985
21.02
21.285
21.59
21.75
21.86
22.045
22.15
22.435
22.595
22.745
22.875
23.035
23.17
23.31
23.625
23.91
24.055
24.19
24.355
24.475
24.785
25.055
25.22
25.365
25.515
25.66
25.955
26.125
26.22
26.525
26.69
26.79
26.97
27.105
27.125
27.26
27.405
27.585
27.7
27.845
27.98
28.145
28.29
28.57
28.87
29.03
29.125
29.32
