0.485
1.005
1.065
1.34
1.475
1.515
2.055
2.2
2.25
2.53
3.23
3.59
3.95
4.12
4.265
4.705
4.985
5.31
5.855
6.005
6.35
6.525
6.695
7.02
7.055
7.74
7.9
7.96
8.07
8.26
8.395
8.695
8.905
9.085
9.295
9.42
9.775
10.14
10.325
10.485
10.65
10.805
10.995
11.135
11.48
11.655
11.825
12.005
12.145
12.335
12.495
12.865
13.035
13.18
13.215
13.535
13.85
14.22
14.385
14.54
14.705
14.87
15.05
15.19
15.72
15.88
15.935
16.205
16.24
16.455
16.56
16.905
17.1
17.24
17.585
17.92
18.45
18.605
18.93
19.27
19.47
19.63
19.815
19.95
20.12
20.275
20.61
21.13
21.29
21.55
21.62
21.835
21.855
21.955
22.175
22.31
22.52
22.64
22.825
22.995
23.3
23.835
23.995
24.325
24.675
24.865
25.02
25.18
25.33
25.515
25.69
25.865
26.005
26.36
26.535
26.685
26.92
27.01
27.045
27.235
27.365
27.545
27.715
27.89
28.03
28.215
28.385
28.7
29.045
29.215
29.375
29.71
