0.31
0.545
0.745
1.005
1.23
1.455
1.695
2.135
2.385
2.845
3.05
3.08
3.505
3.96
4.2
4.455
4.655
4.89
5.125
5.34
5.81
6.29
6.495
6.715
6.925
7.16
7.635
7.87
8.09
8.32
8.54
8.77
9.0
9.24
9.46
9.675
10.14
10.36
10.595
10.81
11.105
11.265
11.515
11.74
11.95
12.18
12.635
12.885
13.09
13.32
13.545
13.775
14.01
14.255
14.455
14.925
15.165
15.225
15.36
15.625
15.855
16.06
16.295
16.59
16.74
16.98
17.22
17.43
17.675
17.895
18.11
18.585
18.82
19.055
19.27
19.505
19.725
19.945
20.4
20.65
20.855
21.085
21.315
21.545
21.765
22.235
22.685
22.97
23.16
23.38
23.6
24.06
24.53
24.545
24.67
24.735
24.965
25.185
25.41
25.895
26.37
26.575
26.805
27.03
27.25
27.725
27.965
28.195
28.42
28.635
29.085
29.535
29.795
