0.365
0.61
0.85
1.11
1.335
1.585
1.85
2.065
2.325
2.575
2.81
3.055
3.3
3.55
3.795
4.28
4.52
4.76
5.26
5.495
5.555
5.745
6.23
6.48
6.72
6.975
7.205
7.445
7.715
8.18
8.425
8.67
9.16
9.405
9.445
9.65
10.14
10.395
10.63
10.885
11.115
11.355
11.605
12.105
12.34
12.58
13.075
13.11
13.315
13.56
13.845
14.045
14.285
14.535
14.77
15.015
15.25
15.495
15.985
16.235
16.485
16.76
16.965
17.21
17.235
17.45
17.945
18.19
18.44
18.915
19.165
19.41
19.7
19.9
20.145
20.4
20.87
21.115
21.145
21.36
21.655
21.845
22.095
22.34
22.82
23.06
23.335
23.54
23.805
24.04
24.285
24.54
24.775
25.025
25.265
25.765
26.005
26.25
26.745
26.985
27.235
27.725
27.97
28.215
28.465
28.71
28.945
29.195
29.68
29.93
