0.24
0.485
0.73
0.75
0.98
1.725
2.185
2.43
2.68
2.94
2.955
3.09
3.16
3.405
3.65
3.675
4.055
4.115
4.13
4.38
4.63
4.65
4.875
4.895
4.96
4.985
5.355
5.6
5.625
5.87
6.0
6.085
6.325
6.575
6.845
6.98
7.06
7.3
7.545
7.57
7.795
7.955
8.035
8.275
8.42
8.52
8.55
8.93
9.01
9.25
9.495
9.76
9.9
10.23
10.37
10.47
10.74
10.875
10.95
11.2
11.445
11.47
11.68
11.85
11.92
12.175
12.415
12.44
12.665
12.825
12.89
12.905
13.145
13.385
13.74
13.855
14.12
14.365
14.645
14.775
14.855
15.095
15.115
15.34
15.585
15.745
15.83
16.07
16.315
16.61
16.8
17.045
17.07
17.29
17.31
17.695
17.815
18.05
18.415
18.53
18.785
19.25
19.72
20.45
20.71
20.89
21.145
21.205
21.66
21.915
22.16
22.435
22.565
22.645
22.695
22.78
22.89
22.95
23.135
23.52
23.545
23.615
23.865
24.11
24.345
24.515
24.73
24.84
25.085
25.34
25.465
25.49
25.55
25.57
25.745
25.81
26.055
26.33
26.46
26.54
26.675
26.785
27.03
27.415
27.51
27.76
28.005
28.245
28.405
28.495
28.625
28.735
28.975
29.33
29.39
29.455
29.71
29.96
