0.305
0.485
0.64
0.985
1.145
1.18
1.31
1.475
1.52
1.645
1.81
1.85
1.975
2.145
2.17
2.48
2.675
2.815
2.985
3.15
3.305
3.475
3.635
3.82
3.965
4.13
4.315
4.47
4.495
4.625
4.8
5.15
5.315
5.48
5.635
5.775
5.965
6.145
6.29
6.47
6.65
6.8
6.97
7.165
7.49
7.665
7.985
8.31
8.82
9.15
9.315
9.48
9.65
9.825
9.98
10.15
10.315
10.475
10.66
10.825
10.985
11.155
11.305
11.48
11.82
11.975
12.145
12.29
12.5
12.655
13.01
13.155
13.33
13.495
13.645
13.97
14.15
14.17
14.485
14.64
14.815
14.955
14.97
14.99
15.165
15.305
15.485
15.66
15.825
15.99
16.15
16.32
16.47
16.64
16.8
17.13
17.305
17.455
17.62
17.81
17.96
17.985
18.14
18.3
18.465
18.645
18.805
18.935
18.975
19.125
19.3
19.455
19.785
19.815
19.965
20.13
20.315
20.475
20.605
20.65
20.76
20.96
20.985
21.1
21.315
21.465
21.49
21.825
21.995
22.145
22.315
22.495
22.655
22.81
22.995
23.18
23.325
23.49
23.645
23.835
24.005
24.185
24.525
24.68
24.845
25.025
25.175
25.35
25.51
25.675
25.855
26.05
26.185
26.365
26.395
26.535
26.7
26.715
26.87
27.225
27.385
27.555
27.705
27.88
27.91
28.05
28.075
28.23
28.39
28.56
28.73
28.9
29.07
29.255
29.415
29.58
29.94
