0.06
0.215
0.31
0.58
0.8
1.045
1.2
1.295
1.455
1.545
1.78
2.015
2.18
2.275
2.53
2.765
3.015
3.165
3.26
3.41
3.5
3.755
3.99
4.14
4.24
4.495
4.735
4.98
5.01
5.225
5.48
5.715
5.965
6.205
6.435
6.6
6.7
6.945
7.095
7.185
7.34
7.44
7.685
7.93
8.065
8.17
8.43
8.665
8.91
9.07
9.155
9.31
9.415
9.645
9.88
10.04
10.135
10.395
10.47
10.63
10.875
11.025
11.12
11.27
11.375
11.515
11.615
11.845
11.865
12.0
12.105
12.35
12.595
12.845
13.09
13.245
13.34
13.58
13.82
13.97
14.065
14.335
14.47
14.565
14.715
14.81
14.96
15.055
15.205
15.305
15.445
15.545
15.705
15.795
15.94
16.035
16.3
16.32
16.53
16.78
16.93
17.02
17.275
17.41
17.515
17.775
18.005
18.26
18.49
18.755
18.885
18.985
19.24
19.37
19.48
19.65
19.74
19.975
20.23
20.46
20.72
20.85
20.95
21.205
21.34
21.44
21.6
21.705
21.825
21.935
22.195
22.42
22.685
22.815
22.915
23.17
23.305
23.41
23.665
23.785
23.905
24.16
24.39
24.65
24.78
24.88
25.135
25.27
25.375
25.63
25.87
26.13
26.355
26.615
26.745
26.845
27.105
27.23
27.34
27.595
27.835
28.095
28.32
28.58
28.715
28.81
29.07
29.205
29.31
29.565
29.8
29.95
