0.63
0.695
0.865
0.99
1.28
1.595
1.78
1.845
1.895
2.055
2.19
2.235
2.255
2.48
2.785
3.065
3.37
3.53
3.58
3.655
3.965
4.045
4.15
4.26
4.43
4.565
4.605
4.75
4.86
5.025
5.165
5.3
5.44
5.675
5.745
5.905
6.03
6.225
6.275
6.34
6.52
6.64
6.8
6.935
6.975
7.105
7.23
7.535
7.8
7.995
8.115
8.315
8.4
8.65
8.67
8.845
8.895
9.015
9.17
9.31
9.45
9.6
9.83
9.91
10.07
10.185
10.355
10.485
10.63
10.775
10.93
11.08
11.27
11.385
11.515
11.55
11.685
11.975
12.255
12.295
12.4
12.56
12.855
13.005
13.15
13.455
13.645
13.75
13.885
13.92
14.055
14.345
14.635
14.775
14.93
15.11
15.23
15.395
15.52
15.85
16.015
16.16
16.275
16.295
16.425
16.585
16.72
16.895
17.03
17.085
17.3
17.565
17.61
17.895
18.175
18.205
18.385
18.49
18.665
18.805
18.945
19.005
19.095
19.4
19.445
19.68
19.98
20.26
20.575
20.605
20.76
20.88
21.04
21.17
21.215
21.47
21.68
21.775
21.96
22.05
22.225
22.35
22.53
22.64
22.86
22.92
22.985
23.13
23.255
23.41
23.485
23.55
23.84
24.415
24.735
25.01
25.33
25.475
25.625
25.8
25.925
26.215
26.495
26.52
26.64
26.795
27.11
27.24
27.32
27.39
27.695
27.995
28.05
28.165
28.3
28.585
28.735
28.865
28.9
29.01
29.16
29.48
29.76
