0.225
0.93
1.39
1.625
1.85
2.085
2.335
2.58
2.78
3.01
3.15
3.285
3.51
3.77
4.0
4.22
4.46
4.68
4.705
4.94
5.19
5.41
5.67
5.89
6.125
6.365
6.58
6.83
7.075
7.3
7.565
7.62
7.78
8.01
8.23
8.455
8.495
8.715
8.95
9.18
9.44
9.655
9.895
10.13
10.335
10.6
10.84
11.055
11.31
11.545
11.78
12.01
12.225
12.25
12.48
12.715
12.95
13.2
13.43
13.66
13.885
14.11
14.42
14.61
14.635
14.835
15.08
15.14
15.22
15.315
15.55
15.775
15.985
16.005
16.24
16.32
16.42
16.525
16.625
16.78
16.855
17.075
17.185
17.31
17.54
17.75
17.78
18.03
18.115
18.27
18.48
18.715
18.95
19.185
19.41
19.635
19.89
20.125
20.36
20.605
20.64
20.825
21.08
21.29
21.52
21.745
21.81
21.985
22.22
22.44
22.515
22.67
22.89
23.115
23.33
23.555
23.88
23.98
24.205
24.445
24.66
24.895
25.385
25.62
25.85
26.075
26.345
26.555
26.795
27.025
27.27
27.5
27.725
27.97
28.205
28.445
28.67
28.89
29.14
29.365
29.6
