0.055
0.665
0.89
1.27
1.56
1.585
1.885
2.19
2.44
2.5
2.84
3.135
3.455
3.57
3.73
4.075
4.335
4.64
4.735
4.95
5.17
5.315
5.565
6.07
6.165
6.455
6.62
6.77
7.005
7.075
7.38
7.41
8.0
8.265
8.61
9.215
9.525
9.55
10.14
10.165
10.435
10.69
10.78
11.04
11.36
11.42
11.65
11.695
11.975
12.31
12.605
12.9
13.12
13.215
13.295
13.515
14.12
14.45
14.755
15.05
15.315
15.955
16.13
16.285
16.58
16.87
17.015
17.215
17.51
17.81
18.1
18.43
18.765
18.84
19.035
19.36
19.66
20.165
20.24
20.575
20.855
21.14
21.16
21.305
21.46
21.495
21.765
21.79
21.95
22.085
22.255
22.4
22.685
22.965
23.305
23.9
23.925
24.245
24.515
24.845
25.145
25.465
25.745
25.795
26.37
26.685
26.97
27.205
27.285
27.58
27.895
28.17
28.8
29.1
29.13
29.76
29.99
