0.085
0.645
0.865
1.23
1.49
1.935
2.01
2.385
2.41
2.77
3.0
3.175
3.61
3.955
4.13
4.385
4.795
5.015
5.35
5.5
5.545
5.565
5.75
5.84
5.925
6.175
6.245
6.265
6.485
6.585
6.73
6.785
7.15
7.66
7.7
7.88
8.29
8.575
8.895
9.06
9.18
9.465
9.675
9.76
9.94
10.35
10.645
10.93
11.25
11.44
11.475
11.585
11.665
11.875
12.4
12.42
12.575
12.66
13.035
13.295
13.565
13.635
13.79
14.08
14.7
14.925
15.125
15.78
15.9
16.04
16.24
16.47
17.015
17.75
17.795
17.915
17.975
18.76
19.325
19.55
19.975
20.61
20.765
21.135
21.415
21.715
21.98
22.16
22.57
22.67
22.87
23.255
23.47
23.82
24.07
24.92
25.02
25.28
25.86
26.07
26.38
26.795
26.92
27.38
27.615
28.19
28.53
28.81
28.835
29.0
29.085
29.265
29.4
29.705
