0.175
0.61
0.63
0.87
1.095
1.325
1.35
1.57
1.805
2.015
2.26
2.505
2.95
3.43
3.62
3.665
3.895
4.13
4.355
4.815
5.06
5.28
5.515
5.74
5.99
6.2
6.225
6.695
6.915
7.16
7.395
7.61
7.85
7.91
8.065
8.545
8.775
8.815
8.995
9.255
9.475
9.73
9.935
10.405
10.645
10.88
11.125
11.355
11.59
11.805
11.835
12.055
12.475
12.51
12.975
13.21
13.44
13.665
14.12
14.32
14.605
14.84
15.09
15.315
15.555
15.79
16.02
16.22
16.735
16.96
17.2
17.215
17.445
17.845
17.9
18.14
18.39
18.59
18.62
18.835
19.08
19.29
19.52
19.765
19.99
20.225
20.435
20.46
20.69
20.93
21.07
21.16
21.615
21.875
22.12
22.29
22.555
23.02
23.255
23.495
23.74
23.95
23.965
24.19
24.43
24.79
24.885
25.325
25.36
25.605
26.05
26.28
26.515
26.74
27.015
27.235
27.45
27.915
28.145
28.605
28.65
29.085
29.545
29.795
