0.44
0.63
0.665
2.225
2.45
2.665
2.69
2.895
3.1
3.325
3.545
3.765
4.005
4.21
5.56
5.785
6.005
6.235
6.45
6.65
6.895
7.115
7.225
7.315
7.55
7.755
8.205
8.66
8.88
9.095
9.35
9.55
9.78
9.98
10.23
10.33
10.43
10.65
10.86
11.115
11.335
11.565
11.775
12.01
12.12
12.215
12.435
12.65
12.895
13.11
13.33
13.555
13.77
13.995
14.11
14.21
14.42
14.455
14.64
14.87
14.905
15.315
15.525
15.765
16.0
16.225
16.45
17.12
17.345
17.47
17.55
17.78
17.99
18.205
18.44
18.645
18.895
19.34
19.56
19.775
19.975
20.225
20.43
20.665
20.895
21.01
21.11
21.33
21.545
21.765
21.99
22.23
22.445
22.785
22.89
23.1
23.315
23.55
23.765
23.8
23.985
24.215
24.44
24.66
24.765
24.865
25.08
25.325
25.55
26.0
26.22
26.445
26.655
26.885
27.115
27.33
27.545
27.895
27.985
28.215
28.43
28.67
28.865
29.125
29.56
29.785
29.84
