0.125
0.49
0.595
0.62
0.87
0.97
1.165
1.23
1.545
1.585
1.925
2.275
2.67
2.81
2.83
3.11
3.35
3.41
3.545
3.735
3.79
3.91
4.16
4.27
4.505
4.65
4.89
5.085
5.2
5.23
5.36
5.525
5.615
5.96
5.98
6.105
6.205
6.345
6.48
6.555
6.725
6.855
7.235
7.585
7.885
8.005
8.795
8.945
9.125
9.3
9.83
10.205
10.575
10.825
11.16
11.665
11.905
12.2
12.255
12.73
13.125
13.7
14.065
14.225
14.6
14.715
14.83
15.095
15.13
15.315
15.535
15.7
15.88
16.07
16.295
16.66
17.0
17.115
17.475
17.69
17.86
17.935
18.195
18.41
18.535
18.72
18.875
19.095
19.235
19.43
19.49
19.615
19.795
19.95
20.17
20.32
20.525
20.83
20.845
20.86
21.065
21.235
21.37
21.415
21.515
21.61
21.935
22.055
22.11
22.27
22.31
22.64
22.805
22.82
23.01
23.145
23.395
23.445
23.69
23.855
23.895
24.02
24.285
24.44
24.58
24.83
25.055
25.34
25.56
25.685
26.025
26.22
26.37
26.495
26.595
26.735
27.06
27.315
27.495
27.69
28.055
28.165
28.53
28.705
28.81
29.015
29.105
29.385
29.495
29.575
29.765
29.925
