0.09
0.32
0.555
0.765
1.02
1.265
1.48
1.715
1.75
1.94
2.17
2.385
2.62
2.86
3.085
3.3
3.53
3.59
3.755
4.005
4.225
4.47
4.7
4.91
5.135
5.355
5.46
5.585
5.82
6.045
6.13
6.275
6.505
6.895
6.97
7.19
7.42
7.64
7.88
8.095
8.135
8.33
8.545
8.785
9.005
9.255
9.465
9.715
9.92
10.14
10.365
10.595
10.825
11.055
11.28
11.51
11.725
11.965
12.18
12.41
12.63
12.86
13.075
13.32
13.545
13.77
14.235
14.68
15.14
15.605
15.95
16.055
16.28
16.52
16.765
16.87
16.97
17.18
17.41
17.45
17.895
18.11
18.35
18.595
18.815
19.03
19.285
19.505
19.74
19.965
20.21
20.44
20.665
20.895
21.025
21.14
21.595
21.815
22.06
22.295
22.515
22.73
22.975
23.365
23.44
23.65
23.89
24.14
24.35
24.575
24.805
25.275
25.73
26.19
26.66
26.985
27.105
27.21
27.33
27.565
27.8
27.91
28.015
28.125
28.235
28.47
28.935
29.155
29.405
29.875
