0.315
0.405
0.425
0.925
1.46
1.795
1.975
2.5
3.015
3.595
4.075
4.35
4.635
5.11
5.515
5.74
6.16
6.705
7.21
7.56
7.735
8.245
8.265
8.53
8.595
8.8
9.315
9.66
9.835
10.18
10.35
10.705
10.87
11.385
11.755
11.92
12.26
12.445
12.79
12.985
13.505
13.855
14.005
14.025
14.53
14.905
15.075
15.42
15.595
16.0
16.13
16.555
16.64
16.69
17.015
17.16
17.415
17.685
18.04
18.055
18.2
18.25
18.585
18.725
19.075
19.25
19.595
19.77
20.13
20.29
20.75
20.81
21.155
21.355
21.38
21.87
22.18
22.25
22.295
22.885
23.26
23.435
23.855
23.93
24.3
24.47
24.915
25.0
25.39
25.865
26.03
26.375
26.565
26.905
27.065
27.405
27.59
27.61
28.12
28.475
28.63
28.985
29.16
29.76
