0.32
0.59
0.825
1.08
1.325
1.545
1.585
1.825
1.855
1.925
2.055
2.325
2.48
2.575
2.825
3.055
3.08
3.305
3.565
3.71
3.795
3.965
4.05
4.1
4.225
4.295
4.55
4.73
4.795
4.925
5.03
5.265
5.52
5.755
6.025
6.25
6.525
6.75
7.0
7.23
7.495
7.605
7.73
7.985
8.13
8.235
8.405
8.5
8.735
8.765
9.0
9.24
9.485
9.755
9.99
10.205
10.24
10.46
10.495
10.68
10.745
10.99
11.24
11.57
11.725
11.875
11.975
12.075
12.15
12.23
12.465
12.675
12.73
12.75
12.975
13.095
13.215
13.395
13.47
13.725
13.97
14.225
14.395
14.495
14.73
14.895
14.975
15.215
15.37
15.495
15.67
15.695
15.975
16.21
16.425
16.49
16.71
16.74
16.965
17.115
17.215
17.47
17.705
17.935
18.21
18.46
18.72
19.23
19.485
19.73
19.995
20.225
20.49
20.51
20.725
20.96
20.985
21.23
21.475
21.74
21.985
22.24
22.49
22.525
22.74
22.99
23.125
23.245
23.505
23.745
24.005
24.245
24.495
24.74
24.935
24.995
25.22
25.475
25.495
25.725
25.99
26.215
26.475
26.71
26.995
27.2
27.485
27.705
28.185
28.45
28.68
29.0
29.17
29.425
29.45
29.655
