0.445
0.65
0.88
1.325
1.375
1.57
1.79
2.035
2.245
2.475
2.705
2.95
3.125
3.395
3.61
3.805
3.855
4.055
4.265
4.485
4.715
4.955
5.18
5.41
5.64
5.87
6.075
6.315
6.525
6.785
6.995
7.23
7.465
7.69
7.825
7.915
8.14
8.325
8.36
8.58
8.73
8.755
8.825
9.035
9.255
9.465
9.695
9.935
10.15
10.38
10.605
10.825
11.045
11.275
11.5
11.72
11.945
12.165
12.41
12.59
12.625
12.86
13.07
13.295
13.51
13.64
13.73
13.98
14.21
14.405
14.44
14.6
14.64
14.865
15.09
15.3
15.53
15.765
15.825
15.99
16.075
16.23
16.45
16.665
16.91
17.12
17.255
17.34
17.565
17.78
17.99
18.165
18.24
18.44
18.49
18.66
18.85
18.89
19.095
19.305
19.535
19.765
19.98
20.005
20.2
20.225
20.66
20.88
21.095
21.335
21.56
21.77
22.0
22.23
22.455
22.675
22.9
23.12
23.36
23.605
23.795
24.04
24.25
24.48
24.705
24.92
25.135
25.365
25.51
25.59
25.82
26.045
26.245
26.475
26.67
26.89
26.915
27.13
27.35
27.57
27.795
28.055
28.245
28.265
28.455
28.485
28.68
28.7
28.9
29.145
29.365
29.59
