0.34
0.395
0.82
1.12
1.29
1.64
1.76
2.265
2.71
3.2
3.495
3.705
4.005
4.165
4.465
4.62
5.115
5.56
5.62
6.05
6.41
6.53
6.85
7.005
7.075
7.49
7.99
8.32
8.455
8.935
9.26
9.445
9.72
9.96
10.21
10.345
10.83
11.295
11.625
11.77
11.85
12.285
12.59
12.77
13.05
13.22
13.71
13.995
14.18
14.51
14.645
15.125
15.16
15.455
15.61
15.935
16.095
16.135
16.43
16.6
16.91
16.94
17.08
17.12
17.57
18.09
18.425
18.59
18.81
18.905
19.07
19.41
19.57
19.86
20.045
20.375
20.515
21.0
21.32
21.475
21.82
21.95
22.44
22.915
23.395
23.44
23.885
24.195
24.35
24.675
24.84
25.31
25.345
25.64
25.795
26.11
26.26
26.74
26.775
27.05
27.22
27.52
27.7
28.185
28.505
28.67
29.15
