0.265
0.59
0.96
1.195
1.535
1.56
1.645
1.805
2.105
2.42
2.665
2.7
2.805
3.015
3.25
3.35
3.615
3.96
4.13
4.215
4.57
4.845
5.165
5.19
5.445
5.725
5.755
6.06
6.3
6.4
6.48
6.675
6.985
7.295
7.705
8.8
9.13
9.225
9.84
10.225
10.72
10.87
11.495
12.465
12.785
13.09
13.45
13.755
13.92
14.06
14.355
14.67
14.895
15.0
15.21
15.37
15.455
15.605
15.935
16.25
16.555
16.865
17.185
17.36
17.505
17.8
18.105
18.425
18.71
19.04
19.24
19.335
19.645
19.74
19.965
20.205
20.265
20.515
20.575
20.935
21.21
21.505
21.805
21.975
22.115
22.44
22.605
22.745
23.035
23.315
23.38
23.5
23.675
23.895
23.99
24.085
24.275
24.6
24.905
25.22
25.445
25.51
25.835
26.14
26.35
26.46
26.75
27.065
27.385
27.695
27.99
28.305
28.63
28.92
29.155
29.225
29.535
29.725
29.85
29.875
