0.215
0.415
0.445
0.655
0.91
1.135
1.225
1.375
1.595
1.815
2.06
2.285
2.53
2.785
2.99
3.21
3.245
3.48
3.56
3.67
3.955
4.165
4.42
4.65
4.87
5.11
5.155
5.365
5.595
5.825
6.08
6.11
6.255
6.3
6.535
6.775
6.975
7.015
7.035
7.25
7.48
7.715
7.945
8.19
8.425
8.66
8.885
8.945
9.13
9.35
9.59
9.835
10.015
10.06
10.295
10.545
10.735
10.785
11.015
11.23
11.48
11.715
11.945
12.19
12.345
12.66
12.875
13.12
13.35
13.525
13.595
13.69
13.795
13.885
14.06
14.3
14.53
14.625
14.755
14.99
15.225
15.465
15.695
15.845
15.93
16.17
16.4
16.62
16.86
17.09
17.32
17.565
18.035
18.345
18.48
18.72
18.96
19.185
19.2
19.255
19.41
19.435
19.655
19.905
20.14
20.365
20.54
20.845
21.025
21.095
21.28
21.31
21.555
21.69
21.77
22.02
22.035
22.245
22.265
22.485
22.605
22.735
22.935
23.195
23.425
23.635
23.895
24.12
24.325
24.355
24.575
24.615
24.825
25.05
25.285
25.51
25.75
25.98
26.0
26.17
26.385
26.47
26.635
26.695
26.825
27.075
27.16
27.22
27.385
27.42
27.615
27.84
27.865
28.1
28.325
28.535
28.575
28.685
28.795
29.055
29.28
29.515
