0.235
0.26
0.49
0.745
0.935
1.195
1.405
1.655
1.875
2.185
2.335
2.775
3.02
3.235
3.51
3.7
3.985
4.175
4.425
4.615
4.865
5.08
5.315
5.53
5.775
5.99
6.025
6.23
6.43
6.69
6.9
7.16
7.37
7.59
7.625
7.835
8.06
8.275
8.52
8.735
8.975
9.19
9.485
9.61
9.635
9.73
9.85
9.865
10.03
10.1
10.345
10.42
10.58
10.79
11.005
11.275
11.48
11.925
12.19
12.67
12.735
12.89
12.92
13.19
13.345
13.645
13.79
14.05
14.255
14.535
14.71
14.965
15.165
15.615
15.875
16.33
16.555
16.82
17.025
17.055
17.47
17.655
17.73
17.95
18.11
18.235
18.4
18.64
18.845
20.06
20.285
20.505
20.745
21.195
21.44
21.66
21.715
22.115
22.37
22.595
22.835
23.03
23.29
23.5
23.735
23.94
24.2
24.41
24.855
25.11
25.325
25.78
26.01
26.255
26.52
26.71
26.96
27.17
27.405
27.655
27.845
28.08
28.525
28.81
29.015
29.25
29.285
29.46
29.715
29.93
29.985
