0.11
0.4
0.565
0.855
1.03
1.505
1.96
2.26
2.41
2.785
2.88
3.0
3.2
3.32
3.64
3.805
4.075
4.115
4.255
4.58
4.63
4.725
4.96
5.1
5.165
5.64
6.08
6.38
6.445
6.555
6.845
7.0
7.285
7.315
7.47
7.785
7.92
8.26
8.28
8.37
8.405
8.725
8.845
9.18
9.31
9.725
9.765
9.78
10.11
10.23
10.535
10.675
11.02
11.15
11.45
11.595
11.785
11.925
12.07
12.23
12.51
12.835
12.985
13.29
13.435
13.75
13.785
13.9
14.2
14.355
14.665
14.83
15.145
15.275
15.745
15.985
16.19
16.51
16.66
16.96
17.115
17.39
17.43
17.58
17.815
17.885
18.03
18.35
18.495
18.79
18.945
19.21
19.415
19.73
19.865
20.185
20.34
20.63
20.785
21.11
21.25
21.705
22.005
22.18
22.47
22.625
22.915
23.085
23.245
23.41
23.55
23.715
23.865
24.02
24.18
24.34
24.465
24.775
24.935
25.245
25.385
25.71
25.85
26.165
26.3
26.63
26.775
27.085
27.215
27.535
27.68
27.85
27.975
28.14
28.445
28.49
28.6
28.92
29.06
