0.065
0.225
0.54
1.055
1.385
1.555
1.88
2.13
2.205
2.53
2.555
2.705
2.85
3.015
3.18
3.33
3.5
3.8
3.83
4.005
4.135
4.46
4.775
4.935
5.27
5.41
5.595
5.75
6.075
6.235
6.57
6.73
7.045
7.36
7.67
7.695
7.86
8.005
8.32
8.64
8.82
8.97
8.985
9.14
9.285
9.45
9.61
9.785
9.94
10.075
10.1
10.42
10.575
10.725
10.895
11.04
11.22
11.385
11.695
11.85
12.04
12.17
12.49
12.65
12.82
12.975
13.14
13.285
13.46
13.69
13.785
14.11
14.425
14.685
14.745
15.04
15.055
15.39
15.53
15.705
15.86
16.035
16.355
16.675
16.99
17.14
17.305
17.61
17.89
17.955
18.105
18.255
18.28
18.42
18.545
18.61
18.92
19.235
19.38
19.545
19.87
20.19
20.35
20.675
20.85
21.02
21.175
21.495
21.655
21.84
21.98
22.135
22.28
22.465
22.665
22.935
23.105
23.425
23.65
23.745
24.225
24.395
24.69
24.88
25.025
25.235
25.305
25.415
25.5
25.68
25.99
26.325
26.54
26.71
26.79
26.825
26.99
27.305
27.48
27.62
27.775
28.11
28.225
28.275
28.59
28.925
29.205
29.39
29.43
29.59
29.785
29.9
