0.39
1.245
1.525
1.54
2.035
2.775
4.24
4.805
6.125
7.345
8.165
8.38
8.665
8.865
8.94
9.235
9.375
9.665
9.735
9.97
10.3
10.375
10.45
10.525
10.815
11.125
11.52
11.61
11.76
11.935
12.195
12.455
12.915
13.35
13.825
15.755
16.0
16.035
16.145
16.51
16.765
17.05
17.12
17.27
17.38
17.585
17.82
17.915
18.155
18.47
18.65
18.85
18.98
19.22
19.485
19.545
19.9
20.13
20.415
20.535
20.795
21.085
21.155
21.39
21.93
22.01
22.595
23.94
24.375
26.145
26.435
26.565
26.67
26.75
26.955
27.105
27.415
27.685
27.77
27.945
28.205
29.21
29.31
29.545
29.86
