0.13
0.35
0.84
1.065
1.54
1.775
2.005
2.235
2.485
2.71
2.76
3.17
3.41
3.625
3.895
4.095
4.34
4.555
4.605
5.055
5.285
5.5
5.765
5.97
6.235
6.67
6.93
7.16
7.325
7.4
8.34
8.59
8.8
9.025
9.26
9.32
9.5
9.74
10.18
10.675
11.07
11.395
11.635
11.84
12.05
12.31
12.77
13.04
13.245
13.475
13.73
13.945
14.21
14.425
14.66
14.895
15.135
15.61
15.88
16.3
16.575
16.6
17.5
17.725
17.965
17.995
18.205
18.425
18.66
19.125
19.15
19.595
19.82
20.04
20.07
20.28
20.295
20.525
20.645
20.96
20.985
21.175
21.665
21.685
21.91
22.15
22.635
22.855
23.07
23.325
23.565
23.8
24.04
24.18
24.75
25.025
25.22
25.45
25.69
25.905
26.385
26.615
26.86
27.09
27.12
27.355
27.545
27.795
28.255
28.715
28.95
29.19
29.42
29.67
29.89
29.915
