0.265
0.29
0.455
0.49
0.65
0.85
0.875
1.08
1.245
1.265
1.435
1.465
1.64
2.065
2.255
2.455
2.67
2.85
3.045
3.255
3.64
3.84
4.04
4.235
4.43
4.62
4.795
5.23
5.44
5.62
5.8
6.005
6.21
6.37
6.8
6.995
7.195
7.225
7.38
7.4
7.58
7.77
7.795
7.965
8.38
8.575
8.76
8.955
9.15
9.34
9.545
9.74
9.93
10.125
10.165
10.315
10.345
10.52
10.71
10.915
11.115
11.305
11.5
11.7
11.89
12.085
12.105
12.285
12.48
12.685
12.885
13.075
13.275
13.465
13.66
13.855
14.05
14.255
14.455
14.65
14.85
15.065
15.255
15.365
15.45
15.47
15.66
15.86
15.875
16.06
16.25
16.5
16.66
16.87
17.065
17.265
17.465
17.66
17.85
18.045
18.245
18.455
18.64
18.675
18.86
19.06
19.25
19.445
19.665
19.845
20.045
20.24
20.43
20.63
20.835
21.02
21.225
21.285
21.43
21.63
21.82
22.025
22.225
22.42
22.61
22.815
22.945
23.01
23.22
23.41
23.62
23.81
24.01
24.205
24.41
24.595
24.805
25.005
25.2
25.39
25.59
25.785
25.98
26.18
26.375
26.57
26.765
26.955
27.38
27.575
27.765
27.965
27.98
28.17
28.355
28.55
28.95
29.15
29.35
29.535
29.555
29.735
29.935
