0.165
0.455
0.545
0.585
0.84
0.99
1.27
1.415
1.68
2.065
2.205
2.48
2.885
3.035
3.31
3.44
3.7
3.915
4.265
4.545
4.675
4.965
5.085
5.345
5.475
5.755
6.17
6.305
6.575
6.595
6.99
7.135
7.38
7.525
7.785
7.92
8.57
8.71
8.96
8.985
9.38
9.505
9.79
9.895
10.145
10.29
10.59
10.705
10.97
11.095
11.375
11.5
11.79
11.91
12.195
12.47
12.57
12.595
12.75
12.97
13.11
13.34
13.52
13.58
13.725
13.885
13.945
14.15
14.23
14.58
14.765
14.86
15.005
15.11
15.325
15.855
15.97
16.185
16.41
16.705
16.81
17.185
17.245
17.27
17.51
17.575
17.685
17.885
18.125
18.4
18.54
18.655
18.88
19.005
19.275
19.365
19.445
19.58
19.86
20.13
20.38
20.46
20.75
21.025
21.125
21.435
21.53
21.61
21.745
22.085
22.2
22.48
22.895
23.165
23.305
23.615
23.77
24.005
24.335
24.59
24.875
25.285
25.34
25.425
25.65
25.685
25.905
26.135
26.265
26.66
26.93
27.06
27.38
27.5
27.76
27.895
28.19
28.31
28.58
28.725
28.985
29.15
29.43
29.565
