0.245
0.38
0.52
0.63
0.755
0.865
1.255
1.365
1.745
1.855
2.005
2.225
2.35
2.49
2.605
2.845
3.085
3.33
3.59
3.675
3.83
4.095
4.32
4.575
4.695
4.815
5.065
5.3
5.45
5.685
5.8
6.065
6.295
6.425
6.55
6.785
7.275
7.54
7.665
7.775
8.145
8.265
8.505
8.645
8.76
9.04
9.255
9.51
9.64
9.745
10.13
10.24
10.485
10.505
10.525
10.73
11.02
11.22
11.485
11.72
11.965
12.21
12.465
12.565
12.705
12.96
13.005
13.125
13.195
13.58
13.615
13.69
13.955
14.07
14.185
14.325
14.44
14.68
14.73
15.165
15.42
15.555
15.67
16.03
16.155
16.3
16.405
16.535
16.655
16.9
17.145
17.38
17.525
17.635
17.91
18.125
18.185
18.4
18.525
18.62
18.885
19.03
19.115
19.375
19.5
19.515
19.605
19.875
19.995
20.105
20.36
20.49
20.6
21.08
21.225
21.34
21.475
21.585
21.84
21.91
22.085
22.15
22.57
22.865
23.06
23.325
23.445
23.56
23.59
23.855
24.05
24.32
24.545
25.035
25.42
25.535
26.015
26.515
27.005
27.265
27.5
27.64
27.855
27.99
28.485
28.82
28.98
29.365
29.475
29.96
