0.105
0.32
0.35
0.745
0.97
1.16
1.815
2.21
2.42
2.655
2.815
3.055
3.27
3.455
3.68
4.33
4.355
4.525
4.98
5.01
5.38
5.6
5.73
5.82
6.115
6.215
6.265
6.685
6.85
7.09
7.43
7.53
7.745
7.93
8.385
8.565
8.985
9.205
9.245
9.595
10.265
10.48
10.79
10.925
11.125
11.31
11.77
11.965
12.085
12.385
12.59
12.985
13.24
13.415
13.645
13.855
13.885
14.27
14.29
14.505
14.685
15.535
15.75
15.965
16.17
16.355
16.58
16.775
16.87
17.205
17.875
18.07
18.51
18.545
18.7
18.935
19.17
19.485
19.555
19.75
20.17
20.4
20.595
21.265
21.445
22.095
22.535
22.74
22.925
22.95
23.135
23.375
23.575
23.785
24.0
24.64
24.835
25.49
25.685
25.91
26.12
26.365
26.53
26.745
26.945
27.17
27.205
27.38
28.015
28.21
28.64
28.85
29.06
29.48
29.695
29.88
