0.085
0.305
0.55
0.78
1.02
1.255
1.305
1.49
1.72
1.975
2.005
2.215
2.465
2.695
2.925
2.95
3.16
3.395
3.63
3.87
4.11
4.34
4.575
4.815
5.05
5.285
5.52
5.75
5.77
5.99
6.235
6.28
6.46
6.705
6.77
6.945
7.19
7.42
7.67
7.895
8.15
8.375
8.61
8.65
8.86
9.1
9.33
9.57
9.815
10.04
10.28
10.305
10.525
10.55
10.76
11.01
11.25
11.48
11.735
11.965
11.99
12.19
12.42
12.655
12.89
12.905
12.92
13.135
13.15
13.165
13.385
13.615
13.85
14.08
14.325
14.37
14.57
14.81
15.055
15.3
15.53
15.77
15.795
15.99
16.235
16.465
16.7
16.725
16.95
17.185
17.425
17.665
17.89
18.13
18.37
18.605
18.84
18.855
19.08
19.32
19.555
19.625
19.795
20.025
20.055
20.25
20.385
20.505
20.735
20.985
21.22
21.46
21.7
21.93
22.165
22.39
22.645
22.885
23.105
23.135
23.365
23.58
23.82
23.84
24.07
24.29
24.55
24.79
25.01
25.255
25.495
25.73
25.955
26.435
26.7
26.93
27.16
27.405
27.63
27.865
28.125
28.345
28.575
28.615
28.81
29.055
29.09
29.29
29.525
29.775
