0.045
0.235
0.485
0.64
0.755
1.015
1.265
1.54
1.79
2.055
2.315
2.58
2.85
2.985
3.11
3.365
3.635
3.815
3.92
4.16
4.315
4.435
4.595
4.68
4.995
5.12
5.225
5.39
5.49
5.74
6.005
6.265
6.505
6.69
6.8
7.08
7.205
7.31
7.46
7.555
7.845
8.075
8.33
8.495
8.53
8.61
8.725
8.845
8.875
9.08
9.225
9.285
9.395
9.54
9.64
9.895
10.155
10.405
10.435
10.67
10.705
10.79
10.955
11.255
11.37
11.47
11.62
11.73
11.995
12.245
12.505
12.67
12.765
12.94
13.035
13.295
13.325
13.45
13.565
13.71
13.805
14.085
14.33
14.6
14.855
14.975
15.045
15.125
15.41
15.535
15.64
15.805
15.905
16.17
16.43
16.615
16.69
16.95
17.07
17.1
17.2
17.505
17.63
17.735
17.9
17.985
18.255
18.445
18.52
18.78
19.035
19.155
19.205
19.305
19.45
19.59
19.72
19.825
19.925
19.985
20.085
20.345
20.59
20.86
21.11
21.14
21.225
21.38
21.645
21.91
22.17
22.37
22.435
22.625
22.7
22.955
23.22
23.485
23.755
23.915
24.015
24.27
24.425
24.535
24.675
24.8
25.055
25.32
25.575
25.84
25.99
26.095
26.355
26.62
26.88
27.145
27.405
27.665
27.93
28.075
28.18
28.455
28.71
28.98
29.225
29.49
29.605
29.75
