0.235
0.765
0.965
1.025
1.24
1.67
1.94
2.165
2.21
2.345
2.44
2.63
3.09
3.435
3.77
4.04
4.495
4.93
5.175
5.4
5.435
5.64
5.86
6.115
6.33
6.72
6.795
7.235
7.715
8.165
8.395
8.61
8.975
9.075
9.25
9.325
9.54
9.99
10.17
10.23
10.27
10.455
10.71
10.9
10.93
11.135
11.36
11.385
11.65
11.82
11.845
12.07
12.295
12.56
12.765
13.03
13.235
13.705
13.935
14.17
14.51
14.615
14.855
15.095
15.335
15.55
15.755
16.01
16.23
16.47
16.705
16.86
16.945
17.395
17.62
17.87
18.105
18.325
18.49
18.565
18.78
18.985
19.24
19.47
19.71
19.955
20.165
20.415
20.64
20.935
21.095
21.32
21.56
21.815
22.015
22.265
22.45
22.485
22.775
22.905
22.95
23.18
23.41
23.645
23.865
24.115
24.325
24.555
24.78
25.015
25.23
25.46
25.69
25.89
26.14
26.33
26.415
26.62
26.835
26.87
27.095
27.345
27.545
27.79
27.895
28.015
28.045
28.48
28.675
28.72
28.8
28.945
29.175
29.24
29.42
29.89
