0.275
0.305
0.595
0.81
0.99
1.215
1.25
1.5
1.57
1.74
1.865
1.905
2.03
2.18
2.335
2.47
2.7
2.785
2.945
3.08
3.275
3.425
3.58
3.695
3.89
4.005
4.175
4.34
4.5
4.585
4.8
4.935
5.255
5.415
5.54
5.56
5.865
6.025
6.165
6.32
6.46
6.755
7.09
7.31
7.42
7.9
8.465
8.66
8.98
9.135
9.595
9.745
9.885
10.2
10.485
10.68
11.12
11.41
11.71
12.03
12.35
12.67
12.995
13.315
13.645
13.97
14.3
14.63
14.965
15.295
15.62
15.95
16.28
16.61
16.94
17.26
17.58
17.915
18.24
18.565
18.905
19.24
19.58
19.905
19.94
20.03
20.12
20.225
20.585
20.885
21.215
21.39
21.535
21.695
21.81
22.13
22.415
22.65
22.76
23.08
23.385
23.415
23.585
23.74
23.86
24.005
24.03
24.235
24.35
24.56
24.675
24.995
25.295
25.625
25.94
26.245
26.44
26.575
26.72
26.845
27.035
27.165
27.38
27.47
27.66
27.77
28.065
28.39
28.57
28.71
29.01
29.325
29.525
29.645
