0.19
0.305
0.39
0.58
0.815
1.0
1.205
1.61
2.035
2.445
2.845
3.06
3.275
3.475
3.68
4.125
4.32
4.49
4.69
4.91
5.135
5.325
5.95
6.14
6.39
6.56
6.97
7.175
7.39
7.595
7.785
8.21
8.375
8.615
9.055
9.165
9.245
9.455
9.755
9.84
10.085
10.285
10.515
10.7
10.925
11.11
11.315
11.52
11.725
11.93
12.35
12.785
13.16
13.4
13.615
13.795
14.03
14.43
14.865
15.075
15.265
15.455
15.83
16.09
16.305
16.555
16.72
16.935
17.745
17.97
18.175
18.545
18.81
19.19
19.405
19.83
20.03
20.25
20.67
20.86
21.075
21.29
21.5
21.695
21.89
22.085
22.535
22.56
22.73
22.935
23.15
23.36
23.405
23.57
23.6
23.78
23.835
24.18
24.21
24.4
24.65
24.67
25.245
25.3
25.315
25.985
26.08
26.42
26.71
26.925
27.57
27.74
28.17
28.565
29.24
29.41
29.64
29.845
