0.405
0.675
0.805
0.915
1.24
1.45
1.47
1.77
1.935
2.115
2.285
2.38
2.58
2.64
2.82
2.985
3.16
3.305
3.545
4.0
4.2
4.56
4.595
4.895
5.03
5.255
5.36
5.61
5.95
5.97
6.075
6.27
6.395
6.425
6.765
6.98
7.115
7.16
7.455
7.83
7.855
8.02
8.04
8.165
8.27
8.375
8.73
8.84
9.11
9.185
9.215
9.23
9.525
9.895
10.095
10.13
10.225
10.555
10.8
10.9
11.13
11.39
11.5
11.585
11.74
11.825
11.955
12.195
12.27
12.555
12.635
12.975
13.2
13.36
13.68
13.845
13.905
14.055
14.23
14.305
14.385
14.615
15.06
15.625
15.66
15.765
15.995
16.105
16.325
16.44
16.645
17.02
17.125
17.31
17.48
17.53
17.685
17.81
17.845
18.015
18.26
18.485
18.715
18.74
18.93
19.05
19.155
19.35
19.475
19.505
19.525
19.83
20.15
20.375
20.475
20.52
20.735
21.085
21.13
21.44
21.57
21.785
21.89
22.09
22.485
22.575
22.725
22.935
23.17
23.275
23.515
23.83
23.975
24.16
24.35
24.66
24.695
24.85
25.035
25.165
25.365
25.565
25.59
26.05
26.285
26.615
26.64
26.745
26.955
27.11
27.32
27.415
27.635
27.65
27.985
28.035
28.11
28.33
28.465
28.79
29.085
29.17
29.35
29.385
29.485
29.725
29.86
