0.19
0.685
0.77
0.94
1.195
1.255
1.565
1.885
2.205
2.23
2.42
2.535
2.85
3.155
3.475
3.785
4.115
4.42
4.73
5.06
5.365
5.54
5.68
5.855
5.995
6.31
6.63
6.94
7.26
7.58
7.78
7.895
8.085
8.205
8.52
8.84
8.965
9.15
9.465
9.78
9.81
10.035
10.105
10.415
10.605
10.73
10.91
11.05
11.36
11.685
11.855
11.995
12.305
12.615
12.94
13.26
13.57
13.885
14.2
14.515
14.685
14.83
15.155
15.465
15.64
15.78
16.09
16.34
16.415
16.725
17.04
17.355
17.68
17.995
18.305
18.63
18.815
18.94
19.255
19.42
19.57
19.88
20.1
20.19
20.82
21.315
21.445
21.79
21.87
22.09
22.315
22.725
23.07
23.38
23.545
23.665
23.785
23.875
24.01
24.345
24.65
24.73
24.955
25.13
25.22
25.28
25.555
25.875
26.2
26.345
26.42
26.82
26.85
27.07
27.145
27.275
27.46
27.77
28.085
28.4
28.715
28.905
29.03
29.125
29.365
29.66
