0.435
0.795
1.16
1.31
1.375
1.515
1.875
2.115
2.245
2.605
2.97
3.345
3.71
3.93
4.075
4.31
4.445
4.8
5.07
5.16
5.535
5.895
6.26
6.61
6.865
6.985
7.25
7.36
7.515
7.67
7.73
7.875
8.08
8.445
8.815
9.01
9.175
9.48
9.765
9.9
10.115
10.255
10.46
10.625
10.81
10.985
11.345
12.195
12.525
12.77
12.915
13.515
13.645
14.035
14.39
14.505
14.75
15.12
15.34
15.535
15.845
15.885
16.045
16.215
16.58
16.79
16.88
16.955
17.16
17.32
17.67
18.04
18.41
18.635
18.765
19.155
19.49
19.865
20.235
20.63
20.835
20.95
21.215
21.315
21.345
21.51
21.68
22.065
22.43
22.63
22.79
23.145
23.18
23.37
23.53
23.88
24.11
24.255
24.605
24.955
24.99
25.33
25.625
25.71
26.07
26.13
26.23
26.27
26.435
26.625
26.81
27.03
27.165
27.52
27.745
27.925
28.255
28.625
28.825
28.99
29.35
29.705
29.99
