0.05
0.205
0.36
0.495
0.69
0.88
0.975
1.035
1.22
1.38
1.55
1.625
1.725
2.065
2.225
2.4
2.59
2.93
3.085
3.26
3.43
3.57
3.765
3.91
4.11
4.37
4.63
4.9
4.995
5.165
5.32
5.5
5.67
5.835
6.005
6.17
6.355
6.515
6.69
6.83
6.86
7.14
7.22
7.38
7.555
7.71
7.9
8.045
8.06
8.225
8.385
8.415
8.565
8.735
8.905
9.075
9.245
9.405
9.58
9.745
9.775
9.89
10.095
10.215
10.45
10.595
10.63
10.79
10.91
11.12
11.305
11.44
11.645
11.825
11.93
12.0
12.165
12.275
12.525
12.67
12.855
13.005
13.17
13.35
13.515
13.685
13.85
14.025
14.185
14.365
14.515
14.555
14.705
14.865
15.04
15.205
15.39
15.545
15.735
16.06
16.225
16.405
16.555
16.57
16.74
16.765
16.88
16.9
17.075
17.265
17.39
17.435
17.58
17.765
18.085
18.27
18.405
18.625
18.785
18.92
19.105
19.275
19.45
19.61
19.8
19.96
20.135
20.275
20.465
20.66
20.815
20.83
21.0
21.155
21.51
21.68
21.85
21.865
22.025
22.05
22.195
22.35
22.54
22.715
22.9
23.055
23.24
23.4
23.58
23.745
23.93
24.07
24.265
24.415
24.53
24.75
24.945
25.09
25.275
25.455
25.625
25.775
25.965
26.13
26.305
26.44
26.655
26.985
27.155
27.49
27.675
27.815
28.0
28.165
28.355
28.495
28.69
29.045
29.205
29.54
29.74
