0.48
0.885
1.085
1.48
1.69
2.12
2.315
2.74
2.93
3.36
3.555
3.62
4.015
4.195
4.24
4.445
4.615
4.845
5.265
5.455
5.855
5.925
6.09
6.475
6.695
6.89
7.075
7.31
7.485
7.615
7.695
7.88
7.9
8.285
8.315
8.49
8.71
8.765
8.81
8.915
9.075
9.125
9.305
9.47
9.665
9.705
10.075
10.305
10.675
10.925
11.23
11.355
11.505
11.8
11.945
12.11
12.42
12.51
12.665
12.695
13.015
13.085
13.315
13.635
13.755
13.825
13.9
14.065
14.165
14.355
14.415
14.48
14.495
14.71
14.87
15.095
15.25
15.44
15.515
15.68
16.055
16.285
16.5
16.66
16.715
16.88
16.91
17.09
17.285
17.495
17.665
17.855
17.9
18.08
18.455
18.695
18.78
18.875
18.965
19.12
19.2
19.315
19.625
19.885
19.93
20.305
20.5
20.885
20.915
20.94
21.095
21.28
21.305
21.485
21.725
22.095
22.31
22.685
22.73
22.91
23.505
23.74
23.91
24.095
24.305
24.48
24.675
24.705
24.87
25.05
25.125
25.235
25.29
25.435
25.615
25.83
25.855
26.01
26.21
26.405
26.61
26.805
27.005
27.19
27.385
27.43
27.6
27.98
28.02
28.2
28.23
28.265
28.545
28.8
29.23
29.41
29.585
29.725
29.965
