0.185
0.76
1.33
1.895
2.46
2.745
3.02
3.595
4.155
4.435
4.72
4.765
4.95
5.09
5.275
5.385
5.5
5.84
6.32
6.405
6.985
7.55
7.995
8.125
8.69
9.265
9.83
10.135
10.4
10.56
10.665
10.735
10.86
10.96
11.26
11.535
11.84
12.095
12.405
12.665
13.0
13.23
13.27
13.705
13.81
14.145
14.3
14.375
14.58
14.7
14.875
14.945
15.49
15.53
16.06
16.115
16.64
16.925
17.215
17.77
18.065
18.345
18.825
18.915
19.495
19.82
19.94
20.06
20.325
20.625
21.18
21.21
21.5
21.75
21.955
22.33
22.79
22.91
23.47
24.03
24.335
24.595
25.16
25.465
25.725
26.16
26.295
26.86
27.43
27.9
27.995
28.285
28.565
28.92
29.125
29.365
29.69
