0.155
0.38
0.61
0.835
1.06
1.29
1.565
1.665
1.745
1.975
2.1
2.205
2.655
2.885
3.11
3.345
3.51
3.57
3.79
4.015
4.255
4.475
4.71
4.93
5.135
5.385
5.58
5.84
6.045
6.065
6.295
6.565
6.745
7.055
7.2
7.415
7.655
7.875
8.11
8.33
8.56
8.8
9.02
9.25
9.47
9.685
9.705
9.84
9.925
10.17
10.385
10.84
11.055
11.28
11.54
11.75
11.985
12.0
12.205
12.43
12.655
12.885
13.11
13.34
13.54
13.57
13.8
13.98
14.025
14.475
14.655
14.675
14.855
14.93
15.16
15.385
15.61
15.835
16.055
16.29
16.5
16.745
16.965
17.1
17.205
17.43
17.575
17.64
18.09
18.34
18.565
18.81
19.02
19.22
19.475
19.675
19.93
20.13
20.155
20.385
20.615
20.835
21.075
21.27
21.295
21.515
21.725
21.965
22.08
22.195
22.425
22.655
22.875
23.105
23.315
23.57
23.785
24.015
24.245
24.465
24.7
24.925
25.165
25.385
25.615
25.725
25.83
26.29
26.51
26.745
26.97
27.205
27.425
27.655
27.885
28.115
28.535
28.57
28.79
29.025
29.245
29.47
29.71
29.935
