0.085
0.49
0.765
0.94
1.325
1.35
1.605
1.76
2.04
2.14
2.225
2.57
2.625
2.86
3.005
3.23
3.395
3.63
3.68
4.05
4.205
4.47
4.63
4.88
5.025
5.295
5.425
5.695
5.85
6.125
6.225
6.28
6.7
6.97
7.06
7.335
7.485
7.77
7.925
8.335
8.605
9.005
9.435
9.55
9.85
9.96
10.225
10.395
10.65
10.805
11.06
11.215
11.49
11.67
11.92
12.07
12.35
12.485
12.91
13.195
13.345
13.63
13.665
13.74
14.165
14.185
14.455
14.595
14.86
15.01
15.295
15.42
15.675
15.835
15.865
16.24
16.53
16.66
16.955
17.075
17.36
17.48
17.515
17.77
17.89
18.205
18.315
18.35
18.635
18.73
19.15
19.575
19.89
20.0
20.015
20.3
20.425
20.72
20.86
21.26
21.57
21.71
21.975
22.11
22.43
22.82
22.96
22.98
23.155
23.24
23.39
23.655
23.795
24.05
24.065
24.21
24.5
24.655
24.93
25.055
25.08
25.475
25.78
25.89
26.315
26.635
26.775
27.16
27.465
27.485
27.59
27.61
28.01
28.45
28.86
29.305
29.715
