0.29
0.53
0.79
1.05
1.225
1.29
1.555
1.805
2.04
2.275
2.52
2.685
2.93
3.03
3.185
3.51
3.75
4.035
4.165
4.265
4.4
4.425
4.71
4.79
5.035
5.295
5.54
5.8
5.88
6.03
6.095
6.295
6.54
6.8
6.92
7.045
7.3
7.54
7.795
8.05
8.305
8.555
8.825
8.94
9.065
9.325
9.57
9.83
9.955
10.07
10.325
10.45
10.565
10.675
10.835
10.965
11.07
11.345
11.56
11.835
12.075
12.305
12.37
12.59
12.86
13.1
13.355
13.605
13.86
13.98
14.105
14.365
14.605
14.865
15.105
15.36
15.6
15.855
16.005
16.105
16.36
16.615
16.875
17.125
17.245
17.35
17.63
17.875
18.125
18.395
18.625
18.75
18.96
19.13
19.38
19.41
19.595
19.635
19.89
20.165
20.45
20.655
20.93
21.13
21.175
21.3
21.44
21.675
21.94
22.06
22.165
22.43
22.57
22.66
23.035
23.17
23.375
23.67
23.93
24.045
24.18
24.43
24.685
25.065
25.18
25.41
25.455
25.685
25.965
26.2
26.46
26.705
26.965
27.09
27.22
27.475
27.735
28.0
28.24
28.495
28.635
28.735
28.995
29.235
29.385
