0.215
0.34
0.445
0.67
0.905
1.06
1.14
1.26
1.365
1.595
1.73
1.825
2.055
2.175
2.29
2.52
2.745
2.985
3.215
3.335
3.445
3.675
3.91
4.03
4.135
4.37
4.595
4.83
4.955
5.06
5.29
5.52
5.75
5.875
5.985
6.215
6.44
6.68
6.805
6.905
7.14
7.365
7.595
7.725
7.83
8.06
8.29
8.445
8.52
8.645
8.75
8.985
9.21
9.44
9.565
9.675
9.905
10.135
10.295
10.37
10.5
10.6
10.835
11.07
11.415
11.765
12.195
12.215
12.45
12.655
12.675
12.905
13.14
13.265
13.37
13.6
13.825
14.055
14.29
14.525
14.75
14.985
15.11
15.215
15.445
15.6
15.675
15.905
16.135
16.37
16.595
16.83
16.955
17.06
17.29
17.445
17.52
17.74
17.985
18.215
18.445
18.68
18.8
18.91
19.135
19.29
19.365
19.6
19.83
20.045
20.06
20.29
20.525
20.65
20.755
20.99
21.215
21.445
21.55
21.68
21.9
22.14
22.36
22.49
22.605
22.83
22.855
23.06
23.295
23.4
23.525
23.76
23.985
24.225
24.345
24.445
24.68
24.91
25.14
25.37
25.6
25.83
26.06
26.185
26.29
26.525
26.675
26.75
26.985
27.22
27.45
27.675
27.915
28.035
28.14
28.37
28.6
28.83
29.06
29.295
29.52
29.755
29.88
29.99
