0.35
0.48
0.67
0.72
0.805
0.91
1.015
1.14
1.365
1.59
1.69
1.805
1.955
2.035
2.14
2.26
2.475
2.605
2.71
2.82
2.92
3.14
3.17
3.255
3.37
3.495
3.585
3.725
3.83
3.93
4.045
4.06
4.26
4.36
4.395
4.425
4.505
4.615
4.72
4.945
5.065
5.13
5.155
5.39
5.48
5.52
5.605
5.71
5.83
6.045
6.18
6.265
6.4
6.42
6.49
6.72
6.955
7.04
7.18
7.4
7.515
7.6
7.63
7.84
7.965
8.07
8.175
8.29
8.51
8.59
8.735
8.865
8.945
8.965
9.115
9.195
9.3
9.415
9.535
9.63
9.755
9.865
9.975
10.085
10.215
10.31
10.53
10.625
10.76
10.84
10.985
11.085
11.205
11.41
11.43
11.55
11.645
11.76
11.855
12.09
12.125
12.315
12.445
12.53
12.655
12.77
12.87
13.0
13.205
13.315
13.44
13.545
13.655
13.87
14.11
14.27
14.345
14.48
14.56
14.79
15.005
15.13
15.25
15.355
15.45
15.6
15.665
15.8
15.9
16.105
16.145
16.29
16.36
16.47
16.59
16.7
16.81
16.94
17.035
17.155
17.26
17.365
17.49
17.6
17.695
17.93
18.065
18.155
18.26
18.365
18.58
18.715
18.815
18.935
19.04
19.165
19.25
19.28
19.485
19.64
19.72
19.865
19.945
20.065
20.17
20.395
20.495
20.605
20.625
20.725
20.84
20.95
21.06
21.175
21.29
21.41
21.515
21.625
21.735
21.83
21.965
22.17
22.3
22.4
22.5
22.62
22.745
22.835
22.96
23.055
23.195
23.295
23.515
23.625
23.72
23.99
24.085
24.185
24.31
24.41
24.63
24.665
24.87
24.98
25.085
25.235
25.305
25.415
25.53
25.55
25.745
25.865
25.975
26.09
26.195
26.325
26.415
26.43
26.535
26.645
26.77
26.87
27.005
27.095
27.2
27.335
27.455
27.54
27.66
27.78
27.875
27.995
28.12
28.205
28.34
28.44
28.665
28.785
28.885
28.995
29.12
29.32
29.445
29.575
29.715
29.805
