0.255
0.56
0.735
0.95
1.075
1.21
1.645
1.675
1.78
1.95
2.245
2.345
2.575
2.845
2.985
3.095
3.19
3.46
3.745
3.9
4.24
4.375
4.5
4.67
4.83
5.005
5.08
5.3
5.555
5.74
5.98
6.05
6.475
6.655
7.11
7.365
7.545
7.87
8.025
8.165
8.71
8.955
9.07
9.175
9.415
9.485
9.68
9.825
9.97
10.115
10.42
10.575
10.72
10.87
11.01
11.185
11.67
12.115
12.43
12.6
13.045
13.52
13.985
14.27
14.85
15.155
15.615
15.8
16.09
16.445
16.56
16.72
17.02
17.47
17.635
17.905
18.195
18.495
18.98
19.425
19.9
20.065
20.35
20.82
20.97
21.275
21.56
22.12
22.435
22.595
22.75
23.04
23.33
23.485
23.935
24.375
24.66
24.83
24.895
25.01
25.1
25.265
25.685
25.7
26.16
26.43
26.625
26.71
26.945
27.08
27.535
27.83
27.945
27.99
28.255
28.475
28.715
28.915
29.18
29.33
