0.365
0.575
0.775
0.91
1.245
1.415
1.57
1.73
1.92
2.08
2.255
2.415
2.77
3.085
3.185
3.255
3.45
3.625
4.155
4.46
4.625
4.97
4.99
5.475
5.68
5.805
5.835
5.97
6.31
6.825
7.16
7.315
7.51
7.655
7.865
8.01
8.145
8.53
8.665
8.84
9.0
9.495
9.83
10.005
10.175
10.335
10.69
10.845
11.03
11.175
11.34
11.485
11.535
11.685
12.135
12.525
12.685
12.77
13.005
13.03
13.39
13.52
13.735
13.85
14.015
14.17
14.335
14.735
14.825
15.025
15.11
15.18
15.245
15.31
15.51
15.53
15.66
15.765
15.94
16.135
16.29
16.47
16.605
16.665
16.775
16.96
17.34
17.505
17.68
17.815
18.0
18.185
18.325
18.52
18.83
19.125
19.31
19.59
19.675
19.885
20.17
20.485
20.66
20.82
20.84
21.005
21.54
21.825
22.0
22.17
22.335
22.36
22.85
23.165
23.245
23.34
23.65
24.165
24.505
24.655
24.845
24.98
25.19
25.375
25.515
25.81
25.98
26.145
26.31
26.645
26.8
27.135
27.295
27.475
27.63
27.93
28.12
28.45
28.615
28.765
28.945
29.445
