0.135
0.47
0.66
0.995
1.195
1.38
1.54
1.67
1.705
1.895
2.05
2.195
2.405
2.54
2.73
2.765
3.06
3.08
3.255
3.595
3.775
3.83
4.12
4.325
4.655
4.82
5.06
5.155
5.24
5.355
5.65
5.875
5.92
6.115
6.31
6.395
6.61
6.75
6.92
7.02
7.235
7.445
7.555
7.71
7.79
7.96
8.015
8.17
8.315
8.485
8.525
8.895
9.0
9.235
9.4
9.525
9.54
9.715
9.745
9.82
9.985
10.065
10.125
10.33
10.4
10.495
10.58
10.83
10.93
11.095
11.235
11.39
11.49
11.59
11.885
12.135
12.455
12.635
12.665
12.865
13.04
13.155
13.52
13.695
13.94
14.02
14.22
14.445
14.54
14.74
14.97
15.265
15.3
15.605
15.785
16.08
16.13
16.3
16.34
16.59
16.655
16.71
16.825
17.035
17.19
17.345
17.665
17.71
17.875
18.135
18.225
18.765
18.9
19.13
19.27
19.42
19.45
19.77
19.945
20.14
20.275
20.315
20.46
20.485
20.665
20.805
20.85
20.99
21.31
21.385
21.715
21.865
22.03
22.265
22.295
22.37
22.56
22.83
22.915
23.06
23.1
23.445
23.59
23.82
24.095
24.135
24.3
24.36
24.5
24.615
24.7
24.825
25.065
25.11
25.485
25.65
26.03
26.17
26.385
26.545
26.695
26.885
27.06
27.2
27.42
27.53
27.72
27.77
28.12
28.25
28.435
28.5
28.635
28.77
28.96
29.135
29.28
29.63
29.655
29.82
