0.155
0.355
0.535
0.89
1.08
1.255
1.425
1.61
1.79
1.975
2.17
2.345
2.535
2.725
2.895
3.07
3.435
3.805
4.015
4.185
4.385
4.57
4.75
4.915
5.095
5.135
5.315
5.69
5.87
6.05
6.385
6.805
6.965
7.165
7.39
7.59
7.78
7.935
8.34
8.695
8.735
8.9
9.08
9.45
9.765
10.005
10.26
10.41
10.605
10.765
10.805
11.23
11.35
11.555
11.725
11.91
12.085
12.445
12.855
13.04
13.235
13.64
13.865
14.0
14.79
14.925
15.11
15.29
15.515
15.865
16.115
16.22
16.615
16.785
16.975
17.18
17.355
17.575
17.595
17.755
18.115
18.31
18.345
18.36
18.49
18.865
19.25
19.625
19.655
19.82
20.01
20.21
20.395
20.615
20.785
20.99
21.17
21.36
21.545
21.925
22.3
22.495
22.69
22.855
23.045
23.43
23.645
23.67
23.8
24.025
24.195
24.37
24.59
24.735
24.935
25.07
25.315
25.49
25.67
25.855
26.055
26.225
26.41
26.595
26.78
27.145
27.345
27.54
27.705
27.905
28.07
28.28
28.3
28.65
29.025
29.22
29.385
29.57
29.765
29.8
29.945
