0.315
0.62
0.855
0.93
1.21
1.24
2.15
2.325
2.445
2.635
2.76
3.09
3.555
3.85
3.95
4.03
4.365
4.66
4.98
5.075
5.21
5.32
5.68
5.87
6.005
6.21
6.305
6.6
6.91
7.15
7.23
7.39
7.455
7.825
8.135
8.42
8.74
9.03
9.225
9.365
9.39
9.55
9.635
9.845
10.12
10.25
10.565
10.785
10.86
11.035
11.145
11.36
11.465
11.625
11.765
12.07
12.685
12.88
13.0
13.285
13.485
13.58
13.885
14.08
14.195
14.485
14.82
15.035
15.105
15.71
15.93
16.025
16.32
16.505
16.85
16.96
17.23
17.565
17.745
17.86
18.165
18.475
18.68
18.785
18.975
19.125
19.39
19.565
19.875
20.01
20.29
20.625
20.835
20.935
21.11
21.17
21.25
21.425
21.86
22.165
22.465
22.975
23.085
23.32
23.4
23.695
24.015
24.315
24.505
24.93
25.225
25.535
25.715
26.135
26.445
26.735
27.03
27.34
27.925
28.22
28.25
28.53
28.85
29.13
