0.08
0.11
0.28
0.465
0.67
0.855
1.065
1.245
1.445
1.615
1.64
1.835
2.015
2.22
2.405
2.615
2.8
2.99
3.185
3.38
3.55
3.775
3.965
4.165
4.355
4.55
4.735
4.945
5.08
5.115
5.135
5.325
5.515
5.725
5.895
6.115
6.295
6.505
6.655
6.9
7.085
7.295
7.475
7.68
7.875
8.065
8.255
8.445
8.65
8.85
9.04
9.22
9.42
9.615
9.785
9.995
10.405
10.59
10.785
11.18
11.365
11.55
11.58
11.92
12.11
12.465
12.48
12.705
12.86
12.96
13.055
13.275
13.48
13.625
13.675
13.865
14.04
14.31
14.485
14.585
15.015
15.215
15.39
15.585
15.785
15.975
16.17
16.2
16.365
16.58
16.77
16.95
17.13
17.355
17.555
17.7
17.73
17.915
18.13
18.295
18.505
18.69
18.915
18.94
19.085
19.285
19.48
19.685
19.71
19.86
20.055
20.085
20.26
20.465
20.635
20.685
20.855
21.025
21.215
21.395
21.6
21.795
22.0
22.21
22.385
22.59
22.78
22.975
23.18
23.35
23.73
23.93
24.1
24.35
24.53
24.715
24.91
25.12
25.305
25.5
25.695
25.895
26.09
26.29
26.47
26.67
26.86
27.065
27.255
27.475
27.67
27.855
28.065
28.255
28.435
28.645
28.815
29.025
29.205
29.41
29.595
29.795
29.98
