0.26
0.65
0.73
0.93
1.245
1.465
1.51
1.66
1.915
2.215
2.435
2.56
2.65
3.245
3.48
3.58
3.72
3.95
4.06
4.265
4.445
4.64
4.71
5.06
5.275
5.39
5.605
5.75
5.955
6.03
6.28
6.64
6.72
7.075
7.245
7.31
7.42
7.69
7.755
7.99
8.09
8.31
8.375
8.505
8.735
9.075
9.3
9.45
9.625
9.97
10.08
10.29
10.405
10.615
10.71
11.0
11.13
11.32
11.455
11.71
11.815
12.05
12.51
12.78
13.105
13.405
13.44
13.57
13.785
13.93
14.12
14.595
14.865
15.14
15.27
15.48
15.885
15.985
16.64
16.675
16.98
17.065
17.205
17.355
17.515
17.65
17.88
17.985
18.225
18.375
18.61
18.675
18.865
18.975
19.235
19.38
19.56
19.87
19.925
20.085
20.27
20.74
21.095
21.4
21.565
21.765
22.065
22.885
23.09
23.2
23.345
23.525
23.65
24.105
24.355
24.67
25.035
25.14
25.38
25.48
25.695
25.82
25.88
26.05
26.155
26.4
26.845
27.06
27.16
27.21
27.76
28.19
28.47
28.765
29.205
29.22
29.785
