0.075
0.485
0.71
0.93
1.16
1.59
2.03
2.21
2.845
3.285
3.895
4.325
4.555
4.955
5.185
5.345
5.565
5.805
5.975
6.215
6.38
6.645
6.86
6.92
7.025
7.25
7.465
7.67
8.32
8.545
8.72
8.76
8.98
9.18
9.345
9.6
10.02
10.275
10.445
10.645
10.86
11.05
11.28
11.3
11.715
12.32
12.535
12.76
13.06
13.21
13.405
13.785
13.805
14.02
14.04
14.265
14.465
14.69
15.115
15.145
15.325
15.51
15.565
15.975
16.36
16.85
17.065
17.24
17.45
17.675
18.09
18.51
18.745
18.95
19.165
19.365
19.59
19.615
19.805
20.035
20.13
20.435
20.745
21.1
21.565
21.605
22.24
22.91
23.115
23.25
23.33
23.53
23.76
23.955
24.175
24.41
24.915
25.125
25.48
25.595
26.05
26.31
26.63
26.69
26.96
27.225
27.565
27.65
28.2
28.32
28.725
28.74
28.8
29.415
29.69
29.86
29.985
