0.475
0.525
0.87
1.055
1.26
1.43
1.615
1.64
1.83
2.025
2.225
2.395
2.585
2.765
2.98
3.15
3.345
3.535
3.555
3.935
4.11
4.32
4.705
4.89
5.09
5.27
5.455
5.66
5.835
6.225
6.435
6.61
6.99
7.555
7.755
7.915
7.955
8.51
9.675
9.87
10.065
10.31
10.445
10.645
10.72
10.87
11.235
11.44
11.58
11.715
11.835
11.97
12.1
12.23
12.25
12.35
12.485
12.605
12.74
12.86
12.985
13.105
13.51
13.695
13.89
14.27
14.465
14.67
14.88
15.05
15.245
15.445
15.82
16.015
16.215
16.39
16.6
16.805
17.0
17.195
17.38
17.56
17.76
18.155
18.34
18.535
18.75
18.925
19.115
19.32
19.495
19.7
19.89
20.065
20.09
20.47
20.655
20.855
21.24
21.43
21.625
21.825
22.02
22.225
22.41
22.8
22.995
23.18
23.2
23.22
23.585
23.765
23.95
24.225
24.36
24.545
24.735
24.755
25.13
25.315
25.52
25.905
26.095
26.3
26.5
26.68
26.875
27.075
27.45
27.645
27.845
28.03
28.225
28.425
28.61
28.825
29.01
29.195
29.4
29.61
29.775
