0.345
0.37
0.9
1.13
1.16
1.43
1.725
1.925
1.985
2.105
2.4
2.485
2.665
3.015
3.155
3.25
3.55
3.825
3.88
4.075
4.12
4.375
4.61
4.87
5.03
5.18
5.35
5.435
5.715
5.84
6.02
6.23
6.26
6.53
6.74
6.77
7.025
7.085
7.3
7.535
7.85
8.325
8.62
8.86
9.16
9.375
9.64
9.93
10.055
10.07
10.095
10.29
10.435
10.72
10.965
11.48
11.765
11.805
12.03
12.295
12.53
13.055
13.565
13.83
14.12
14.41
14.435
14.56
14.63
15.15
15.195
15.475
15.66
15.925
16.105
16.215
16.375
16.705
17.07
17.225
17.745
18.02
18.29
18.55
18.795
18.96
19.325
19.645
19.84
20.11
20.365
20.635
20.885
21.14
21.31
21.41
21.485
21.92
22.19
22.49
22.73
22.975
23.15
23.225
23.5
24.01
24.27
24.57
24.95
25.05
25.275
25.315
25.56
25.835
26.06
26.325
26.395
26.625
26.87
26.905
27.11
27.37
27.635
27.855
27.885
28.145
28.415
28.49
28.665
28.93
29.17
29.44
29.695
29.97
