0.39
0.74
1.005
1.04
1.37
1.66
1.78
2.13
2.305
2.355
2.49
2.83
2.94
3.285
3.555
3.74
3.91
4.17
4.33
4.515
4.765
5.135
5.36
5.555
5.745
5.98
6.19
6.625
6.98
7.255
7.42
7.44
7.63
7.92
8.095
8.33
8.535
8.925
8.95
9.185
9.56
9.845
10.025
10.225
10.48
10.775
11.09
11.49
11.76
12.11
12.4
13.04
13.405
13.675
14.05
14.31
14.505
14.93
15.1
15.3
15.545
15.73
15.96
16.145
16.51
16.765
17.17
17.4
17.585
17.77
18.02
18.385
18.645
18.835
18.99
19.245
19.42
19.61
19.865
20.24
20.47
20.83
21.105
21.49
21.73
22.055
22.08
22.725
23.0
23.23
23.335
23.59
23.61
23.785
24.045
24.245
24.41
24.605
24.68
24.85
25.02
25.085
25.265
25.45
25.515
25.75
26.125
26.33
26.635
26.95
27.21
27.38
27.57
27.805
27.975
28.135
28.38
28.555
28.745
28.97
29.6
