0.17
0.235
0.5
0.735
0.995
1.155
1.245
1.275
1.5
1.55
1.775
2.025
2.275
2.53
2.775
3.025
3.275
3.49
3.78
4.06
4.075
4.17
4.295
4.415
4.53
4.56
4.655
4.78
4.89
5.005
5.12
5.25
5.37
5.495
5.61
5.745
5.78
6.255
6.77
7.035
7.28
7.57
7.795
8.055
8.285
8.57
8.795
9.045
9.295
9.555
9.79
10.3
10.785
10.83
11.05
11.3
11.515
11.545
11.565
11.775
12.04
12.275
12.295
12.53
12.78
13.02
13.265
13.53
13.765
13.795
14.26
14.75
15.005
15.25
15.55
15.76
16.005
16.25
16.53
16.73
16.985
17.225
17.515
17.725
18.215
18.71
18.965
19.2
19.47
19.715
19.975
20.215
20.675
20.725
20.955
21.17
21.205
21.67
21.715
21.955
22.215
22.455
22.685
22.94
23.19
23.21
23.705
24.23
24.465
24.725
24.895
24.98
25.235
25.485
25.72
25.745
25.99
26.23
26.47
26.525
26.725
26.975
27.005
27.245
27.49
27.745
28.24
28.74
29.0
29.235
29.745
