0.115
0.335
0.565
0.985
1.43
1.85
2.075
2.105
2.275
2.73
3.16
3.435
3.675
3.835
4.03
4.28
4.485
4.9
4.925
5.345
5.765
6.015
6.22
6.63
6.915
7.085
7.39
7.455
7.52
7.95
8.395
9.055
9.28
9.505
9.715
9.955
10.15
10.465
10.575
10.825
10.95
11.025
11.465
11.71
11.895
12.325
12.77
12.995
13.19
13.415
13.635
14.06
14.345
14.515
14.92
15.365
15.51
15.55
15.71
15.965
16.23
16.655
16.68
17.08
17.305
17.945
18.37
18.81
19.245
19.665
19.715
20.105
20.55
20.97
21.395
21.85
22.27
22.705
22.845
22.94
23.13
23.57
23.835
24.01
24.425
24.88
25.345
25.54
25.725
25.795
25.97
26.14
26.2
26.425
26.58
27.01
27.265
27.435
27.875
28.17
28.31
28.725
28.785
28.965
29.135
29.19
29.48
29.855
