0.355
0.69
1.01
1.22
1.31
1.33
1.65
2.01
2.33
2.5
2.63
2.895
2.96
3.305
3.63
3.935
4.255
4.305
4.565
4.625
4.885
5.19
5.28
5.545
5.88
6.22
6.55
6.87
7.22
7.53
7.695
7.835
8.175
8.51
8.835
9.135
9.535
9.82
10.145
10.445
10.785
11.115
11.145
11.445
11.48
11.75
12.14
12.43
12.755
12.935
12.995
13.065
13.405
13.73
13.77
14.06
14.11
14.36
14.415
14.735
15.045
15.685
16.025
16.38
16.705
16.985
17.36
17.56
17.64
17.72
17.96
18.125
18.275
18.605
18.625
18.93
19.25
19.31
19.57
19.94
20.24
20.56
20.885
21.2
21.22
21.57
21.87
21.895
22.19
22.53
22.56
22.855
23.18
23.345
23.42
23.485
23.815
23.845
24.13
24.175
24.515
24.77
24.84
25.16
25.325
25.445
25.775
26.0
26.105
26.44
26.77
26.8
27.09
27.135
27.39
27.45
27.765
27.805
28.07
28.095
28.415
28.58
28.635
28.725
29.055
29.425
