0.46
0.705
0.925
1.06
1.225
1.665
1.7
1.875
2.17
2.645
2.695
2.9
2.955
3.375
3.495
3.705
3.95
4.42
4.48
4.7
4.725
4.9
4.93
4.965
5.195
5.255
6.005
6.07
6.28
6.49
6.79
7.06
7.375
7.54
7.825
7.93
8.055
8.31
8.56
8.8
9.09
9.325
9.4
10.085
10.125
10.34
10.39
10.58
10.82
10.84
11.15
11.585
12.63
12.9
13.14
13.405
13.445
13.895
13.94
14.165
14.37
14.47
14.675
14.97
15.195
15.45
15.735
15.955
16.02
16.23
16.725
16.955
16.98
17.165
17.22
17.43
17.49
17.67
17.92
17.985
18.21
18.28
18.46
18.49
18.835
18.92
18.98
19.185
19.47
19.715
19.97
20.25
20.465
20.715
20.955
20.985
21.395
21.465
22.065
22.24
22.315
22.47
22.75
22.945
23.095
23.13
23.23
23.36
23.615
23.715
23.87
24.17
24.335
24.355
24.41
24.585
24.67
24.85
25.15
25.3
25.38
25.84
26.16
26.195
26.44
26.645
26.805
26.885
27.17
27.415
27.665
27.91
28.15
28.41
28.63
28.67
28.875
28.905
29.2
29.4
