0.52
0.74
0.91
0.975
1.92
2.37
2.465
2.84
2.9
3.435
3.48
3.81
3.835
4.47
4.775
4.825
5.365
5.7
5.84
6.4
6.74
7.35
7.375
7.69
8.295
8.655
9.285
9.655
10.165
10.245
10.595
11.425
11.565
11.995
12.06
12.38
12.84
12.99
13.345
13.615
13.635
13.9
13.935
14.275
14.485
14.535
15.22
15.6
15.78
15.845
16.175
16.98
17.02
17.13
17.165
17.32
17.74
18.06
18.085
18.15
18.365
18.655
18.675
18.725
19.06
19.205
19.49
19.52
19.625
19.655
19.93
20.2
20.345
20.435
20.57
20.775
20.9
20.975
21.2
21.565
21.61
21.77
21.84
22.385
23.0
23.59
23.68
25.145
25.175
25.19
25.495
25.565
26.23
26.455
26.535
27.245
27.515
27.58
28.115
28.25
28.605
29.29
29.56
29.99
