0.745
0.805
0.92
1.165
1.36
1.58
1.755
2.12
2.41
2.6
2.82
3.005
3.43
3.64
3.835
4.055
4.25
4.47
4.865
5.065
5.48
5.72
5.92
6.12
6.31
6.735
6.94
6.99
7.145
7.565
7.965
8.155
8.365
8.63
8.78
8.995
9.055
9.205
9.415
9.605
9.85
10.01
10.23
10.395
10.65
10.83
11.255
11.465
11.64
11.865
12.06
12.265
12.42
12.495
12.705
12.875
13.1
13.135
13.3
13.725
13.92
14.115
14.35
14.745
14.81
14.88
15.39
15.605
15.79
15.995
16.21
16.61
16.825
17.005
17.19
17.255
17.425
17.485
17.64
17.665
17.905
18.05
18.625
18.91
19.075
19.275
19.47
19.86
20.065
20.19
20.275
20.55
20.68
20.93
21.095
21.335
21.405
21.52
21.82
21.975
22.15
22.35
22.755
23.17
23.39
23.585
23.785
23.815
23.995
24.215
24.415
24.62
24.83
25.115
25.275
25.675
26.08
26.48
26.685
26.9
27.105
27.3
27.725
28.15
28.525
28.565
28.78
28.815
28.975
29.385
29.62
29.78
29.8
29.985
