0.145
0.19
0.385
0.775
0.885
1.145
1.28
1.39
1.525
1.645
1.77
1.82
1.885
2.14
2.385
2.51
2.645
2.765
2.885
3.15
3.385
3.415
3.64
3.885
4.135
4.38
4.64
4.885
5.025
5.14
5.265
5.39
5.635
5.885
6.145
6.275
6.385
6.64
6.885
7.14
7.4
7.645
7.77
7.885
8.385
8.65
8.88
9.14
9.38
9.67
9.88
10.135
10.175
10.27
10.38
10.435
10.645
10.885
11.145
11.385
11.44
11.635
11.88
12.13
12.26
12.375
12.64
12.76
12.88
13.015
13.04
13.135
13.375
13.43
13.635
13.68
13.775
13.88
14.135
14.265
14.375
14.425
14.635
14.765
14.88
15.13
15.26
15.38
15.635
15.68
15.8
15.88
16.14
16.17
16.375
16.635
16.765
16.875
17.135
17.265
17.375
17.88
18.14
18.265
18.385
18.505
18.635
18.755
18.88
19.135
19.38
19.43
19.635
19.875
20.135
20.265
20.385
20.64
20.88
21.13
21.265
21.375
21.54
21.77
21.88
22.135
22.27
22.385
22.52
22.64
22.76
22.875
23.14
23.375
23.415
23.88
24.14
24.38
24.645
24.875
25.145
25.375
25.4
25.645
25.77
25.875
26.135
26.26
26.37
26.505
26.62
26.75
26.87
27.135
27.26
27.375
27.63
27.87
28.135
28.265
28.375
28.635
28.76
28.875
29.13
29.265
29.385
29.52
29.645
29.69
29.77
29.885
