0.205
0.385
0.485
0.665
0.745
0.96
1.04
1.34
1.49
1.585
1.755
1.775
2.05
2.245
2.335
2.43
2.605
2.845
3.13
3.23
3.525
3.715
3.825
4.025
4.12
4.34
4.405
4.715
4.895
4.945
5.2
5.29
5.57
5.865
6.155
6.36
6.445
6.47
6.74
7.03
7.22
7.335
7.52
7.61
7.79
7.91
8.2
8.39
8.51
8.705
8.805
9.01
9.11
9.385
9.575
9.875
10.19
10.27
10.545
10.58
10.77
10.85
11.015
11.055
11.145
11.345
11.435
11.705
11.73
11.91
12.03
12.18
12.325
12.5
12.605
12.88
13.055
13.18
13.455
13.725
13.755
14.035
14.235
14.35
14.51
14.53
14.845
14.925
15.205
15.495
15.68
15.79
16.0
16.075
16.39
16.545
16.675
16.845
17.13
17.15
17.515
17.795
17.975
18.075
18.36
18.655
18.825
18.95
19.125
19.225
19.51
19.8
19.985
20.1
20.28
20.39
20.55
20.665
20.855
20.95
21.075
21.12
21.235
21.41
21.51
21.7
21.79
21.93
22.08
22.39
22.565
22.69
22.86
23.155
23.25
23.44
23.555
23.735
23.845
24.02
24.135
24.4
24.605
24.63
24.71
24.895
25.0
25.175
25.55
25.575
25.745
25.875
26.04
26.15
26.335
26.43
26.715
26.89
27.015
27.145
27.175
27.205
27.31
27.455
27.5
27.615
27.835
27.89
28.06
28.17
28.35
28.425
28.59
28.74
29.015
29.315
29.625
29.77
29.895
29.985
