0.27
0.9
1.245
1.58
1.635
1.915
2.065
2.205
2.525
2.855
3.41
3.51
3.85
4.18
4.81
5.485
6.095
6.14
6.475
6.8
7.165
7.46
7.78
7.98
8.11
8.765
9.11
9.45
10.105
10.445
10.77
11.415
11.75
12.08
12.41
12.595
12.74
12.92
13.065
13.365
13.39
14.025
14.365
14.715
15.07
15.38
15.4
15.73
16.065
16.72
16.74
17.055
17.395
18.05
18.39
18.735
19.4
19.725
20.06
20.09
20.33
20.715
21.065
21.395
22.065
22.325
22.405
22.73
23.39
23.725
23.765
24.065
24.74
24.775
25.08
25.11
25.415
25.715
26.075
26.42
26.775
27.42
27.44
27.78
28.105
28.555
28.705
28.795
29.13
29.48
