0.325
0.605
0.895
1.15
1.405
1.68
2.2
2.465
2.745
3.26
3.52
3.8
4.06
4.585
4.855
5.4
5.66
5.925
6.19
6.97
7.25
7.515
8.01
8.025
8.275
8.295
8.555
8.815
9.085
9.395
9.625
9.9
10.465
11.005
11.545
11.81
12.06
12.335
12.615
12.855
13.135
13.155
13.425
13.675
13.935
14.2
14.225
14.47
14.735
15.27
15.53
15.68
16.075
16.33
16.595
16.875
17.125
17.395
17.935
18.205
18.47
18.74
19.01
19.28
19.545
19.805
20.07
20.345
20.6
20.865
21.15
21.405
21.675
22.74
23.275
23.56
24.12
24.355
24.62
24.895
25.13
25.4
25.66
25.955
26.215
26.48
26.74
27.01
27.275
27.55
27.81
28.1
28.355
28.625
28.885
29.17
29.42
29.7
