0.245
0.41
0.52
0.68
0.76
0.925
1.05
1.22
1.325
1.42
1.59
1.725
1.755
1.86
1.985
2.0
2.035
2.13
2.29
2.305
2.405
2.62
2.685
2.84
3.095
3.215
3.385
3.41
3.49
3.665
3.775
3.93
4.055
4.2
4.31
4.46
4.595
4.76
4.865
5.0
5.13
5.28
5.39
5.65
5.93
6.11
6.265
6.52
6.7
6.935
7.0
7.115
7.34
7.415
7.81
7.885
9.72
10.13
10.32
10.405
10.57
10.69
10.95
11.235
11.39
11.47
11.5
11.62
11.75
12.065
12.325
12.625
12.79
12.915
13.17
13.445
13.72
13.885
13.955
14.16
14.275
14.475
14.55
14.655
14.83
15.005
15.11
15.385
15.665
15.925
16.105
16.365
16.45
16.475
16.75
17.03
17.3
17.485
17.56
17.845
18.13
18.42
18.57
18.67
18.83
18.945
19.225
19.52
19.775
20.05
20.335
20.62
20.795
20.875
21.025
21.15
21.44
21.58
21.705
21.9
21.995
22.285
22.41
22.445
22.535
22.8
23.095
23.355
23.375
23.64
23.93
24.06
24.125
24.215
24.5
24.695
24.775
24.94
25.22
25.3
25.33
25.46
25.62
25.885
26.015
26.17
26.32
26.44
26.57
26.72
26.99
27.15
27.435
27.54
27.79
27.83
28.095
28.38
28.55
28.665
28.935
28.96
29.12
29.225
29.39
29.415
