0.445
0.53
0.69
0.905
1.16
1.27
1.675
1.86
2.02
2.23
2.39
2.755
3.495
3.86
4.24
4.56
4.985
5.34
5.72
5.76
5.935
6.46
6.84
7.205
7.795
7.95
8.115
8.325
8.695
8.885
9.25
9.42
9.78
10.16
10.545
10.895
11.265
11.64
11.83
12.215
12.385
12.79
12.905
13.115
13.695
13.845
14.015
14.21
14.585
14.93
14.945
15.145
15.3
15.695
16.055
16.26
16.61
16.765
17.14
17.525
17.915
18.1
18.25
18.62
18.98
19.395
19.595
19.745
20.13
20.52
20.905
21.085
21.245
21.63
22.005
22.385
22.56
22.745
23.115
23.49
23.88
24.06
24.215
24.595
24.96
25.35
25.54
25.685
26.04
26.43
26.825
27.015
27.165
27.575
27.765
27.9
28.295
28.47
28.64
29.0
29.375
29.575
29.76
