0.225
0.325
0.535
0.555
0.645
0.87
0.95
1.02
1.225
1.295
1.605
1.64
1.815
1.92
2.08
2.15
2.245
2.305
2.47
2.575
2.785
2.89
3.0
3.105
3.15
3.22
3.58
3.86
4.17
4.385
4.495
4.695
4.82
5.05
5.07
5.14
5.3
5.47
5.67
5.775
5.83
6.105
6.26
6.36
6.43
6.59
6.65
6.745
6.925
7.01
7.28
7.385
7.46
7.62
7.71
7.94
8.03
8.24
8.355
8.375
8.505
8.64
8.745
8.995
9.31
9.39
9.52
9.635
9.715
9.84
9.955
10.285
10.485
10.52
10.805
10.905
10.965
11.12
11.255
11.575
11.88
11.95
12.095
12.205
12.5
12.525
12.615
12.765
12.85
13.065
13.125
13.38
13.425
13.49
13.82
13.85
14.04
14.14
14.32
14.405
14.52
14.665
14.77
14.825
14.95
14.97
15.09
15.415
15.635
15.745
15.945
16.055
16.105
16.42
16.56
16.7
17.005
17.145
17.235
17.34
17.66
17.9
17.985
18.195
18.24
18.305
18.325
18.52
18.625
18.745
18.955
19.275
19.455
19.585
19.66
19.8
19.91
20.11
20.225
20.47
20.55
20.87
21.08
21.195
21.41
21.745
21.84
22.155
22.23
22.365
22.475
22.69
22.8
23.04
23.12
23.285
23.33
23.41
23.435
23.5
23.56
23.66
23.765
23.925
24.09
24.145
24.415
24.73
24.795
24.935
25.045
25.25
25.365
25.61
25.69
26.005
26.22
26.33
26.655
26.895
26.98
27.29
27.365
27.505
27.62
27.725
27.83
27.935
28.15
28.26
28.465
28.5
28.6
28.795
28.91
29.055
29.08
29.32
29.555
29.865
