0.2
0.26
0.51
1.005
1.215
1.26
1.555
1.73
1.985
2.225
2.465
2.965
3.21
3.46
3.695
3.765
3.95
4.125
4.19
4.43
4.915
5.14
5.155
5.18
5.415
5.505
5.63
5.89
6.125
6.35
6.375
6.86
7.12
7.38
7.595
7.62
7.85
8.065
8.09
8.325
8.525
8.575
8.815
9.065
9.325
9.545
9.785
9.995
10.26
10.755
10.98
11.005
11.16
11.26
11.425
11.49
11.74
11.975
12.195
12.685
12.7
12.915
13.18
13.42
13.66
13.89
14.11
14.355
14.585
14.815
15.06
15.305
15.43
15.525
15.775
16.005
16.26
16.51
16.745
17.005
17.225
17.48
17.67
17.715
17.95
18.34
18.455
18.695
18.96
19.185
19.28
19.43
19.66
19.895
20.105
20.39
20.625
20.875
20.99
21.11
21.36
21.595
21.835
22.06
22.1
22.31
22.56
22.815
23.025
23.285
23.515
23.76
24.035
24.25
24.5
24.755
24.98
25.235
25.37
25.475
25.715
26.205
26.445
26.7
26.785
26.925
27.175
27.4
27.64
27.915
28.125
28.385
28.595
28.845
29.095
29.315
29.55
