0.085
0.295
0.49
0.685
0.92
1.065
1.92
1.965
2.175
2.345
2.53
2.705
2.97
3.53
3.71
4.175
4.335
5.16
5.965
6.385
6.8
7.04
7.21
7.62
7.645
8.07
8.45
9.27
9.295
9.97
10.065
10.705
10.875
11.12
11.265
11.67
12.07
12.455
12.885
13.095
13.28
13.475
13.68
14.075
14.51
14.92
15.73
16.55
16.615
17.42
17.675
17.795
18.195
19.42
19.82
20.23
20.635
20.85
21.455
21.645
22.17
22.185
22.25
22.545
22.705
22.96
23.065
23.86
24.27
24.465
24.675
25.07
25.495
25.72
26.14
26.325
26.725
27.135
27.555
27.96
28.39
28.815
29.205
29.475
29.615
29.88
29.905
