0.22
0.305
0.54
0.575
0.71
1.07
1.29
1.405
1.725
3.015
3.31
3.605
3.785
3.91
4.155
4.325
5.07
5.145
5.62
5.89
6.11
6.37
6.59
6.875
7.015
7.47
7.82
8.215
8.36
8.485
8.55
8.71
8.795
8.925
9.1
9.305
9.63
9.695
9.86
10.185
10.33
10.42
10.565
10.805
11.0
11.325
11.52
11.83
11.89
12.17
12.33
13.525
13.875
14.005
14.135
14.29
15.36
15.725
15.95
16.42
16.765
17.04
17.225
17.485
18.8
19.715
19.82
19.96
20.195
20.945
21.35
21.61
22.32
23.51
23.78
23.94
24.15
24.73
25.28
26.225
26.425
27.0
27.33
27.52
27.79
28.44
29.37
29.385
