0.125
0.28
0.44
0.59
0.75
0.905
1.07
1.215
1.38
1.53
1.695
1.845
2.015
2.155
2.475
2.64
2.79
2.955
3.1
3.26
3.41
3.58
3.725
3.885
4.05
4.11
4.2
4.355
4.525
4.665
4.835
4.985
5.145
5.3
5.46
5.61
5.77
5.925
6.09
6.235
6.395
6.55
6.715
6.865
7.035
7.175
7.34
7.49
7.65
7.815
8.125
8.28
8.435
8.6
8.75
8.91
9.065
9.12
9.225
9.375
9.55
9.69
9.855
10.01
10.17
10.32
10.48
10.63
10.79
10.945
11.11
11.255
11.415
11.575
11.735
11.885
12.055
12.195
12.365
12.515
12.67
12.83
12.99
13.145
13.3
13.455
13.62
13.77
13.93
14.085
14.145
14.245
14.395
14.565
14.71
14.88
15.03
15.19
15.34
15.505
15.65
15.81
15.965
16.13
16.275
16.435
16.59
16.755
16.905
17.075
17.155
17.225
17.38
17.54
17.69
17.85
18.165
18.335
18.48
18.66
18.79
18.97
19.105
19.155
19.415
19.595
19.725
19.905
20.045
20.205
20.36
20.51
20.67
20.845
20.985
21.14
21.295
21.475
21.58
21.61
21.925
22.105
22.24
22.415
22.485
22.555
22.72
22.87
23.185
23.34
23.49
23.805
23.965
24.125
24.285
24.435
24.615
24.745
24.925
25.065
25.24
25.38
25.69
25.85
26.005
26.315
26.475
26.635
26.795
26.945
27.12
27.255
27.425
27.57
27.735
27.89
27.955
28.205
28.365
28.515
28.7
28.83
28.985
29.15
29.305
29.455
29.635
29.77
29.99
