0.195
0.34
0.39
0.64
0.95
1.095
1.24
1.55
1.695
1.815
1.84
2.115
2.42
2.6
2.74
2.895
3.035
3.355
3.625
3.645
3.795
3.945
4.095
4.235
4.545
4.69
4.99
5.145
5.44
5.7
5.76
6.015
6.045
6.195
6.325
6.5
6.64
6.93
7.115
7.24
7.385
7.54
7.84
8.155
8.44
8.755
8.905
9.04
9.49
9.79
9.955
10.24
10.55
10.69
10.855
11.31
11.445
11.9
12.005
12.34
12.64
12.96
13.245
13.395
13.535
13.7
13.84
14.29
14.445
14.59
14.74
14.895
15.04
15.34
15.65
15.695
16.24
16.7
17.14
17.44
17.745
18.045
18.345
18.5
18.64
19.09
19.39
19.54
19.84
20.14
20.46
21.05
21.355
21.495
21.665
21.945
22.095
22.24
22.55
22.85
22.945
23.325
23.445
23.9
24.19
24.34
24.645
24.95
25.24
25.545
25.69
25.845
26.145
26.295
26.44
26.74
26.885
27.045
27.35
27.64
27.835
27.91
28.24
28.55
28.69
28.835
28.995
29.14
29.44
29.75
29.895
