0.365
0.9
1.025
1.38
1.645
1.885
2.15
2.385
2.68
2.9
3.185
3.405
3.635
3.885
4.16
4.375
4.49
4.88
5.325
5.405
5.675
5.93
6.21
6.41
6.695
6.73
6.96
7.16
7.42
7.94
8.175
8.41
8.68
8.93
8.95
9.165
9.415
9.95
10.18
10.43
10.69
11.16
11.19
11.43
11.95
12.05
12.225
12.43
12.715
12.94
13.14
13.21
13.355
13.435
13.98
14.205
14.34
14.46
14.715
14.775
15.015
15.205
15.25
15.485
15.705
15.99
16.12
16.205
16.27
16.455
16.715
16.9
17.205
17.45
17.865
17.98
18.24
18.48
18.75
18.915
19.23
19.41
19.485
19.74
19.985
20.21
20.28
20.46
20.965
21.205
21.475
21.735
21.965
22.005
22.27
22.495
22.76
22.96
22.975
23.245
23.495
23.755
23.985
24.155
24.24
24.31
24.475
24.73
24.775
24.98
25.21
25.465
25.725
25.965
26.2
26.28
26.45
26.73
26.945
27.16
27.235
27.465
27.74
27.965
28.23
28.46
28.72
28.75
29.2
29.45
