0.265
0.62
0.705
0.735
0.815
1.165
1.35
1.415
1.72
1.91
2.25
2.33
2.47
2.83
3.025
3.39
3.59
3.96
4.145
4.5
4.545
4.71
5.09
5.24
5.285
5.645
5.84
6.01
6.07
6.215
6.39
6.78
6.915
6.94
7.315
7.465
7.51
7.875
7.895
8.065
8.445
8.64
9.025
9.205
9.585
9.785
10.13
10.385
10.69
10.88
11.29
11.415
11.475
11.66
11.81
11.845
12.005
12.38
12.565
12.955
13.13
13.49
13.545
13.705
14.08
14.23
14.25
14.64
14.865
15.21
15.385
15.745
15.785
15.945
15.985
16.315
16.415
16.5
16.53
16.885
17.11
17.465
17.65
18.05
18.21
18.605
18.78
19.02
19.16
19.36
19.72
19.91
20.1
20.155
20.315
20.46
20.85
20.88
21.055
21.225
21.415
21.655
22.005
22.2
22.595
22.745
23.12
23.295
23.315
23.68
23.885
24.25
24.445
24.64
24.805
24.85
25.015
25.195
25.375
25.425
25.59
25.755
25.955
26.165
26.215
26.515
26.595
26.705
27.1
27.275
27.645
27.815
27.86
28.225
28.37
28.435
28.81
28.99
29.345
29.41
29.55
29.94
