0.24
0.935
1.44
1.6
1.93
2.145
2.255
2.55
2.78
2.925
3.115
3.575
3.92
4.075
4.435
4.51
4.825
5.01
5.125
5.325
5.445
5.495
5.62
5.81
6.125
6.445
6.665
6.785
6.835
7.12
7.435
7.61
7.76
7.935
8.085
8.42
8.77
9.055
9.27
9.45
9.595
9.765
10.085
10.43
10.64
10.74
11.12
11.43
11.75
12.08
12.29
12.445
12.48
12.77
13.1
13.285
13.445
13.63
13.76
14.16
14.45
14.585
14.815
14.85
15.21
15.565
15.9
16.45
16.655
16.96
19.36
19.425
19.535
19.895
19.915
20.13
20.44
20.71
20.825
21.245
21.34
22.165
22.85
23.02
23.345
23.465
23.765
24.115
24.3
24.405
24.62
24.73
25.255
25.455
25.705
25.835
26.055
26.125
26.47
26.505
26.81
27.165
27.31
27.505
28.18
28.5
28.65
28.98
29.09
29.58
29.7
