0.105
0.18
0.3
0.485
0.58
0.78
0.89
1.015
1.125
1.405
1.775
2.005
2.165
2.21
2.405
2.655
2.82
2.85
3.215
3.46
3.64
3.705
3.85
4.19
4.3
4.535
4.555
4.71
4.91
4.935
5.105
5.125
5.355
5.37
5.59
5.84
5.99
6.215
6.435
6.66
6.845
7.065
7.29
7.59
7.685
7.905
8.075
8.355
8.54
8.735
8.77
8.94
9.18
9.365
9.4
9.61
9.78
9.835
9.965
10.025
10.22
10.43
10.58
10.645
10.855
11.12
11.265
11.485
11.515
11.835
11.915
12.155
12.33
13.21
13.58
13.63
13.845
14.035
14.48
14.75
14.91
15.13
15.34
15.58
15.745
15.935
15.98
16.17
16.385
16.595
16.79
17.02
17.22
17.235
17.415
17.815
17.865
18.045
18.26
18.665
18.94
19.095
19.3
19.385
19.53
19.74
19.965
20.135
20.195
20.29
20.37
20.575
20.795
21.21
21.475
21.66
21.875
22.065
22.15
22.445
22.885
23.095
23.415
23.69
23.905
24.115
24.31
24.755
24.98
25.115
25.385
25.595
25.79
26.275
26.715
27.125
27.365
27.585
27.775
27.945
27.985
28.095
28.395
28.595
28.805
29.225
29.635
29.965
