0.12
0.32
0.405
0.585
0.675
0.895
1.0
1.26
1.45
1.555
1.745
1.85
2.125
2.16
2.285
2.425
2.725
2.885
2.995
3.185
3.3
3.48
3.595
3.88
4.045
4.17
4.375
4.465
4.68
4.755
5.095
5.225
5.25
5.315
5.615
5.905
6.195
6.385
6.49
6.77
6.935
7.06
7.08
7.355
7.515
7.54
7.63
7.81
7.93
8.13
8.235
8.43
8.515
8.69
8.805
9.01
9.105
9.39
9.675
9.88
9.945
10.195
10.25
10.54
10.74
10.83
11.0
11.13
11.31
11.4
11.585
11.695
11.925
12.0
12.16
12.265
12.285
12.475
12.57
12.785
12.86
13.14
13.33
13.45
13.64
13.73
14.015
14.31
14.5
14.585
14.83
14.885
15.09
15.17
15.465
15.67
15.76
16.025
16.05
16.34
16.63
16.815
16.905
17.095
17.12
17.19
17.405
17.5
17.765
18.085
18.275
18.295
18.37
18.66
18.885
18.95
19.135
19.225
19.52
19.8
20.02
20.1
20.13
20.305
20.4
20.695
20.825
20.97
21.265
21.425
21.455
21.535
21.735
21.84
22.025
22.125
22.41
22.605
22.72
22.91
23.01
23.18
23.285
23.505
23.585
23.77
23.855
24.095
24.16
24.44
24.645
24.735
24.935
25.035
25.315
25.475
25.52
25.61
25.9
25.985
26.065
26.085
26.17
26.4
26.48
26.665
26.76
26.96
27.055
27.22
27.24
27.355
27.56
27.64
27.92
28.165
28.225
28.4
28.49
28.745
28.795
29.075
29.375
29.57
29.67
29.96
