0.895
1.165
1.41
1.675
1.95
2.09
2.21
2.47
2.63
2.875
3.01
3.27
3.56
3.85
4.115
4.35
4.62
4.925
5.18
5.445
5.705
5.98
6.23
6.49
6.765
7.025
7.295
7.55
7.84
8.1
8.375
8.625
8.9
9.17
9.44
9.7
9.955
10.215
10.485
10.75
11.025
11.295
11.58
11.885
12.09
12.38
12.43
12.65
12.905
13.185
13.73
13.965
14.25
14.53
14.805
15.065
15.35
15.885
16.085
16.42
16.655
16.945
17.2
17.47
18.015
18.285
18.54
18.79
19.04
19.32
19.655
19.845
19.925
20.155
20.415
20.46
20.695
20.96
21.215
21.51
21.78
22.05
22.25
22.58
22.815
23.105
23.155
23.68
23.7
24.2
24.725
24.945
25.25
25.755
26.055
26.3
26.58
26.83
27.075
27.375
27.91
28.155
28.435
28.975
29.23
29.5
