0.135
0.62
0.825
1.115
1.325
1.385
1.605
1.825
2.095
2.33
2.575
2.82
3.07
3.35
3.55
3.805
4.045
4.285
4.53
4.765
5.035
5.27
5.525
5.76
5.805
6.015
6.255
6.485
6.725
7.0
7.215
7.465
7.485
7.715
7.74
7.965
8.185
8.45
8.625
8.955
9.19
9.43
9.675
9.93
10.16
10.425
10.655
10.91
11.155
11.405
11.64
11.89
12.125
12.385
12.605
12.875
13.11
13.365
13.59
13.855
14.085
14.345
14.59
14.835
15.075
15.31
15.565
15.815
16.045
16.285
16.535
16.795
17.035
17.265
17.285
17.69
17.775
17.99
18.26
18.755
18.985
19.24
19.48
19.735
19.97
20.21
20.46
20.715
20.95
21.205
21.45
21.695
21.935
22.17
22.19
22.425
22.68
22.905
23.15
23.165
23.405
23.65
23.705
23.895
24.15
24.395
24.635
24.88
25.125
25.36
25.615
25.855
26.09
26.34
26.6
26.825
27.06
27.085
27.29
27.31
27.56
27.575
27.8
28.045
28.07
28.56
28.79
29.03
29.05
29.535
29.775
29.99
