0.28
0.41
0.645
0.68
0.93
1.015
1.17
1.375
1.435
1.52
1.73
1.89
1.97
2.455
2.615
2.82
3.17
3.545
3.71
3.785
4.27
4.64
4.81
5.005
5.225
5.38
5.64
5.88
6.085
6.245
6.475
6.78
6.99
7.185
7.355
7.555
7.92
8.28
8.44
8.645
8.79
9.005
9.32
9.4
9.615
9.73
9.8
10.03
10.1
10.26
10.465
10.635
10.83
11.19
11.225
11.545
11.705
11.72
11.895
12.03
12.105
12.12
12.3
12.525
12.615
12.795
12.975
13.325
13.52
13.7
14.06
14.415
14.58
14.77
15.035
15.06
15.38
15.505
15.68
15.865
16.225
16.315
16.59
16.955
17.11
17.315
17.46
17.675
17.8
18.055
18.415
18.795
18.935
19.155
19.515
19.665
19.855
20.25
20.615
20.765
20.975
21.125
21.34
21.52
21.715
22.08
22.465
22.61
22.81
23.1
23.18
23.52
23.58
23.66
23.885
24.04
24.235
24.395
24.62
24.995
25.345
25.72
26.08
26.16
26.26
26.445
26.61
26.755
26.8
26.965
27.18
27.34
27.55
27.91
27.95
28.27
28.425
29.01
29.365
29.5
29.72
29.75
29.985
