0.38
0.82
1.04
1.25
1.485
1.725
1.91
2.11
2.195
2.54
2.61
2.975
3.19
3.39
3.405
3.59
3.825
4.255
4.48
4.685
5.09
5.12
5.34
5.545
5.65
5.755
5.965
6.205
6.405
6.615
6.835
7.065
7.265
7.49
7.7
7.91
7.97
8.13
8.35
8.395
8.61
8.77
8.99
9.28
9.295
9.415
9.63
9.845
10.035
10.275
10.495
10.7
10.925
11.135
11.36
11.425
11.57
11.785
11.91
11.995
12.065
12.225
12.415
12.615
12.73
12.865
12.885
13.095
13.26
13.48
13.7
13.91
14.12
14.565
14.785
14.815
15.0
15.25
15.33
15.44
15.505
15.66
15.875
16.1
16.32
16.54
16.735
16.96
17.195
17.4
17.605
18.05
18.25
18.49
18.69
18.92
19.15
19.36
19.595
19.785
19.855
20.03
20.22
20.44
20.51
20.67
20.89
21.085
21.34
21.54
21.76
21.975
22.225
22.415
22.44
22.5
22.64
22.79
22.85
23.12
23.275
23.355
23.505
23.71
23.925
24.12
24.36
24.565
24.79
24.865
25.0
25.32
25.42
25.65
25.745
25.85
26.075
26.165
26.27
26.58
26.91
27.11
27.325
27.535
27.755
27.965
28.19
28.41
28.635
28.84
29.27
29.335
29.71
