0.25
0.425
0.515
0.62
0.735
1.205
1.45
1.605
1.795
2.01
2.165
2.37
2.655
2.695
2.96
3.015
3.155
3.18
3.26
3.285
3.42
3.52
3.74
3.885
3.905
4.1
4.27
4.305
4.455
4.665
5.055
5.21
5.255
5.635
5.84
6.045
6.185
6.42
6.535
6.695
6.99
7.16
7.325
7.395
7.555
7.76
7.85
7.92
8.15
8.355
8.53
8.73
9.1
9.33
9.67
9.705
9.895
9.96
10.28
10.48
10.84
10.875
11.065
11.23
11.465
11.62
11.645
12.045
12.245
12.595
12.655
12.815
12.91
13.245
13.39
13.56
13.645
13.795
13.975
14.35
14.565
14.95
15.17
15.35
15.415
15.495
15.555
15.75
15.985
16.12
16.19
16.33
16.605
16.915
17.095
17.31
17.51
17.735
17.82
17.895
18.085
18.485
18.665
19.055
19.265
19.8
19.865
20.05
20.24
20.425
20.805
20.915
21.03
21.405
21.455
21.555
21.895
22.2
22.44
22.595
22.765
22.96
23.03
23.26
23.35
23.69
23.765
23.98
24.375
24.565
24.795
24.94
25.135
25.45
25.51
25.74
26.09
26.325
26.5
26.755
26.905
27.125
27.285
27.39
27.495
27.67
27.86
28.085
28.31
28.41
28.475
28.675
28.935
29.275
29.475
