0.245
0.425
0.605
0.795
0.97
1.515
1.685
1.88
2.24
2.425
2.555
2.975
3.12
3.145
3.34
3.72
3.89
4.265
4.61
4.67
4.805
4.995
5.175
5.365
5.54
5.73
5.835
5.91
6.08
6.265
6.625
6.815
7.365
7.54
7.72
7.915
8.09
8.275
8.45
8.635
8.82
9.17
9.365
9.525
9.725
9.895
10.095
10.27
10.455
10.63
10.835
11.01
11.195
11.36
11.555
11.715
11.915
12.09
12.445
12.65
12.815
12.845
13.02
13.195
13.375
13.55
13.755
13.925
14.115
14.28
14.475
14.635
14.83
15.005
15.36
15.56
15.73
15.935
16.11
16.29
16.31
16.38
16.465
16.725
16.855
17.2
17.555
17.75
17.925
18.125
18.285
18.48
18.65
18.855
19.025
19.21
19.295
19.38
19.635
20.03
20.12
20.31
20.47
20.675
20.835
21.035
21.195
21.39
21.565
21.765
21.94
22.125
22.3
22.565
22.685
22.845
23.03
23.225
23.385
23.59
23.755
23.955
24.115
24.315
24.48
24.685
24.86
25.04
25.13
25.215
25.465
25.605
25.765
25.95
26.185
26.33
26.515
26.675
27.04
27.23
27.4
27.605
27.78
27.96
28.13
28.515
28.71
28.865
29.08
29.195
29.23
29.415
29.595
29.76
29.935
