0.305
0.595
0.875
1.11
1.18
1.485
1.78
2.06
2.36
2.635
2.93
3.2
3.515
3.79
4.095
4.38
4.67
4.95
4.985
5.26
5.56
5.865
6.145
6.44
6.72
7.02
7.32
7.605
7.89
8.09
8.205
8.39
8.48
8.605
8.765
9.06
9.33
9.635
9.935
10.235
10.45
10.52
10.815
11.105
11.4
11.685
11.98
12.265
12.55
12.87
13.13
13.285
13.415
13.545
13.675
13.825
13.97
14.26
14.285
14.555
14.73
14.83
15.14
15.435
15.72
16.015
16.155
16.315
16.465
16.6
16.66
16.885
17.175
17.475
17.76
18.06
18.345
18.655
18.925
19.23
19.51
19.8
20.095
20.39
20.67
20.83
20.855
20.97
21.255
21.55
21.835
22.14
22.425
22.72
23.0
23.305
23.595
23.88
24.04
24.16
24.465
24.76
25.04
25.305
25.345
25.635
25.9
25.925
26.22
26.505
26.815
27.08
27.385
27.67
27.975
28.265
28.49
28.57
28.855
29.15
29.23
29.45
29.565
29.74
