0.24
0.42
0.45
0.7
0.96
1.26
1.495
1.54
1.76
1.825
2.05
2.305
2.585
2.705
2.815
3.105
3.525
3.655
3.8
3.91
4.18
4.445
4.625
4.71
4.735
4.985
5.02
5.255
5.48
5.795
5.815
6.07
6.355
6.605
6.885
7.015
7.12
7.405
7.82
7.945
8.1
8.2
8.48
8.76
9.025
9.275
9.34
9.565
9.865
10.11
10.37
10.395
10.665
10.91
11.175
11.32
11.43
11.49
11.715
12.0
12.5
12.775
13.035
13.29
13.58
13.825
14.11
14.245
14.36
14.395
14.635
14.915
15.17
15.465
15.69
15.96
16.015
16.24
16.375
16.4
16.645
16.76
16.875
17.04
17.235
17.295
17.555
17.855
17.99
18.095
18.3
18.51
18.63
18.895
19.16
19.435
19.74
19.97
20.245
20.275
20.52
20.645
20.77
20.92
21.035
21.16
21.315
21.575
21.605
21.835
22.08
22.365
22.65
22.79
22.9
23.195
23.45
23.725
24.01
24.14
24.255
24.53
24.81
24.93
25.055
25.325
25.595
25.86
26.115
26.35
26.495
26.58
26.65
26.94
26.975
27.12
27.185
27.385
27.455
27.715
27.995
28.3
28.535
28.815
29.11
29.22
29.345
29.485
29.61
29.695
29.88
29.935
