0.115
0.345
0.575
0.795
1.06
1.275
1.515
1.73
1.985
2.135
2.51
2.675
2.95
3.15
3.26
3.42
3.605
4.085
4.325
4.54
4.79
5.015
5.055
5.24
5.265
5.47
5.695
5.95
5.995
6.195
6.41
6.66
6.885
7.16
7.345
7.605
7.665
7.825
8.06
8.275
8.53
8.755
8.975
9.215
9.455
9.57
9.69
9.93
10.15
10.34
10.635
10.87
11.085
11.56
11.75
11.8
12.02
12.285
12.5
12.66
12.735
12.955
13.185
13.425
13.665
13.89
14.135
14.37
14.6
14.82
15.07
15.3
15.595
15.76
16.02
16.235
16.485
16.695
16.955
17.175
17.4
17.625
18.11
18.335
18.565
18.81
18.855
19.045
19.5
19.73
19.78
19.98
20.05
20.22
20.43
20.7
20.91
21.09
21.19
21.365
21.64
21.85
22.08
22.3
22.545
22.575
22.78
23.035
23.235
23.495
23.715
23.955
24.17
24.395
24.645
24.89
25.105
25.59
25.825
26.04
26.215
26.3
26.37
26.52
26.6
26.76
26.975
27.225
27.455
27.69
27.905
28.205
28.39
28.43
28.635
28.845
29.09
29.33
29.56
29.78
