0.13
0.34
0.385
0.845
1.29
1.71
1.755
2.22
2.535
2.66
3.14
3.575
3.825
4.085
4.315
4.57
5.02
5.51
5.725
5.955
6.235
6.43
6.455
6.665
6.875
7.135
7.355
7.7
7.79
8.295
8.735
9.235
9.45
9.62
9.68
10.015
10.445
10.615
11.11
11.34
11.55
12.045
12.48
12.95
12.98
13.2
13.39
13.42
13.63
13.825
14.045
14.265
14.48
14.705
14.72
14.915
15.155
16.08
17.925
18.415
18.865
19.075
19.25
19.46
19.825
20.33
20.535
20.74
20.765
21.0
21.21
21.655
21.705
21.95
22.12
22.41
22.545
23.245
23.44
23.515
23.835
24.2
24.46
24.945
25.24
25.395
25.76
25.885
26.16
26.355
26.815
27.265
27.725
27.755
27.98
28.19
28.635
28.97
29.095
29.12
29.335
29.555
29.765
29.98
