0.085
0.35
0.635
0.9
0.97
1.13
1.335
1.445
1.715
1.985
2.25
2.275
2.53
2.805
3.08
3.23
3.385
3.625
3.905
4.07
4.17
4.305
4.445
4.715
4.915
4.995
5.155
5.26
5.54
5.705
5.81
5.99
6.08
6.245
6.345
6.63
6.67
6.895
7.175
7.41
7.445
7.715
7.99
8.26
8.525
8.815
8.93
9.08
9.355
9.625
9.9
10.065
10.17
10.445
10.615
10.715
11.005
11.095
11.26
11.47
11.535
11.805
11.93
12.085
12.35
12.605
12.63
12.875
13.175
13.3
13.325
13.44
13.715
13.86
13.885
13.99
14.265
14.415
14.535
14.695
14.725
14.82
15.08
15.25
15.36
15.465
15.62
15.79
15.9
16.07
16.17
16.2
16.335
16.445
16.715
16.885
16.99
17.16
17.255
17.535
17.805
18.075
18.27
18.35
18.49
18.625
18.78
18.895
19.18
19.425
19.58
20.0
20.245
20.27
20.8
21.075
21.3
21.47
21.61
21.895
22.165
22.445
22.67
22.705
22.76
23.14
23.255
23.535
23.7
23.805
24.075
24.345
24.615
24.895
25.17
25.435
25.71
25.735
25.985
26.09
26.17
26.525
26.805
27.075
27.36
27.62
27.9
28.16
28.565
28.705
28.98
29.165
29.26
29.53
29.8
