0.8
0.815
1.085
1.195
1.585
2.055
2.465
2.695
3.22
3.6
3.64
4.075
4.325
4.555
4.88
5.235
5.65
6.115
6.385
6.5
6.785
7.04
7.28
7.6
8.015
8.175
8.945
9.41
9.84
10.025
10.475
10.49
10.735
10.925
11.215
11.325
11.665
11.875
12.295
12.555
13.025
13.415
13.67
13.89
14.155
14.255
14.435
14.6
14.765
14.855
15.305
15.75
15.825
16.005
16.4
16.84
17.335
17.57
17.615
17.9
18.015
18.23
18.705
18.925
19.16
19.845
19.965
20.305
20.605
20.67
20.975
22.88
23.55
24.005
24.21
24.44
24.655
24.68
24.755
25.125
25.41
25.595
25.955
26.115
26.505
26.77
26.895
26.96
27.255
27.88
28.335
28.585
28.79
29.0
29.07
29.09
