0.24
0.31
0.46
0.6
0.875
1.22
1.525
1.705
2.02
2.515
2.745
2.935
3.07
3.33
3.495
3.71
4.015
4.285
4.71
4.81
5.04
5.785
6.25
6.325
6.565
6.63
6.785
6.91
7.075
7.22
7.33
7.835
8.07
8.13
8.61
8.845
9.225
9.315
9.585
10.335
11.095
11.575
11.855
12.21
12.29
12.61
13.11
13.365
13.685
13.935
14.135
14.195
14.715
14.91
14.97
15.395
15.45
15.69
15.76
16.115
16.23
16.445
16.88
17.0
17.215
17.3
17.76
17.995
18.535
18.76
19.27
19.3
19.565
20.06
20.225
20.33
20.845
21.1
21.56
21.855
22.39
22.645
23.13
23.17
23.425
23.895
24.18
24.665
24.94
25.495
25.775
26.205
26.23
26.5
27.275
27.73
28.07
28.815
29.25
29.585
