0.245
0.545
0.695
0.805
1.095
1.255
1.27
1.375
1.68
1.835
2.105
2.24
2.41
2.535
2.685
2.835
2.98
3.105
3.22
3.39
3.675
3.97
4.105
4.4
4.53
4.69
4.825
5.065
5.105
5.23
5.385
5.67
5.955
6.26
6.39
6.41
6.555
6.69
6.805
7.115
7.26
7.4
7.55
7.685
7.945
8.25
8.51
8.565
8.69
8.845
9.0
9.105
9.28
9.395
9.695
9.865
9.965
10.25
10.41
10.53
10.845
10.98
11.135
11.275
11.39
11.565
11.685
11.835
11.98
12.135
12.175
12.255
12.545
12.685
12.81
13.125
13.27
13.38
13.56
13.68
13.85
13.975
14.275
14.415
14.54
14.74
14.825
14.98
15.105
15.375
15.395
15.545
15.7
15.85
15.965
16.265
16.43
16.56
16.69
16.835
16.955
17.11
17.25
17.39
17.73
17.845
18.15
18.26
18.43
18.56
18.835
19.0
19.125
19.4
19.695
20.0
20.13
20.28
20.315
20.425
20.545
20.705
20.835
20.985
21.15
21.255
21.29
21.4
21.57
21.7
21.86
21.975
22.295
22.42
22.58
22.715
22.825
23.01
23.12
23.43
23.58
23.69
23.975
24.265
24.565
24.695
24.82
24.865
25.12
25.275
25.415
25.56
25.7
25.85
25.865
25.985
26.27
26.555
26.865
26.995
27.14
27.29
27.44
27.715
27.89
28.13
28.28
28.56
28.85
29.19
29.285
29.44
