0.35
0.515
0.83
1.25
1.37
1.815
2.165
2.245
2.58
2.75
3.15
3.435
3.605
3.855
3.91
4.005
4.28
4.315
4.735
4.865
5.18
5.725
6.04
6.225
6.465
6.605
6.885
6.905
7.045
7.335
7.44
8.15
8.3
8.605
8.785
9.08
9.215
9.5
9.925
10.03
10.365
10.495
10.8
10.905
10.96
11.225
11.26
11.365
11.66
11.78
11.85
12.105
12.245
12.285
12.52
12.675
12.73
12.985
13.015
13.39
13.54
13.815
13.985
14.28
14.39
14.69
15.08
15.23
15.55
15.695
15.955
16.095
16.165
16.45
16.825
16.855
16.995
17.275
17.72
17.83
18.165
18.295
18.33
18.615
18.715
19.05
19.215
19.51
19.58
19.655
19.925
19.95
20.075
20.37
20.49
20.82
20.935
21.205
21.335
21.795
22.075
22.19
22.5
22.665
22.97
23.065
23.14
23.395
23.415
23.835
23.93
24.26
24.4
24.82
24.89
25.14
25.305
25.33
25.6
25.695
26.03
26.19
26.575
26.865
27.09
27.305
27.425
27.68
28.045
28.155
28.265
28.58
28.62
28.77
28.965
29.045
29.15
29.455
29.62
29.895
