0.515
0.685
0.86
1.195
1.705
2.045
2.415
2.6
2.77
2.925
3.095
3.26
3.49
3.605
3.925
4.315
4.465
4.63
4.98
5.15
5.305
5.345
5.69
5.85
6.025
6.26
6.335
6.355
6.695
7.03
7.215
7.37
7.4
7.57
7.725
7.885
7.91
8.085
8.295
8.42
8.585
8.75
8.985
9.08
9.11
9.275
9.435
9.695
9.79
9.975
10.115
10.15
10.165
10.44
10.465
10.65
10.77
10.8
11.005
11.145
11.32
11.465
11.84
11.88
12.185
12.555
12.69
12.87
13.07
13.215
13.395
13.56
13.91
14.085
14.59
14.955
15.265
15.46
15.66
15.995
16.17
16.345
16.655
17.04
17.395
17.715
17.91
17.99
18.23
18.425
18.645
18.72
18.75
18.925
19.105
19.3
19.435
19.805
20.15
20.33
20.38
20.495
20.87
21.015
21.09
21.375
21.51
21.69
21.73
21.87
22.02
22.195
22.355
22.54
23.04
23.215
23.465
23.575
23.745
23.915
24.27
24.44
24.59
24.77
24.955
25.125
25.285
25.305
25.65
25.985
26.22
26.325
26.5
26.7
27.02
27.18
27.36
27.66
27.685
27.87
28.04
28.23
28.405
28.72
29.225
29.42
29.705
29.77
