0.12
0.38
0.55
0.665
0.825
0.94
1.0
1.095
1.22
1.35
1.49
1.655
1.75
1.935
2.045
2.34
2.465
2.615
2.765
2.905
3.045
3.16
3.305
3.435
3.71
3.88
3.94
4.05
4.15
4.27
4.4
4.55
4.83
4.99
5.105
5.265
5.515
5.665
5.74
5.93
6.03
6.095
6.37
6.49
6.675
6.78
6.95
7.05
7.21
7.34
7.49
7.595
7.89
8.05
8.165
8.43
8.61
8.68
9.145
9.285
9.555
9.71
9.81
9.985
10.38
10.56
10.67
10.93
11.1
11.22
11.35
11.495
11.645
11.915
12.2
12.49
12.6
12.79
12.85
13.15
13.44
13.595
13.715
13.895
14.07
14.19
14.53
14.82
15.015
15.255
15.37
15.655
15.815
15.925
16.11
16.375
16.62
17.05
17.205
17.46
17.6
17.85
18.02
18.155
18.325
18.595
18.7
18.975
19.175
19.255
19.425
19.81
20.095
20.375
20.815
20.915
21.07
21.085
21.2
21.37
21.47
21.625
21.75
21.92
22.03
22.31
22.455
22.59
22.77
23.04
23.14
23.295
23.415
23.705
23.855
24.255
24.54
24.675
24.81
24.99
25.25
25.37
25.525
25.635
25.78
25.915
26.06
26.19
26.345
26.475
26.79
26.925
27.155
27.365
27.535
27.845
28.085
28.17
28.25
28.33
28.49
28.665
28.815
28.98
29.15
29.215
29.3
29.375
29.615
29.785
29.95
