0.37
0.92
1.065
1.4
1.61
1.745
1.985
2.285
2.43
2.775
3.1
3.46
3.795
4.15
4.475
4.685
5.015
5.15
5.365
5.515
5.695
5.835
6.025
6.205
6.53
6.585
6.885
7.22
7.55
7.77
7.915
8.265
8.595
8.945
9.285
9.495
9.83
9.855
9.97
10.175
10.305
10.495
10.64
10.845
10.915
11.0
11.34
11.52
11.595
11.705
11.86
12.025
12.2
12.365
12.7
12.9
13.075
13.26
13.385
13.595
13.73
14.065
14.415
14.745
14.955
15.285
15.425
15.63
15.755
15.96
16.0
16.285
16.3
16.395
16.765
16.97
17.135
17.455
17.655
17.845
18.145
18.34
18.545
18.705
18.835
19.035
19.18
19.38
19.505
19.87
20.195
20.415
20.595
20.735
20.885
21.11
21.27
21.425
21.585
21.775
21.9
22.445
22.475
22.82
23.045
23.08
23.235
23.28
23.58
23.905
24.14
24.21
24.295
24.47
24.505
24.62
24.955
25.525
25.65
26.0
26.34
26.905
26.92
27.05
27.4
27.73
28.1
28.415
28.795
29.115
29.32
29.64
29.805
