0.205
0.515
0.585
0.895
1.02
1.07
1.305
1.415
1.82
2.105
2.145
2.58
2.875
3.415
3.71
3.89
4.125
4.21
4.525
4.55
4.64
4.68
4.92
5.065
5.47
5.765
5.875
6.16
6.28
6.565
6.7
6.945
7.18
7.305
7.385
7.49
7.525
7.64
7.73
7.755
7.935
8.185
8.33
8.575
8.765
9.055
9.16
9.415
9.565
9.85
9.98
10.12
10.225
10.27
10.39
10.58
10.665
10.8
11.195
11.485
11.515
11.605
11.905
12.02
12.32
12.43
12.73
12.835
13.135
13.245
13.555
13.65
13.895
14.065
14.34
14.47
14.77
14.89
15.33
15.595
15.725
16.03
16.155
16.445
16.56
16.83
16.97
17.22
17.25
17.36
17.615
17.78
18.025
18.065
18.185
18.47
18.58
18.79
18.86
18.985
19.255
19.395
19.54
19.63
19.68
19.785
20.045
20.195
20.34
20.47
20.59
20.89
20.99
21.295
21.315
21.4
21.69
21.815
21.845
22.1
22.215
22.5
22.615
22.675
22.915
23.04
23.33
23.45
23.73
23.85
24.125
24.265
24.555
24.66
24.925
25.07
25.345
25.47
25.755
25.88
26.155
26.285
26.55
26.685
26.83
26.92
27.065
27.08
27.335
27.475
27.5
27.745
27.87
28.15
28.285
28.435
28.545
28.675
28.825
28.905
29.065
29.33
29.47
29.62
29.75
29.785
29.88
