0.075
0.205
0.395
0.43
0.61
0.815
0.98
1.17
1.34
1.725
1.915
2.095
2.295
2.485
2.67
2.855
3.045
3.225
3.41
3.595
3.785
3.975
4.185
4.345
4.73
4.895
5.095
5.28
5.315
5.485
5.655
5.715
5.855
6.05
6.215
6.41
6.595
6.76
6.825
6.985
7.175
7.36
7.635
7.735
7.93
8.11
8.295
8.475
8.67
8.85
9.04
9.23
9.425
9.605
9.795
9.82
9.975
10.17
10.35
10.545
10.9
10.96
11.095
11.305
11.455
11.48
11.68
11.89
12.245
12.445
12.625
12.82
13.0
13.19
13.375
13.54
13.775
13.92
14.115
14.34
14.45
14.705
14.9
15.1
15.27
15.475
15.65
15.85
16.025
16.225
16.4
16.555
16.78
17.135
17.345
17.53
17.705
17.89
18.28
18.635
18.855
19.035
19.395
19.78
19.97
20.135
20.31
20.36
20.545
20.62
20.715
20.91
21.28
21.47
21.655
21.87
22.04
22.42
22.815
23.17
23.35
23.41
23.57
23.66
23.76
23.935
24.255
24.33
24.525
24.725
24.9
25.075
25.26
25.435
25.475
25.845
26.03
26.19
26.4
26.585
26.735
26.755
26.855
26.965
27.295
27.34
27.475
27.53
27.695
27.87
28.065
28.25
28.39
28.81
28.99
29.175
29.365
29.54
29.73
29.91
