0.135
0.78
1.1
1.285
1.42
1.715
1.91
2.05
2.37
2.52
2.69
3.005
3.33
3.63
4.275
4.585
4.61
4.885
5.17
5.48
5.805
6.45
6.755
7.065
7.375
7.545
8.0
8.335
8.655
8.99
9.305
9.63
9.775
9.945
10.27
10.44
10.895
11.205
11.395
11.535
11.695
11.835
12.16
12.47
12.79
13.435
13.755
14.085
14.395
14.73
15.055
15.365
16.04
16.66
17.285
17.585
17.89
18.195
18.355
18.52
18.855
19.05
19.14
19.425
19.455
19.71
19.775
19.965
20.1
20.41
20.71
21.005
21.365
21.655
21.84
21.965
22.28
22.61
22.915
23.235
23.55
23.89
24.07
24.51
24.825
25.14
25.45
25.77
26.08
26.41
26.585
26.715
26.885
27.04
27.345
27.665
27.985
28.285
28.595
28.93
29.22
29.5
29.54
29.85
