0.185
0.41
0.645
0.86
1.085
1.315
1.535
1.765
1.985
2.215
2.44
2.665
2.77
2.89
3.12
3.34
3.445
3.565
3.79
4.02
4.245
4.475
4.665
4.92
5.155
5.59
5.82
6.28
6.49
6.555
6.72
6.95
7.18
7.4
7.625
7.855
8.09
8.28
8.31
8.535
8.755
8.985
9.205
9.405
9.44
9.5
9.655
9.89
10.13
10.33
10.54
10.785
11.235
11.485
11.685
11.925
12.135
12.36
12.595
12.695
12.81
13.045
13.17
13.26
13.495
13.635
13.73
13.76
13.94
14.195
14.39
14.705
14.845
15.045
15.22
15.295
15.53
15.745
15.97
16.25
16.42
16.65
16.85
16.875
17.1
17.35
17.505
17.555
17.785
18.005
18.37
18.455
18.9
19.235
19.35
19.57
19.86
20.03
20.26
20.705
20.91
20.945
21.15
21.165
21.445
21.61
21.84
22.065
22.18
22.29
22.405
22.515
22.785
22.96
23.19
23.42
23.64
23.87
24.085
24.32
24.54
24.765
25.015
25.22
25.665
25.92
26.125
26.355
26.39
26.565
26.8
27.035
27.175
27.25
27.46
27.67
27.7
27.925
28.055
28.155
28.375
28.605
28.835
29.085
29.28
29.52
29.735
