0.145
0.345
0.575
0.715
0.88
1.005
1.24
1.56
1.825
1.86
2.13
2.325
2.85
2.99
3.26
3.855
3.96
4.085
4.39
4.685
4.96
5.235
5.37
5.385
5.49
5.775
5.965
6.055
6.595
6.885
7.595
7.97
8.28
8.5
8.57
9.12
9.41
9.56
9.73
9.89
9.96
10.205
10.495
10.685
10.82
11.075
11.355
11.65
11.8
12.46
12.77
13.0
13.615
13.91
14.05
14.45
14.595
14.715
14.89
15.005
15.16
15.305
15.58
15.825
15.865
16.145
16.28
16.405
16.595
16.715
16.855
16.965
17.14
17.255
17.4
17.52
17.81
17.965
18.095
18.395
18.515
18.67
18.945
19.08
19.21
19.39
19.5
19.65
19.775
20.045
20.19
20.32
20.505
20.63
20.65
20.765
20.895
21.045
21.2
21.29
21.315
21.45
21.585
21.69
21.75
21.865
21.985
22.18
22.26
22.285
22.405
22.56
22.845
22.96
23.095
23.22
23.37
23.505
23.63
23.805
24.04
24.17
24.215
24.475
24.575
24.77
25.34
25.865
26.155
26.3
26.435
26.705
26.98
27.26
27.405
27.81
28.075
28.11
28.36
28.57
28.675
28.925
29.235
29.795
