1.085
1.45
1.65
1.72
2.285
2.345
2.945
3.665
3.735
4.38
4.84
4.91
5.09
5.49
5.785
6.42
6.495
6.825
7.105
7.67
8.555
9.12
9.185
9.845
10.34
10.46
10.525
10.925
11.115
11.18
11.585
11.835
12.375
12.445
13.05
13.475
13.595
14.325
14.385
15.035
15.725
16.505
17.085
17.74
17.885
17.945
18.24
18.38
19.67
19.73
20.37
20.995
21.065
21.475
21.54
21.685
21.745
22.33
22.405
22.76
22.825
23.02
23.09
23.175
23.67
23.75
24.395
25.035
25.1
25.775
26.36
26.435
26.815
27.025
27.05
27.81
28.48
28.955
29.025
29.155
