0.065
0.14
0.23
0.31
0.475
0.56
0.97
1.305
1.33
1.675
1.945
2.04
2.35
2.37
2.74
2.835
3.01
3.405
3.44
3.615
3.775
3.855
3.945
4.125
4.205
4.295
4.385
4.54
4.825
4.9
4.995
5.16
5.4
5.48
5.515
5.745
5.845
6.23
6.325
6.465
6.945
7.055
7.22
7.405
7.48
7.585
8.14
8.315
8.65
9.32
9.63
10.015
10.255
10.36
10.59
10.785
11.045
11.18
11.405
11.705
12.07
12.325
12.785
13.14
13.37
13.47
13.795
14.16
14.415
14.515
14.865
15.205
15.43
15.55
15.855
16.235
16.355
16.6
16.895
17.275
17.5
17.605
17.925
18.31
18.59
18.91
18.99
19.355
19.45
19.68
19.99
20.345
20.695
20.745
21.05
21.395
21.735
22.1
22.44
22.485
22.78
23.165
24.295
25.46
25.675
26.395
26.635
26.655
27.015
27.225
27.3
27.68
27.725
28.09
28.415
28.44
28.75
29.12
29.365
29.5
29.765
29.85
