0.235
0.405
0.485
0.735
0.98
1.215
1.49
1.985
2.25
2.445
3.0
3.24
3.745
3.99
4.24
4.495
4.74
4.99
5.25
6.005
6.25
6.405
6.5
6.75
6.975
7.255
7.32
8.005
8.035
8.25
8.495
8.535
8.745
9.0
9.03
9.225
9.255
9.51
10.005
10.265
10.505
11.015
11.51
11.765
11.98
12.26
12.445
12.51
12.755
12.845
13.01
13.27
14.02
14.27
14.505
14.76
15.015
15.27
15.515
15.755
15.97
16.26
16.515
16.765
16.855
17.02
17.275
17.49
17.54
18.025
18.275
18.57
18.77
19.77
20.015
20.27
20.525
20.775
21.025
21.28
21.745
22.035
22.28
22.525
22.775
23.025
23.285
23.775
23.9
24.03
24.28
24.535
24.77
25.03
25.295
25.535
25.6
26.29
26.535
26.78
27.03
27.32
27.6
28.045
28.285
28.39
28.49
28.79
29.05
29.295
