0.105
0.175
0.245
0.435
0.55
0.805
0.94
1.095
1.13
1.27
1.44
1.6
1.8
1.93
2.11
2.27
2.435
2.56
2.61
2.775
2.91
3.105
3.265
3.285
3.44
3.61
3.945
4.11
4.225
4.275
4.445
4.61
4.94
5.285
5.45
5.58
5.775
5.925
6.105
6.28
6.435
6.61
6.835
6.94
7.13
7.275
7.44
7.615
7.915
8.115
8.245
8.285
8.44
8.635
8.815
8.945
9.115
9.27
9.445
9.615
9.835
9.87
10.09
10.28
10.36
10.61
10.805
10.945
11.11
11.275
11.44
11.52
11.62
11.68
11.745
11.835
11.95
12.07
12.125
12.175
12.285
12.365
12.675
12.79
12.95
12.98
13.17
13.28
13.465
13.635
13.785
13.945
14.145
14.285
14.455
14.48
14.615
14.865
14.95
14.98
15.135
15.335
15.465
15.62
15.825
15.95
16.12
16.395
16.455
16.56
16.62
16.705
16.835
16.945
17.12
17.275
17.41
17.485
17.525
17.615
17.915
18.095
18.265
18.46
18.62
18.755
18.83
18.945
19.12
19.145
19.285
19.465
19.615
19.8
19.93
20.12
20.285
20.44
20.68
20.775
20.955
21.1
21.19
21.285
21.48
21.62
21.79
21.95
21.99
22.28
22.445
22.615
22.83
22.955
23.165
23.25
23.295
23.455
23.625
23.795
23.955
24.13
24.29
24.455
24.62
24.81
24.955
25.17
25.255
25.29
25.485
25.615
26.105
26.295
26.43
26.615
26.8
26.94
27.12
27.215
27.49
27.605
27.665
27.785
27.825
28.105
28.26
28.485
28.63
28.795
28.955
29.125
29.265
29.435
29.59
29.79
29.96
