0.115
0.64
0.955
1.235
1.68
1.81
2.425
2.99
4.16
4.41
4.49
4.77
4.855
5.025
5.285
5.575
6.19
6.475
6.735
7.645
7.92
8.51
9.315
9.395
9.605
9.98
10.055
10.255
10.375
10.585
10.86
11.43
11.735
12.015
12.28
12.62
12.88
13.165
13.48
14.045
14.075
14.35
14.81
14.99
15.185
15.63
16.335
16.615
16.965
17.255
18.125
18.145
18.705
18.795
19.31
19.615
19.905
20.18
21.035
21.39
21.655
21.95
22.385
22.525
22.805
23.06
23.385
23.47
23.915
24.08
24.205
24.405
24.5
24.61
24.835
25.065
25.265
25.38
26.285
26.585
27.13
27.625
27.735
27.975
28.53
28.63
28.84
28.99
29.94
29.965
