0.16
0.37
0.575
0.865
0.95
1.215
1.35
1.735
2.15
2.53
2.935
3.14
3.325
3.535
3.795
4.12
4.4
4.525
4.905
5.11
5.25
5.31
5.695
5.935
6.105
6.305
6.495
6.7
6.89
6.915
7.285
7.585
7.695
8.08
8.24
8.41
8.495
8.66
8.87
8.9
9.285
9.49
9.66
9.875
10.04
10.08
10.455
10.675
10.78
10.88
11.245
11.68
12.035
12.47
12.66
12.83
13.26
13.62
14.005
14.415
14.85
14.9
15.21
15.395
15.62
15.83
16.0
16.19
16.21
16.405
16.62
16.645
16.795
16.93
17.205
17.585
18.015
18.37
18.625
18.795
18.995
19.165
19.38
19.58
19.79
19.965
20.195
20.375
20.39
20.755
21.185
21.395
21.54
21.59
21.77
21.965
22.145
22.34
22.555
22.745
22.77
22.94
23.135
23.54
23.745
23.93
24.14
24.34
24.545
24.71
24.74
24.935
25.13
25.33
25.51
25.72
25.905
26.295
26.315
26.715
26.93
26.95
27.095
27.515
27.715
27.88
28.3
28.505
28.68
28.885
29.09
29.485
