0.1
0.27
0.29
0.64
0.79
1.07
1.165
1.345
1.695
1.86
2.24
2.41
2.755
2.8
2.94
3.32
3.525
3.875
3.9
4.35
4.425
4.565
4.95
5.095
5.205
5.34
5.615
5.635
5.75
5.835
5.925
6.01
6.19
6.355
6.695
6.755
7.055
7.16
7.71
8.085
8.275
8.44
8.725
8.845
8.915
9.28
9.48
9.855
9.99
10.05
10.395
10.57
10.785
10.95
11.075
11.125
11.475
11.625
11.645
12.04
12.165
12.72
13.12
13.265
13.61
13.68
13.965
14.355
14.505
14.57
14.755
14.89
15.09
15.145
15.3
15.37
15.975
16.05
16.39
16.41
16.525
16.9
17.07
17.1
17.46
17.495
17.62
18.04
18.17
18.2
18.545
18.705
19.085
19.1
19.25
19.345
19.485
19.635
19.79
19.845
20.18
20.405
20.725
20.89
21.14
21.26
21.3
21.42
21.805
21.965
22.37
22.525
22.94
23.12
23.27
23.42
23.47
23.805
24.025
24.05
24.2
24.605
24.745
25.125
25.29
25.325
25.525
25.685
26.25
26.795
26.95
27.32
27.46
27.505
27.75
27.87
28.27
28.43
28.61
28.985
29.135
29.53
29.695
