0.21
0.465
0.61
0.735
1.0
1.265
1.52
1.79
1.93
2.055
2.33
2.505
2.585
2.855
3.12
3.38
3.64
3.905
4.05
4.17
4.445
4.575
4.705
4.975
5.235
5.5
5.755
6.01
6.03
6.29
6.565
6.815
7.07
7.355
7.62
7.875
7.905
8.14
8.285
8.425
8.68
8.935
9.075
9.205
9.47
9.735
9.99
10.26
10.525
10.8
11.045
11.33
11.59
11.855
12.11
12.25
12.515
12.64
12.79
12.905
13.165
13.31
13.435
13.57
13.7
13.885
13.965
14.225
14.49
14.625
14.75
15.015
15.155
15.29
15.43
15.55
15.82
16.085
16.34
16.61
16.74
16.87
17.035
17.145
17.28
17.4
17.575
17.67
17.805
17.935
18.2
18.455
18.73
18.865
18.99
19.01
19.255
19.52
19.66
19.79
20.055
20.32
20.45
20.575
20.85
20.985
21.11
21.375
21.515
21.635
21.905
22.035
22.165
22.43
22.69
22.825
22.955
23.095
23.22
23.49
23.625
23.75
24.02
24.285
24.55
24.81
25.075
25.21
25.34
25.61
25.745
25.87
26.01
26.14
26.405
26.59
26.67
26.85
26.935
27.2
27.46
27.725
27.99
28.13
28.26
28.525
28.79
29.05
29.315
29.58
