0.5
0.895
1.105
1.315
1.73
2.17
2.38
2.58
3.015
3.035
3.265
3.475
3.805
3.875
4.315
4.57
4.765
5.16
5.575
5.915
6.2
6.395
6.46
6.675
6.91
7.11
7.32
7.5
7.755
7.93
8.175
8.385
8.59
8.805
9.025
9.045
9.235
9.455
9.88
10.09
10.32
10.51
10.755
10.965
11.19
11.205
11.395
11.615
11.835
12.055
12.26
12.465
12.66
13.045
13.08
13.31
13.495
13.725
13.915
14.145
14.365
14.585
14.785
15.01
15.215
15.44
15.655
15.865
15.89
16.085
16.295
16.705
16.925
17.18
17.36
17.575
17.81
18.025
18.04
18.21
18.44
18.655
18.875
19.085
19.27
19.465
19.86
19.885
20.105
20.315
20.545
20.75
20.985
21.185
21.415
21.64
21.825
22.03
22.255
22.46
22.67
22.885
23.1
23.51
23.725
23.95
24.145
24.375
24.585
24.8
25.015
25.225
25.455
25.65
25.865
26.065
26.26
26.66
26.89
27.09
27.315
27.515
27.755
27.965
28.19
28.39
28.615
28.815
29.04
29.23
29.46
29.68
