0.045
0.235
0.58
1.22
1.86
2.215
2.5
2.83
3.095
3.65
3.785
3.835
4.155
4.445
4.81
5.09
5.41
6.345
7.01
7.345
7.66
7.97
8.0
8.03
8.22
8.295
8.51
8.545
8.915
9.325
9.39
9.64
9.78
9.825
9.95
10.085
10.25
10.58
10.925
11.565
12.205
12.27
12.575
13.145
13.425
13.44
13.56
13.78
14.16
14.655
14.735
14.82
14.93
15.015
15.19
15.5
15.85
16.03
16.14
16.585
16.81
17.455
18.115
18.155
18.45
18.52
18.79
18.91
19.02
19.4
19.63
19.81
20.08
20.13
20.275
20.44
20.72
20.805
21.055
21.39
22.025
22.685
22.745
23.045
23.355
23.705
24.02
24.225
24.535
24.635
25.31
25.61
25.975
26.295
26.59
27.265
27.31
27.965
28.07
28.665
28.925
29.055
29.555
29.925
