0.1
0.435
0.485
0.605
0.8
0.84
0.955
1.075
1.14
1.43
2.525
2.6
2.68
2.715
3.05
3.21
3.53
3.695
3.94
4.0
4.165
4.32
4.46
4.6
4.805
4.86
5.07
5.45
5.565
5.95
6.09
6.415
6.555
6.715
6.88
7.035
7.055
7.25
7.41
7.54
7.87
7.92
8.02
8.335
8.525
8.735
8.89
9.0
9.23
9.325
9.49
9.85
9.96
10.135
10.28
10.455
10.705
10.925
11.275
11.41
11.65
11.78
11.895
12.19
12.25
12.395
12.6
12.745
12.875
13.215
13.385
13.605
13.705
13.86
14.005
14.045
14.335
14.605
14.705
14.82
15.175
15.31
15.655
15.795
16.16
16.215
16.285
16.625
16.655
16.77
17.14
17.265
17.42
17.58
17.755
18.11
18.24
18.545
18.715
19.09
19.235
19.52
19.57
19.695
19.725
20.02
20.16
20.2
20.525
20.665
21.055
21.175
21.56
21.675
22.065
22.165
22.18
22.57
22.665
22.685
22.995
23.05
23.17
23.485
23.665
24.03
24.15
24.535
24.65
24.955
25.035
25.155
25.535
25.645
26.03
26.14
26.525
26.65
26.685
27.025
27.15
27.47
27.54
27.66
28.02
28.155
28.47
28.51
28.65
28.7
29.02
29.145
29.185
29.515
29.64
