0.175
0.46
0.715
0.995
1.245
1.54
1.775
1.96
2.055
2.32
2.6
2.84
3.13
3.375
3.66
3.9
4.185
4.44
4.675
4.695
4.985
5.035
5.25
5.38
5.515
5.78
6.055
6.32
6.575
6.595
6.855
7.11
7.365
7.415
7.645
7.665
7.915
8.18
8.45
8.7
8.975
9.135
9.225
9.25
9.5
9.765
10.035
10.295
10.565
10.815
11.075
11.34
11.61
11.855
12.135
12.39
12.66
12.91
13.185
13.435
13.725
13.745
13.97
14.24
14.495
14.765
14.795
14.995
15.27
15.52
15.535
15.8
16.05
16.335
16.595
16.86
17.105
17.385
17.45
17.64
17.91
17.95
18.165
18.44
18.69
18.965
19.21
19.495
19.745
20.02
20.265
20.55
20.795
21.07
21.33
21.59
21.855
22.115
22.37
22.64
22.9
23.17
23.45
23.7
23.97
24.235
24.49
24.765
25.015
25.29
25.545
25.815
26.065
26.35
26.61
26.89
27.14
27.41
27.69
27.96
28.21
28.395
28.485
28.735
29.015
29.035
29.175
29.2
29.37
29.635
29.89
