0.295
0.595
0.825
0.85
1.05
1.085
1.305
1.525
1.775
1.995
2.22
2.25
2.455
2.62
2.695
2.825
2.93
3.095
3.4
3.655
3.875
4.105
4.33
4.555
4.585
4.795
5.05
5.26
5.51
5.735
5.965
6.195
6.43
6.57
6.67
6.84
7.045
7.115
7.375
7.405
7.595
7.82
8.045
8.285
8.51
8.75
8.975
9.22
9.275
9.44
9.575
9.665
9.885
10.135
10.35
10.6
10.81
11.06
11.125
11.285
11.515
11.725
11.975
12.205
12.445
12.665
12.905
13.125
13.36
13.58
13.825
14.045
14.28
14.495
14.755
14.97
15.215
15.43
15.675
15.895
16.345
16.585
16.805
17.015
17.055
17.285
17.32
17.515
17.735
17.77
17.965
18.08
18.195
18.415
18.64
19.08
19.555
20.01
20.26
20.49
20.71
20.945
21.175
21.42
21.67
21.865
22.11
22.22
22.315
22.57
22.795
23.265
23.51
23.73
23.97
24.185
24.42
24.54
24.66
24.87
25.025
25.105
25.34
25.535
25.555
25.76
25.99
26.455
26.705
26.92
27.38
27.62
27.835
28.075
28.295
28.58
28.705
28.765
29.02
29.21
29.44
29.675
29.7
