0.43
0.615
0.795
0.985
1.17
1.56
1.905
2.26
2.28
2.645
3.015
3.075
3.38
3.58
3.765
3.95
4.09
4.29
4.52
4.645
4.815
5.16
5.52
5.815
5.905
5.925
6.115
6.265
6.46
6.625
7.01
7.285
7.39
7.65
7.735
8.105
8.475
8.685
8.75
8.85
8.925
9.1
9.215
9.41
9.59
9.955
10.065
10.13
10.28
10.335
10.575
10.685
11.035
11.08
11.43
11.735
12.035
12.17
12.36
12.535
12.78
12.91
13.17
13.27
13.63
13.99
14.37
14.565
14.725
14.825
15.005
15.11
15.285
15.305
15.465
15.505
15.86
15.935
16.04
16.15
16.2
16.4
16.58
16.925
17.31
17.39
17.59
17.625
17.69
17.925
18.055
18.255
18.41
18.69
18.795
18.85
19.055
19.17
19.455
19.525
19.89
20.275
20.49
20.64
20.74
20.92
21.01
21.19
21.225
21.375
21.74
21.875
22.085
22.125
22.48
22.835
23.215
23.315
23.48
23.805
23.83
23.94
24.13
24.155
24.35
24.555
24.72
24.925
25.065
25.405
25.765
26.135
26.275
26.32
26.35
26.505
26.755
26.795
26.86
27.025
27.075
27.23
27.265
27.545
27.655
27.875
27.985
28.15
28.31
28.495
28.675
29.03
