0.205
0.695
1.13
1.405
1.64
1.885
2.125
2.355
2.59
3.075
3.59
4.05
4.545
4.855
5.025
5.245
5.495
5.99
6.485
6.88
7.215
7.42
7.645
7.905
8.13
8.395
8.63
8.86
9.1
9.335
9.58
9.82
10.325
10.59
10.805
11.29
11.45
11.535
12.075
12.235
12.485
12.72
12.965
13.2
13.455
13.645
14.175
14.405
14.655
15.135
15.385
15.615
16.09
16.325
16.565
17.045
17.275
17.445
17.52
18.015
18.25
18.475
18.725
18.955
19.12
19.43
19.93
20.17
20.405
20.65
20.89
21.15
21.86
22.35
22.56
22.815
23.06
23.55
23.81
23.83
23.97
24.285
24.755
24.93
25.035
25.73
26.215
26.32
26.63
26.69
26.885
27.645
28.12
28.39
28.615
29.575
29.69
29.79
