0.085
0.125
0.52
0.81
0.955
1.37
1.81
2.11
2.23
2.43
2.52
2.665
3.085
3.51
3.8
3.93
4.215
4.365
4.635
4.775
4.93
5.21
5.52
5.635
6.05
6.205
6.37
6.445
6.755
6.91
7.295
7.335
7.64
7.76
7.92
8.08
8.185
8.615
8.905
8.92
9.05
9.92
10.08
10.2
10.75
10.78
11.47
11.63
11.91
12.065
12.32
12.49
12.775
12.93
13.23
13.37
13.645
14.21
14.23
14.505
14.645
14.935
15.075
15.375
15.815
15.935
16.215
16.8
17.095
17.23
17.49
17.66
17.96
18.09
18.36
18.52
18.795
19.21
19.38
19.64
19.86
19.935
20.225
20.49
20.64
20.68
21.075
21.335
21.49
21.505
21.765
21.905
22.205
22.355
22.635
22.775
23.22
23.345
23.49
23.63
23.895
24.065
24.34
24.49
24.77
25.2
25.335
25.595
25.76
26.035
26.185
26.445
26.615
26.72
26.82
27.03
27.31
27.48
27.765
27.875
28.31
28.35
28.475
28.595
28.735
29.165
29.455
29.6
29.905
