0.335
0.835
1.185
1.355
1.745
2.115
2.67
3.115
3.615
3.955
4.33
4.775
5.265
5.765
5.79
6.03
6.055
6.235
6.66
7.005
7.435
7.61
7.93
8.325
8.53
8.765
8.94
9.235
9.36
9.66
10.255
10.565
10.755
11.045
11.92
12.475
12.91
12.985
13.235
13.835
14.125
14.295
14.63
14.76
15.07
15.225
15.525
15.675
15.95
16.525
16.98
17.43
17.735
17.865
18.26
18.33
18.63
18.775
19.205
19.54
20.1
20.12
20.42
20.56
20.985
21.275
21.875
22.135
22.315
22.61
22.655
23.09
23.53
24.42
24.59
24.83
25.02
25.405
25.75
26.29
26.625
27.075
27.175
27.24
27.36
27.61
27.68
28.055
28.375
28.415
28.62
