0.07
0.295
0.48
0.76
0.955
1.11
1.38
1.68
1.7
1.98
2.28
2.38
2.66
2.75
2.86
3.04
3.18
3.34
3.475
3.78
4.075
4.38
4.555
4.675
4.99
5.155
5.515
5.735
5.86
6.155
6.44
6.475
6.745
6.945
7.045
7.37
7.515
7.535
7.825
7.95
8.135
8.24
8.425
8.535
8.86
9.12
9.42
9.74
9.885
9.91
9.995
10.32
10.415
10.49
10.615
10.68
10.77
10.905
11.205
11.22
11.545
11.79
12.095
12.255
12.39
12.41
12.56
12.655
12.855
12.885
12.98
13.275
13.57
13.73
13.855
13.88
14.15
14.315
14.455
14.485
14.635
14.765
14.92
15.205
15.33
15.355
15.495
15.64
15.93
16.1
16.22
16.395
16.52
16.835
17.005
17.125
17.415
17.71
18.01
18.225
18.31
18.595
18.91
19.215
19.375
19.43
19.625
19.645
19.8
20.085
20.355
20.42
20.675
20.975
21.13
21.27
21.29
21.53
21.565
21.73
22.055
22.17
22.345
22.45
22.63
22.765
23.045
23.065
23.35
23.65
23.965
24.115
24.415
24.63
24.705
24.835
25.13
25.315
25.425
25.465
25.685
25.885
26.02
26.32
26.475
26.61
26.87
26.9
27.09
27.21
27.495
27.79
28.095
28.385
28.4
28.715
28.86
28.98
29.175
29.275
29.46
29.54
29.885
