0.655
1.185
1.485
1.615
2.65
2.91
3.09
3.47
3.665
3.945
4.175
4.645
4.92
5.105
5.13
5.635
5.91
6.145
6.64
7.135
7.635
7.85
8.395
8.63
9.02
9.605
9.885
10.12
10.41
10.665
10.925
11.165
11.385
11.64
11.8
11.86
12.39
12.62
12.885
13.13
13.405
13.62
13.87
14.61
14.645
14.89
15.065
15.11
15.615
15.845
16.605
16.98
17.105
17.585
17.61
18.08
18.265
18.61
18.865
19.11
19.34
19.6
19.79
20.57
21.025
21.085
21.565
21.865
22.095
22.56
23.045
23.435
23.56
23.59
23.83
24.035
24.455
24.565
24.84
25.0
25.065
25.56
25.815
26.075
26.565
26.825
27.02
27.055
27.5
27.825
28.025
28.57
29.085
29.57
