0.16
0.34
0.525
0.925
1.35
1.7
2.475
2.86
3.05
3.22
3.615
3.635
4.0
4.39
4.77
5.16
5.555
5.93
6.31
6.715
7.09
7.47
7.845
8.635
9.005
9.215
9.395
9.8
10.175
10.58
10.96
11.35
11.73
12.13
12.505
12.85
13.28
13.415
13.6
13.69
14.065
14.47
14.855
14.87
15.25
15.405
15.64
15.82
16.02
16.415
16.805
17.185
17.58
17.975
18.36
18.55
18.75
19.135
19.53
19.74
19.835
19.935
20.29
20.685
21.07
21.465
21.64
21.79
21.85
22.23
22.61
22.99
23.385
23.785
24.16
24.41
24.56
24.745
24.915
24.95
25.33
25.52
26.11
26.135
26.49
26.54
26.895
27.29
27.665
27.86
28.045
28.435
28.77
28.825
29.11
29.57
