0.135
0.335
0.37
0.515
0.765
0.89
1.04
1.115
1.18
1.3
1.55
1.755
1.99
2.105
2.285
2.39
2.505
2.54
2.705
2.87
2.93
3.15
3.29
3.54
3.94
4.09
4.38
4.745
4.91
5.075
5.165
5.535
5.725
5.96
6.365
6.505
6.785
6.905
7.185
7.325
7.58
7.7
7.985
8.115
8.35
8.46
8.54
8.625
8.76
8.92
9.17
9.31
9.545
9.58
9.695
9.915
9.98
10.4
10.61
10.895
11.035
11.165
11.29
11.575
11.69
11.995
12.38
12.5
12.76
13.015
13.16
13.285
13.57
13.685
13.945
14.075
14.3
14.605
14.75
14.885
15.18
15.56
15.685
15.945
16.165
16.345
16.48
16.785
16.87
17.145
17.265
17.505
17.565
17.815
17.975
18.07
18.12
18.335
18.72
19.125
19.23
19.28
19.44
19.545
19.65
19.96
20.06
20.31
20.435
20.605
20.695
20.835
21.025
21.09
21.235
21.485
21.635
21.865
22.31
22.7
22.845
23.11
23.245
23.41
23.5
23.615
23.805
23.9
23.975
24.265
24.405
24.705
25.09
25.465
25.855
25.99
26.205
26.265
26.39
26.67
26.785
27.05
27.155
27.395
27.46
27.57
27.805
27.875
27.89
27.965
28.145
28.24
28.645
28.75
28.77
28.985
29.065
29.155
29.29
29.42
29.825
