0.32
0.63
0.825
0.93
1.24
1.345
1.535
1.83
2.145
2.445
2.755
2.98
3.245
3.335
3.67
3.95
4.2
4.525
4.56
4.595
5.17
5.195
5.355
5.63
5.81
6.135
6.3
6.445
6.615
6.715
6.995
7.035
7.055
7.345
7.45
7.64
8.245
8.545
8.705
8.885
9.055
9.47
9.8
10.095
10.44
10.64
10.735
11.04
11.24
11.345
11.61
11.695
11.98
12.29
12.57
12.885
13.085
13.175
13.79
14.095
14.295
14.415
15.0
15.21
15.31
15.465
15.635
15.915
16.21
16.375
16.515
16.62
16.815
17.12
17.41
17.455
17.705
17.91
18.02
18.32
18.435
18.615
18.895
19.195
19.25
19.5
19.8
20.13
20.725
21.01
21.615
21.665
21.99
22.26
22.565
22.685
22.82
23.09
23.3
23.39
23.455
23.735
24.035
24.315
24.635
25.22
25.49
25.795
26.09
26.4
26.715
26.735
26.995
27.305
27.605
27.925
28.115
28.23
28.485
28.515
28.69
28.79
29.375
29.465
29.685
29.98
