0.16
0.45
0.72
1.035
1.315
1.63
1.845
1.955
2.2
2.515
2.55
2.74
2.805
2.985
3.135
3.235
3.39
3.69
3.98
4.275
4.565
4.84
4.88
5.015
5.16
5.47
5.75
6.045
6.335
6.61
6.925
7.205
7.515
7.805
8.005
8.095
8.385
8.685
8.89
9.275
9.6
9.735
9.865
10.165
10.18
10.445
10.745
11.035
11.42
11.625
11.93
12.215
12.51
12.77
12.8
13.1
13.395
13.675
13.98
14.285
14.425
14.495
14.57
14.875
15.15
15.42
15.455
15.745
16.085
16.21
16.335
16.635
16.92
17.21
17.515
17.805
18.1
18.42
18.695
18.995
19.275
19.565
19.875
20.15
20.175
20.455
20.76
21.04
21.325
21.635
21.925
22.215
22.52
22.8
23.0
23.12
23.39
23.69
23.845
23.98
24.275
24.56
24.86
25.15
25.45
25.75
26.04
26.34
26.455
26.63
26.65
26.925
27.22
27.515
27.82
28.105
28.385
28.685
28.915
29.01
29.27
29.56
