0.065
0.2
0.41
0.575
0.95
1.14
1.33
1.7
1.9
2.08
2.285
2.46
2.645
2.835
3.015
3.21
3.4
3.585
3.97
4.165
4.33
4.425
4.725
4.91
5.085
5.11
5.48
5.67
5.855
6.07
6.235
6.43
6.59
6.62
6.845
6.99
7.205
7.365
7.41
7.75
7.795
7.945
7.965
8.12
8.34
8.5
8.685
8.885
9.12
9.255
9.455
9.635
9.88
10.015
10.39
10.765
10.96
10.985
11.155
11.32
11.525
11.715
11.9
12.14
12.275
12.475
12.66
13.04
13.235
13.415
13.795
13.99
14.17
14.365
14.545
14.745
14.935
15.13
15.145
15.29
15.305
15.51
15.96
16.065
16.445
16.815
17.01
17.19
17.395
17.57
17.765
17.945
18.165
18.32
18.7
19.07
19.45
19.7
19.825
20.16
20.205
20.4
20.505
20.585
20.69
20.79
20.88
20.975
21.07
21.165
21.265
21.35
21.625
21.705
22.085
22.28
22.47
22.85
23.04
23.235
23.615
23.81
23.995
24.38
24.565
24.755
25.14
25.335
25.525
25.7
25.91
26.09
26.28
26.67
26.86
27.05
27.43
27.62
27.815
28.005
28.19
28.38
28.565
28.785
28.94
29.1
29.325
29.52
29.7
29.88
