0.08
0.23
0.45
0.615
0.975
1.255
1.395
1.42
1.485
1.605
1.8
2.005
2.185
2.585
2.79
2.98
3.18
3.75
4.15
4.36
4.535
4.815
4.9
4.925
5.32
5.51
5.72
5.945
6.105
6.32
6.505
6.71
6.88
6.905
7.305
7.495
7.695
7.885
7.925
8.465
8.715
8.755
8.895
9.25
9.45
9.49
10.04
10.42
10.62
10.82
11.0
11.61
11.8
12.025
12.38
12.585
12.61
12.805
13.17
13.38
13.54
13.57
13.72
13.93
13.95
14.15
14.165
14.71
15.125
15.145
15.505
15.715
15.935
16.29
16.71
17.06
17.315
17.48
17.665
17.7
17.835
18.085
18.62
18.815
18.875
19.005
19.215
19.24
19.385
19.62
19.715
19.785
20.19
20.405
20.56
20.975
21.375
21.63
21.76
21.97
22.155
22.355
22.525
22.595
22.76
23.145
23.53
23.685
23.705
24.1
24.3
24.51
24.725
24.86
25.075
25.255
25.63
26.005
26.045
26.425
26.65
26.84
27.215
27.44
27.6
28.025
28.215
28.395
28.61
28.79
28.995
29.17
29.195
