0.11
0.45
0.575
0.74
1.04
1.205
1.37
1.525
1.68
1.825
1.975
2.0
2.28
2.33
2.435
2.625
2.67
2.96
3.115
3.27
3.6
3.745
3.91
4.045
4.215
4.365
4.525
4.675
4.72
4.82
5.15
5.5
5.675
5.785
5.845
6.15
6.17
6.31
6.48
6.6
6.79
6.935
7.1
7.26
7.41
7.565
7.74
8.085
8.22
8.405
8.74
8.88
9.06
9.185
9.365
9.525
9.675
10.005
10.32
10.66
10.805
10.985
11.3
11.455
11.625
11.755
11.92
12.085
12.245
12.405
12.565
12.895
12.92
13.24
13.38
13.555
13.75
13.87
14.04
14.2
14.345
14.51
14.69
14.84
15.045
15.155
15.5
15.82
15.965
16.14
16.45
16.465
16.61
16.785
16.935
17.1
17.265
17.43
17.74
17.915
18.05
18.4
18.55
18.725
19.06
19.195
19.375
19.54
19.67
19.835
20.005
20.305
20.5
20.64
20.66
20.98
21.12
21.3
21.46
21.62
21.77
22.095
22.26
22.41
22.575
22.765
22.905
23.07
23.24
23.575
23.715
23.755
23.9
24.215
24.385
24.53
24.69
24.85
25.015
25.175
25.34
25.5
25.825
26.16
26.335
26.485
26.525
26.8
26.855
26.97
27.16
27.3
27.47
27.63
27.805
27.97
28.15
28.315
28.455
28.8
28.93
29.105
29.415
29.45
29.585
29.765
29.895
