0.36
0.6
0.735
0.83
0.975
1.215
1.31
1.545
1.795
2.02
2.255
2.535
2.64
2.73
2.875
2.98
3.11
3.21
3.445
3.685
3.92
4.155
4.4
4.535
4.635
5.015
5.115
5.255
5.345
5.595
5.83
6.06
6.3
6.435
6.535
6.785
6.91
7.015
7.245
7.39
7.49
7.725
7.96
8.195
8.34
8.435
8.81
8.91
9.15
9.295
9.39
9.63
9.86
10.1
10.235
10.335
10.475
10.59
10.715
10.81
11.05
11.295
11.535
11.76
11.915
12.025
12.145
12.24
12.49
12.62
12.72
12.855
12.95
13.1
13.195
13.43
13.665
13.905
14.04
14.14
14.39
14.52
14.615
14.85
14.995
15.095
15.335
15.565
15.8
15.945
16.04
16.29
16.42
16.515
16.755
16.895
17.0
17.035
17.23
17.465
17.71
17.845
17.94
18.08
18.185
18.315
18.415
18.66
18.895
19.145
19.37
19.52
19.635
19.75
19.84
20.225
20.325
20.46
20.56
20.7
20.8
21.04
21.07
21.27
21.515
21.645
21.75
21.885
21.975
22.22
22.46
22.605
22.7
22.865
22.94
23.175
23.41
23.555
23.65
23.79
23.9
24.125
24.27
24.36
24.5
24.605
24.845
25.075
25.295
25.46
25.555
25.69
25.79
26.02
26.17
26.265
26.405
26.5
26.745
26.975
27.275
27.355
27.455
27.595
27.69
27.925
28.07
28.17
28.315
28.4
28.65
28.88
29.265
29.355
29.56
29.83
