0.28
0.55
0.845
0.9
1.13
1.15
1.255
1.46
1.54
1.56
1.915
1.975
2.21
2.425
2.535
2.835
3.065
3.3
3.66
3.865
3.9
4.09
4.195
4.28
4.49
4.545
4.715
5.35
5.545
5.725
5.77
5.855
6.155
6.18
6.4
6.69
6.8
6.91
7.0
7.03
7.21
7.45
7.495
7.51
7.875
8.115
8.29
8.455
8.66
8.68
8.885
9.29
9.47
9.585
9.73
9.97
10.1
10.335
10.555
10.76
10.825
11.03
11.205
11.365
11.485
11.67
11.985
12.205
12.44
12.605
12.63
12.835
12.965
13.045
13.235
13.355
13.475
13.905
14.125
14.475
14.66
14.695
14.995
15.505
15.745
15.925
16.115
16.335
16.665
16.975
17.17
17.41
17.485
17.57
17.7
17.815
17.91
18.0
18.31
18.41
18.845
19.135
19.225
19.46
19.595
19.69
19.89
19.975
20.08
20.285
20.345
20.48
20.74
20.89
21.11
21.3
21.56
21.635
21.73
21.915
21.94
22.135
22.305
22.34
22.46
22.565
22.725
22.75
22.81
22.98
23.215
23.35
23.815
24.115
24.14
24.255
24.41
24.525
24.67
24.905
25.03
25.09
25.235
25.31
25.69
25.775
26.065
26.29
26.595
26.69
26.885
27.14
27.415
27.515
27.72
27.825
27.96
28.195
28.355
28.55
28.8
28.975
29.355
29.47
29.595
