0.295
0.515
0.735
1.165
1.385
1.6
2.025
2.245
2.475
2.89
3.1
3.32
3.75
3.975
4.175
4.4
4.63
4.835
5.04
5.28
5.485
5.695
5.92
6.355
6.57
6.8
7.235
7.435
7.66
7.865
7.88
8.11
8.31
8.535
8.985
9.195
9.415
9.865
10.08
10.29
10.73
10.95
11.16
11.365
11.575
11.795
12.0
12.265
12.44
12.66
12.875
13.315
13.53
13.735
14.6
15.045
15.255
15.46
15.76
15.91
16.125
16.36
16.79
17.01
17.23
17.465
17.67
17.895
18.09
18.11
18.325
18.53
18.745
18.965
19.39
19.615
19.835
20.065
20.26
20.485
20.71
20.925
21.135
21.345
21.555
21.785
21.965
21.99
22.215
22.415
22.44
22.645
22.86
23.085
23.28
23.31
23.725
23.94
24.14
24.595
24.81
25.035
25.47
25.705
25.905
26.35
26.55
26.775
27.195
27.4
27.625
28.07
28.3
28.515
28.955
29.14
29.185
29.39
