0.315
0.51
0.855
1.035
1.19
1.4
1.555
1.875
1.93
2.08
2.34
2.42
2.61
2.94
3.135
3.48
3.665
4.0
4.185
4.485
4.535
4.705
4.87
5.03
5.225
5.57
5.745
6.08
6.26
6.345
6.565
6.745
6.795
7.115
7.29
7.625
7.83
8.075
8.15
8.355
8.645
8.835
9.145
9.225
9.385
9.41
9.65
9.675
9.825
9.915
9.935
10.26
10.415
10.755
10.92
11.25
11.425
11.77
11.96
12.255
12.495
12.515
12.835
12.9
13.025
13.26
13.33
13.355
13.535
13.825
14.065
14.34
14.37
14.55
14.62
14.865
14.99
15.09
15.305
15.435
15.605
15.94
16.145
16.425
16.51
16.665
16.99
17.03
17.125
17.19
17.22
17.535
17.725
18.06
18.265
18.45
18.6
18.775
19.02
19.14
19.18
19.315
19.59
19.655
19.845
20.19
20.36
20.535
20.66
20.875
21.225
21.4
21.615
21.74
21.925
22.24
22.435
22.755
22.975
23.22
23.32
23.475
23.545
23.62
23.805
24.01
24.325
24.54
24.84
25.055
25.085
25.4
25.565
25.88
26.08
26.365
26.605
26.925
27.115
27.405
27.62
27.82
27.915
28.13
28.19
28.4
28.485
28.665
28.845
28.995
29.16
29.19
29.75
