0.31
0.48
0.785
0.95
1.25
1.415
1.72
1.9
2.185
2.355
2.665
2.84
3.145
3.315
3.615
3.79
4.095
4.255
4.565
4.735
5.025
5.205
5.515
5.695
5.845
5.985
6.135
6.285
6.43
6.61
6.635
6.9
7.075
7.38
7.55
7.855
8.02
8.33
8.525
8.805
8.97
9.28
9.445
9.755
9.915
10.23
10.395
10.68
10.86
11.17
11.33
11.65
11.805
12.115
12.285
12.6
12.755
13.07
13.235
13.535
13.69
14.005
14.17
14.465
14.64
14.95
15.115
15.42
15.585
15.885
16.085
16.35
16.52
16.825
16.99
17.285
17.455
17.76
17.93
18.23
18.395
18.71
18.875
19.17
19.34
19.65
19.81
20.115
20.285
20.59
20.76
20.975
21.055
21.22
21.54
21.71
22.0
22.175
22.48
22.655
22.955
23.115
23.435
23.6
23.91
24.075
24.38
24.545
24.835
25.01
25.31
25.49
25.775
25.965
26.26
26.315
26.425
26.725
26.89
27.205
27.375
27.675
27.85
28.15
28.325
28.615
28.795
29.09
29.26
29.56
29.725
