0.675
0.71
0.87
0.9
1.14
1.205
1.29
1.55
1.905
1.93
2.235
2.575
2.62
2.935
3.24
3.575
3.86
4.19
4.495
4.69
4.805
4.955
5.115
5.42
5.705
5.79
5.825
6.005
6.135
6.225
6.35
6.675
6.74
6.87
7.01
7.15
7.34
7.545
7.81
7.95
8.265
8.6
8.895
9.18
9.205
9.515
9.825
9.985
10.005
10.135
10.445
10.72
10.77
10.95
11.1
11.15
11.37
11.58
11.615
11.835
12.0
12.135
12.345
12.575
12.62
12.845
12.95
13.225
13.255
13.43
13.575
13.89
14.175
14.205
14.5
14.8
15.01
15.12
15.285
15.44
15.48
15.745
15.81
16.1
16.12
16.385
16.7
16.91
17.02
17.23
17.335
17.365
17.53
17.94
18.175
18.27
18.465
18.58
18.865
19.05
19.19
19.77
19.955
20.07
20.595
20.695
21.02
21.175
21.63
21.8
21.925
22.105
22.41
22.625
22.745
23.02
23.16
23.48
23.665
23.775
24.085
24.11
24.42
24.905
25.36
25.69
25.93
26.0
26.235
26.305
26.66
26.945
27.07
27.145
27.265
27.575
27.875
28.215
28.535
28.83
29.15
29.445
29.76
