0.07
0.265
0.495
0.735
0.755
0.875
0.98
1.11
1.405
1.475
1.635
1.895
2.105
2.35
2.57
2.715
2.82
2.98
3.215
3.23
3.27
3.5
3.74
3.955
4.185
4.42
4.565
4.59
4.67
4.805
5.125
5.195
5.325
5.545
5.58
5.78
6.025
6.27
6.51
6.715
6.96
7.165
7.42
7.645
7.88
8.11
8.34
8.565
8.81
9.04
9.275
9.415
9.495
9.74
9.955
10.2
10.405
10.66
10.79
10.875
10.995
11.125
11.235
11.355
11.59
11.82
11.955
12.04
12.255
12.515
12.73
12.97
13.04
13.2
13.335
13.425
13.625
13.865
14.095
14.13
14.34
14.445
14.49
14.71
14.795
14.99
15.225
15.455
15.705
15.915
16.165
16.37
16.395
16.625
16.85
17.085
17.22
17.32
17.45
17.535
17.555
17.62
17.685
17.795
18.015
18.21
18.235
18.465
18.665
18.92
19.125
19.15
19.38
19.58
19.61
19.76
19.84
20.055
20.275
20.34
20.49
20.72
20.905
20.985
21.11
21.21
21.415
21.67
21.865
21.905
22.105
22.135
22.315
22.37
22.55
22.785
22.82
23.035
23.255
23.435
23.515
23.72
23.92
24.165
24.4
24.625
24.875
25.115
25.27
25.345
25.565
25.78
25.975
26.27
26.475
26.71
26.73
26.93
27.085
27.16
27.33
27.405
27.605
27.855
28.07
28.31
28.34
28.545
28.76
28.96
29.005
29.22
29.4
29.46
29.65
29.92
