0.425
0.655
0.855
1.13
1.28
1.515
1.73
2.15
2.38
2.6
2.945
3.045
3.295
3.31
3.45
3.895
4.11
4.345
4.535
4.61
4.745
5.005
5.42
5.62
5.835
6.05
6.29
6.49
6.535
6.81
6.935
7.36
7.585
7.8
8.215
8.64
9.09
9.325
9.54
9.955
10.39
10.83
11.07
11.275
11.61
11.69
12.13
12.165
12.555
12.79
13.42
13.865
14.3
14.535
14.72
15.13
15.165
15.465
15.595
16.05
16.28
16.515
16.93
17.225
17.37
17.78
18.01
18.22
18.47
18.635
18.665
18.96
19.08
19.105
19.51
19.725
20.005
20.03
20.36
20.795
21.015
21.11
21.235
21.45
21.675
22.09
22.29
22.52
22.94
23.17
23.405
23.8
24.09
24.255
24.445
24.665
24.875
25.035
25.5
25.54
25.92
26.165
26.365
26.585
26.605
26.76
27.215
27.42
27.64
27.855
28.09
28.31
28.505
28.71
28.925
29.095
29.35
29.78
29.82
29.985
