0.08
0.18
0.3
0.56
0.825
0.855
0.985
1.05
1.35
1.625
1.875
2.155
2.32
2.43
2.69
2.84
2.955
3.125
3.235
3.48
3.755
3.96
4.04
4.195
4.3
4.53
4.805
5.07
5.25
5.345
5.62
5.88
5.9
6.15
6.325
6.57
6.665
6.945
7.205
7.47
7.745
7.94
8.03
8.29
8.48
8.565
8.83
9.1
9.35
9.51
9.625
9.79
9.885
10.08
10.165
10.41
10.685
10.795
10.95
11.23
11.47
11.76
12.02
12.285
12.55
12.635
12.72
12.965
13.085
13.335
13.355
13.61
13.895
14.075
14.15
14.34
14.425
14.68
14.845
14.965
15.075
15.13
15.225
15.405
15.495
15.755
15.91
16.035
16.285
16.55
16.81
16.98
17.075
17.245
17.335
17.61
17.87
18.15
18.405
18.56
18.665
18.81
18.935
19.19
19.37
19.46
19.72
20.0
20.18
20.27
20.415
20.54
20.79
20.94
21.01
21.57
21.865
22.105
22.305
22.385
22.645
22.81
22.92
23.075
23.18
23.47
23.645
23.71
23.985
24.235
24.27
24.515
24.675
24.775
24.86
25.0
25.035
25.575
25.835
26.005
26.115
26.365
26.64
26.82
26.9
27.065
27.165
27.35
27.42
27.59
27.7
27.865
28.14
28.22
28.475
28.64
28.91
29.005
29.285
29.535
29.81
29.96
