0.355
0.62
0.875
1.395
1.65
1.91
2.16
2.205
2.425
2.685
2.94
3.23
3.465
3.72
3.985
4.27
4.31
4.505
4.765
5.025
5.305
5.54
5.8
6.05
6.325
6.56
6.825
7.08
7.385
7.605
7.865
8.12
8.42
8.65
8.905
9.09
9.165
9.685
9.875
9.945
10.19
10.38
10.48
10.72
10.98
11.23
11.43
11.52
11.76
12.015
12.195
12.275
12.57
12.8
13.055
13.315
13.6
13.835
14.095
14.35
14.655
14.88
15.13
15.385
15.675
15.905
16.16
16.42
16.685
16.71
16.95
17.205
17.455
17.74
17.985
18.245
18.495
18.745
19.02
19.275
19.535
20.065
20.325
20.58
21.085
21.34
21.615
22.12
22.39
22.65
23.165
23.415
23.68
24.18
24.445
24.705
25.22
25.475
25.735
26.255
26.515
26.765
27.285
27.54
27.795
28.3
28.565
28.825
29.08
29.325
29.585
29.85
