0.135
0.205
0.51
1.625
1.815
2.0
2.2
2.41
2.475
4.29
4.455
6.535
6.715
7.795
8.045
9.485
9.97
10.285
10.525
10.815
11.075
11.34
11.36
11.475
11.6
11.765
11.87
12.035
12.12
12.385
12.635
12.9
13.17
13.315
13.545
13.7
13.81
13.95
14.195
14.24
14.475
14.75
15.015
15.275
15.435
15.535
15.68
15.8
15.95
16.06
16.22
16.315
16.585
16.835
17.105
17.355
17.495
17.735
17.775
18.005
18.135
18.375
18.69
18.81
18.91
19.08
19.185
19.44
19.565
19.63
19.7
19.84
19.96
20.205
20.445
20.465
20.74
20.99
21.325
21.525
21.675
21.785
21.925
22.04
22.195
22.305
22.555
22.815
23.085
23.395
23.49
23.615
23.865
23.94
24.115
24.38
24.63
24.895
25.155
25.425
25.58
25.695
25.825
25.945
26.085
26.21
26.36
26.485
26.715
26.975
27.23
27.505
27.77
27.925
28.03
28.165
28.29
28.445
28.555
28.795
29.07
29.245
29.33
29.61
29.88
