0.56
0.96
1.185
1.285
1.94
2.08
2.43
2.645
2.94
3.085
3.2
3.465
3.69
3.945
4.075
4.195
4.42
4.695
4.92
5.28
5.395
5.67
5.89
6.145
6.895
7.135
7.365
8.075
8.3
8.56
8.805
8.95
9.065
9.29
9.505
9.56
9.79
9.925
10.04
10.255
10.505
10.86
10.99
11.12
11.215
11.34
11.46
11.685
11.94
12.195
12.675
12.925
13.37
13.605
13.83
14.085
14.57
14.705
14.82
15.035
15.3
15.525
15.675
15.69
15.77
15.995
16.25
16.6
16.935
17.44
17.665
18.325
18.575
18.795
19.02
19.455
19.67
19.74
20.11
20.365
20.565
20.74
21.045
21.065
21.535
21.73
21.78
22.14
22.205
22.465
22.675
22.915
23.135
23.37
23.61
24.06
24.08
24.505
24.655
24.745
25.075
25.47
25.925
26.355
26.575
26.595
26.99
27.085
27.165
27.3
27.765
28.19
28.4
28.645
29.085
29.35
29.685
