0.145
0.205
0.475
0.64
0.97
1.12
1.38
1.61
1.655
2.11
2.375
2.605
2.8
2.885
3.11
3.34
3.38
3.605
3.845
3.915
4.09
4.375
4.595
5.085
5.575
5.805
6.07
6.305
6.575
7.065
7.565
7.845
7.97
8.06
8.235
8.355
8.55
8.745
8.89
9.05
9.54
10.03
10.54
10.765
11.04
11.325
11.525
11.795
12.03
12.285
12.515
12.725
12.8
13.01
13.515
13.545
13.635
13.76
13.875
14.005
14.25
14.5
14.69
14.75
14.765
15.0
15.22
15.5
15.71
15.755
15.975
16.225
16.46
16.49
16.725
16.98
17.24
17.48
17.74
17.97
18.23
18.45
18.715
18.95
19.22
19.445
19.685
19.94
20.19
20.425
20.695
20.935
21.425
21.91
22.18
22.425
22.69
22.91
23.155
23.41
23.645
23.9
24.14
24.18
24.39
24.665
24.835
24.895
25.235
25.39
25.885
25.9
26.12
26.155
26.375
26.635
26.865
27.36
27.61
27.85
28.1
28.32
28.605
28.84
29.34
