0.51
0.93
1.14
1.16
1.35
1.545
1.565
1.765
1.975
2.19
2.395
2.625
2.815
3.025
3.23
3.43
3.63
3.845
4.06
4.47
4.675
4.88
4.99
5.06
5.5
5.715
6.135
6.345
6.75
6.98
7.175
7.37
7.595
7.8
8.005
8.215
8.32
8.41
8.765
8.845
9.04
9.27
9.47
9.685
9.885
10.09
10.31
10.51
10.715
10.75
10.935
11.125
11.35
11.53
11.655
11.74
12.015
12.175
12.33
12.795
13.0
13.245
13.405
13.65
13.84
14.05
14.26
14.48
14.675
14.885
15.08
15.115
15.32
15.515
15.765
15.915
16.125
16.35
16.57
16.75
16.815
16.96
17.17
17.425
17.6
17.785
17.85
18.195
18.38
18.4
18.625
18.815
18.995
19.225
19.255
19.425
19.44
19.645
19.85
20.1
20.285
20.48
20.685
20.89
21.115
21.325
21.52
21.575
21.76
21.95
22.18
22.38
22.615
22.815
23.025
23.235
23.43
23.66
23.835
23.875
24.07
24.255
24.285
24.48
24.69
24.93
25.095
25.12
25.335
25.355
25.53
25.76
25.92
25.935
25.96
26.15
26.375
26.57
26.825
27.005
27.02
27.205
27.405
27.45
27.635
27.75
27.85
28.06
28.27
28.465
28.49
28.68
28.905
29.115
29.335
29.535
29.745
