0.36
0.89
1.235
1.275
1.505
1.595
1.96
2.02
2.23
2.335
2.55
2.71
2.9
2.945
3.43
3.78
4.13
4.18
4.495
4.525
4.625
4.725
4.76
4.825
4.93
5.085
5.3
5.41
5.52
5.585
5.82
6.23
6.64
6.955
6.995
7.23
7.325
7.595
7.68
7.905
8.075
8.435
8.64
9.155
9.425
9.895
9.925
10.145
10.245
10.63
10.85
11.005
11.185
11.235
11.37
11.64
11.825
12.01
12.08
12.81
12.87
13.11
13.225
13.415
13.535
13.58
13.745
13.805
13.955
14.095
14.305
14.4
14.545
14.63
15.42
15.785
16.12
16.305
16.46
16.485
16.645
17.015
17.195
17.555
17.74
17.92
18.095
18.445
18.87
19.2
19.365
20.055
20.585
20.96
21.33
21.58
22.04
22.33
22.43
22.83
23.085
23.47
23.595
23.75
23.825
24.34
24.555
25.005
25.08
25.27
25.675
25.99
26.02
26.135
26.49
26.57
26.74
27.445
27.89
28.155
28.515
28.56
28.65
28.865
29.005
29.25
29.59
