1.105
1.29
2.045
2.26
2.44
2.67
2.865
2.885
3.06
3.225
3.28
3.405
3.655
3.845
3.885
4.025
4.295
4.635
4.745
4.895
5.075
5.365
5.645
6.44
6.595
6.805
7.145
7.39
7.975
8.15
8.725
8.835
9.535
9.695
9.78
9.935
10.31
10.48
10.69
11.09
11.345
11.48
11.865
12.07
12.66
12.705
12.895
13.045
13.185
13.285
13.635
14.23
14.425
14.825
15.0
15.115
15.395
15.42
15.485
15.59
15.775
15.98
16.385
16.58
16.775
16.99
17.075
17.17
17.37
17.565
17.745
17.875
17.945
18.125
18.34
18.635
18.72
18.9
19.115
19.32
19.505
19.695
19.89
20.185
20.275
20.465
20.675
20.86
21.045
21.235
21.435
21.64
21.74
21.825
22.02
22.22
22.395
22.595
22.8
22.875
23.17
23.375
23.59
23.985
24.08
24.18
24.38
24.58
24.9
24.985
25.185
25.375
25.555
25.665
25.755
25.945
26.145
26.35
26.465
26.54
26.74
26.935
27.125
27.225
27.32
27.51
27.71
27.915
28.025
28.115
28.305
28.405
28.49
28.695
28.79
28.885
29.115
29.295
29.68
