0.34
0.445
0.585
0.72
0.765
0.87
1.135
1.25
1.35
1.43
1.815
1.945
2.155
2.23
2.39
2.48
2.52
2.64
2.79
3.05
3.075
3.23
3.455
3.755
4.035
4.25
4.3
4.465
4.86
4.885
5.14
5.16
5.36
5.545
5.69
5.86
6.25
6.395
6.525
6.725
6.875
7.165
7.395
7.51
7.605
7.695
7.94
8.04
8.08
8.41
8.535
8.575
8.675
8.855
8.965
9.22
9.505
9.8
9.985
10.075
10.165
10.32
10.395
10.72
11.28
11.465
11.5
11.785
11.98
12.125
12.27
12.665
12.855
12.98
13.13
13.165
13.255
13.43
13.55
13.785
14.11
14.42
14.675
14.96
15.135
15.475
15.575
15.825
15.86
16.14
16.175
16.385
16.57
16.7
16.785
17.085
17.225
17.37
17.51
17.55
17.755
17.9
18.21
18.265
18.295
18.43
18.695
18.85
18.98
19.065
19.2
19.255
19.35
19.44
19.51
19.77
19.925
20.055
20.16
20.255
20.315
20.635
20.68
20.96
21.035
21.17
21.225
21.445
21.735
22.0
22.325
22.345
22.615
22.885
23.18
23.48
23.715
23.755
23.96
23.99
24.325
24.57
24.685
24.83
24.9
24.99
25.185
25.39
25.42
25.515
25.68
25.805
25.95
26.225
26.465
26.755
27.03
27.165
27.325
27.605
27.66
27.86
27.925
28.145
28.195
28.3
28.64
28.705
28.95
29.0
29.115
29.24
29.37
29.51
29.62
29.67
