0.355
0.58
0.82
1.025
1.215
1.475
1.705
1.915
1.97
2.13
2.41
2.58
2.8
3.025
3.08
3.245
3.47
3.7
3.935
4.15
4.38
4.595
4.82
5.045
5.54
5.96
6.175
6.275
6.48
6.875
7.305
7.51
7.725
7.96
8.0
8.175
8.635
9.085
9.31
9.525
9.91
9.98
10.225
10.42
10.87
11.1
11.31
11.76
11.815
12.215
12.67
13.13
13.57
13.81
14.03
14.055
14.48
14.91
15.195
15.38
15.73
15.845
16.29
16.335
16.525
16.75
17.195
17.41
17.635
18.08
18.33
18.98
19.0
19.195
19.42
21.01
21.325
21.355
21.795
22.135
22.25
22.575
22.7
22.885
23.06
23.17
23.475
23.635
23.98
24.09
24.415
24.54
24.86
24.99
25.45
25.75
25.915
26.225
26.375
26.695
26.83
27.125
27.295
27.33
27.755
28.115
28.21
28.505
28.67
29.125
29.565
29.895
