0.96
1.575
1.77
2.215
2.675
2.885
3.5
3.73
3.935
4.18
4.335
4.58
4.77
4.99
5.215
6.11
6.965
7.005
7.41
7.825
8.485
8.665
8.895
9.08
9.285
9.48
9.685
9.88
10.28
10.49
10.69
10.865
11.085
11.29
11.5
11.695
11.875
11.915
12.75
13.57
14.015
14.415
14.65
15.015
15.18
15.2
15.465
15.83
16.02
16.395
16.64
16.825
17.19
17.205
17.445
17.62
17.83
18.01
18.195
18.405
19.055
19.23
19.86
19.895
20.035
20.45
20.865
21.085
21.49
21.66
21.88
22.065
22.265
22.455
22.655
22.85
23.045
23.15
23.26
23.455
23.655
23.84
24.045
24.23
24.265
24.425
24.645
24.815
25.655
26.49
26.935
27.335
27.545
27.96
28.14
28.175
28.605
28.77
28.955
29.16
29.55
29.735
29.98
