0.075
0.255
0.435
0.935
1.115
1.455
1.625
1.81
1.97
2.145
2.32
2.495
2.66
2.84
2.99
3.18
3.515
3.675
3.86
4.01
4.175
4.355
4.535
4.7
4.87
5.035
5.21
5.375
5.54
5.7
5.89
6.045
6.225
6.39
6.57
6.75
6.92
7.08
7.255
7.41
7.445
7.59
7.76
7.94
8.09
8.28
8.43
8.62
8.73
8.945
9.115
9.295
9.47
9.64
9.79
9.97
10.105
10.47
10.655
10.83
11.0
11.15
11.335
11.84
12.135
12.31
12.51
12.53
12.84
13.215
13.555
13.73
13.9
14.24
14.385
14.585
14.82
14.925
15.27
15.615
15.785
15.965
16.195
16.445
16.635
16.815
17.0
17.165
17.335
17.54
17.675
17.865
18.025
18.27
18.54
18.675
18.73
18.89
19.06
19.405
19.75
19.915
20.1
20.43
20.78
20.94
21.125
21.285
21.465
21.645
21.72
21.8
21.975
22.14
22.51
22.685
22.85
23.525
23.89
24.05
24.235
24.585
24.915
25.125
25.245
25.435
25.615
25.97
26.305
26.635
26.815
26.985
27.31
27.485
27.655
28.005
28.18
28.37
28.71
28.885
29.055
29.235
29.405
29.46
29.57
29.745
29.94
