0.295
0.965
1.29
1.595
1.935
2.27
2.6
2.915
3.26
3.56
3.94
4.195
4.565
4.85
5.055
5.18
5.49
5.81
6.135
6.465
6.77
7.105
7.43
7.755
8.085
8.405
8.725
9.05
9.325
9.365
9.69
10.005
10.325
10.645
10.965
11.295
11.63
11.805
11.935
12.26
12.58
12.915
13.225
13.555
13.88
14.205
14.52
14.85
15.175
15.515
15.815
15.995
16.14
16.455
16.79
17.1
17.425
17.75
18.09
18.395
18.72
19.05
19.375
19.68
19.865
20.015
20.32
20.66
20.845
20.97
21.295
21.615
21.935
22.25
22.58
22.91
23.24
23.565
23.76
23.885
24.215
24.535
24.855
25.17
25.485
25.815
26.015
26.125
26.45
26.795
27.135
27.425
27.745
27.93
28.075
28.4
28.705
29.025
29.345
29.53
29.675
29.885
29.98
