0.205
0.47
0.72
0.97
0.985
1.24
1.505
1.765
2.035
2.29
2.57
2.81
3.065
3.3
3.33
3.585
3.825
4.165
4.34
4.605
4.855
5.1
5.135
5.385
5.65
5.885
6.4
6.665
6.91
7.18
7.43
7.69
7.93
8.29
8.45
8.705
8.96
9.23
9.485
9.755
9.995
10.185
10.51
10.765
11.02
11.275
11.52
11.805
12.04
12.405
12.55
12.81
13.07
13.335
13.54
13.61
13.855
14.105
14.375
14.485
14.64
14.78
14.915
15.135
15.395
15.65
16.18
16.445
16.69
16.955
17.12
17.22
17.49
17.725
18.02
18.26
18.545
18.79
19.05
19.305
19.565
19.75
19.82
19.85
20.33
20.61
20.845
21.115
21.35
21.625
21.72
21.875
22.145
22.395
22.65
22.925
23.19
23.435
23.695
23.945
24.245
24.49
24.74
25.01
25.255
25.525
25.83
26.05
26.32
26.545
26.835
27.07
27.325
27.585
27.86
28.105
28.37
28.4
28.625
28.91
29.14
29.4
29.43
29.655
29.92
