0.23
0.795
0.97
1.555
1.94
2.055
2.125
2.685
3.295
3.665
3.85
3.89
4.09
4.21
4.425
4.8
5.0
5.365
5.56
5.94
6.145
6.51
6.715
6.955
7.075
7.275
7.36
7.865
8.245
8.415
8.455
8.635
8.81
9.015
9.595
9.98
10.195
10.565
10.765
10.995
11.34
11.655
11.905
12.2
12.28
12.445
12.48
12.835
13.03
13.605
13.97
14.17
14.535
14.775
15.34
15.69
15.895
16.465
17.035
17.39
17.61
18.15
18.48
18.71
19.08
19.275
19.325
19.655
19.865
20.43
20.765
20.98
21.57
21.93
22.115
22.165
22.52
22.7
22.725
23.095
23.185
23.315
23.875
24.2
24.42
24.785
24.995
25.345
25.52
25.575
25.915
26.09
26.675
27.035
27.235
27.27
27.465
27.575
27.78
27.81
28.08
28.345
28.36
28.715
28.915
29.495
