0.235
0.42
0.65
0.885
1.33
1.765
1.965
2.405
2.63
2.82
3.055
3.49
3.7
3.925
4.335
4.37
4.55
5.205
5.225
5.48
5.65
6.105
6.295
6.485
6.525
6.97
7.18
7.84
8.04
8.27
8.7
8.91
9.13
9.34
9.575
10.005
10.435
10.64
11.075
11.305
11.725
12.175
12.39
12.615
13.05
13.26
13.685
13.925
14.14
14.36
14.575
14.805
15.02
15.22
15.675
15.87
16.1
16.295
16.535
16.75
17.195
17.415
17.62
17.835
18.045
18.23
18.26
18.45
18.48
19.15
19.365
20.03
20.45
20.9
21.105
21.535
21.775
22.005
22.205
22.635
22.845
23.075
23.51
23.94
24.38
24.585
24.61
24.79
25.02
25.255
25.46
26.125
26.33
26.55
26.995
27.19
27.625
27.855
28.07
28.285
28.3
28.505
28.71
28.91
29.135
29.58
29.775
