0.235
0.47
0.58
0.8
1.155
1.25
1.495
1.6
1.855
1.945
2.17
2.305
2.485
2.545
2.645
2.88
2.99
3.245
3.35
3.575
3.685
3.95
4.025
4.22
4.59
4.705
4.925
5.035
5.38
5.615
5.71
5.945
6.06
6.275
6.38
6.595
6.93
7.065
7.3
7.4
7.63
7.74
7.985
8.09
8.32
8.415
8.615
8.685
8.97
8.99
9.335
9.445
9.655
9.695
10.02
10.355
10.46
10.66
10.8
10.85
11.02
11.375
11.5
11.685
12.04
12.28
12.41
12.515
12.705
12.845
12.99
13.07
13.18
13.405
13.73
13.92
14.02
14.11
14.215
14.43
14.465
14.535
14.76
14.975
15.09
15.235
15.45
15.575
15.8
15.905
16.19
16.26
16.425
16.48
16.61
16.78
16.935
16.975
17.125
17.18
17.505
17.61
17.84
18.305
18.535
18.66
18.9
18.975
19.195
19.315
19.42
19.55
19.67
19.88
20.15
20.17
20.355
20.565
20.69
20.905
21.03
21.215
21.235
21.375
21.615
21.65
21.72
21.86
21.875
22.055
22.14
22.29
22.385
22.615
22.69
22.72
22.97
23.09
23.3
23.415
23.55
23.685
23.79
23.95
24.11
24.335
24.375
24.45
24.475
24.705
24.98
25.11
25.305
25.7
25.79
25.94
26.01
26.125
26.37
26.685
27.01
27.135
27.34
27.68
27.805
28.045
28.165
28.495
28.82
28.855
29.075
29.42
29.515
29.77
29.865
