0.51
0.875
1.015
1.38
1.53
2.03
2.075
2.36
2.58
2.925
3.07
3.445
3.475
3.605
3.965
4.11
4.41
4.625
4.64
4.84
4.99
5.135
5.675
6.13
6.185
6.53
6.625
7.035
7.175
7.52
7.695
8.065
8.19
8.225
8.735
9.115
9.21
9.235
9.25
9.625
9.74
9.865
9.92
10.12
10.24
10.585
10.755
11.24
11.46
11.535
11.77
11.955
12.25
12.555
12.61
12.815
13.145
13.295
13.665
13.815
14.18
14.295
14.675
14.825
15.18
15.305
15.685
15.84
16.26
16.335
16.615
16.7
16.74
16.86
16.89
17.35
17.715
17.895
18.135
18.395
18.735
18.92
18.945
19.34
19.37
19.44
19.805
19.95
20.125
20.21
20.355
20.455
20.79
20.86
20.98
21.18
21.33
21.345
21.465
21.85
21.99
22.015
22.345
22.485
22.845
23.01
23.08
23.495
23.545
23.75
23.905
23.98
24.055
24.24
24.34
24.435
24.53
24.755
24.775
24.935
25.055
25.085
25.42
25.55
25.845
26.08
26.43
26.58
26.94
27.1
27.165
27.355
27.45
27.51
27.605
27.93
28.035
28.12
28.35
28.55
28.645
28.86
29.165
29.535
29.68
29.985
