0.145
0.31
0.7
0.75
0.765
1.145
1.215
1.565
1.725
2.07
2.59
2.69
3.14
3.56
3.99
4.41
4.59
4.97
5.05
5.09
5.57
5.835
6.075
6.24
6.495
6.92
6.985
7.43
7.465
7.725
7.75
7.935
8.365
8.425
8.765
9.19
9.22
9.695
9.89
10.3
10.82
11.185
11.5
11.65
11.77
12.02
12.28
12.6
12.695
12.905
13.08
13.17
13.475
13.675
14.125
14.915
14.96
15.065
15.32
15.5
15.805
15.945
16.265
16.45
16.765
17.285
17.395
17.755
18.22
18.71
18.83
19.16
19.28
19.66
20.13
20.77
21.05
21.235
21.68
22.015
22.035
22.165
22.61
23.065
23.535
23.995
24.47
24.83
25.345
25.905
25.96
26.315
26.74
26.88
27.195
27.71
28.295
28.755
29.18
29.245
29.575
