0.185
0.37
0.435
0.705
0.84
1.04
1.25
1.33
1.665
2.04
2.185
2.32
2.625
2.775
3.055
3.145
3.275
3.54
3.6
4.115
4.185
4.255
4.725
4.79
5.01
5.185
5.25
5.405
5.495
5.55
5.585
6.08
6.265
6.5
6.59
6.685
6.95
7.17
7.52
7.67
8.03
8.145
8.325
8.495
8.715
9.0
9.11
9.29
9.46
9.615
10.095
10.26
10.385
10.58
10.965
11.055
11.38
11.54
11.82
11.88
12.015
12.18
12.32
12.39
12.51
12.905
12.99
13.315
13.39
13.805
13.965
14.28
14.47
14.58
14.805
14.945
15.045
15.27
15.765
15.935
16.24
16.295
16.4
16.76
16.91
17.205
17.425
17.72
17.88
18.195
18.35
18.71
18.855
19.17
19.36
19.675
19.995
20.18
20.27
20.605
20.825
21.07
21.32
21.58
21.9
22.08
22.23
22.535
22.685
23.0
23.23
23.515
23.82
24.1
24.465
24.595
24.68
24.92
25.44
25.59
25.65
25.905
26.105
26.225
26.38
26.58
26.72
26.88
27.06
27.215
27.355
27.525
27.685
27.97
28.305
28.45
28.735
29.015
29.21
29.715
29.85
29.89
