0.32
0.465
0.565
0.585
0.845
1.13
1.315
1.405
1.65
1.735
1.84
1.945
2.135
2.245
2.4
2.52
2.675
2.795
2.95
3.055
3.295
3.33
3.53
3.615
3.705
3.8
3.86
4.155
4.445
4.615
4.725
4.995
5.265
5.415
5.53
5.575
5.76
5.92
6.29
6.365
6.655
6.915
7.095
7.2
7.47
7.735
7.785
7.945
8.155
8.285
8.415
8.57
8.85
9.02
9.115
9.315
9.41
9.58
9.67
9.88
10.105
10.235
10.475
10.66
10.775
11.025
11.075
11.29
11.32
11.55
11.63
11.775
11.88
12.04
12.12
12.17
12.35
12.4
12.545
12.69
12.79
12.985
13.265
13.425
13.495
13.52
13.825
13.985
14.09
14.24
14.3
14.34
14.54
14.92
15.065
15.19
15.435
15.485
15.68
16.02
16.17
16.3
16.54
16.56
16.765
16.815
17.055
17.125
17.195
17.395
17.675
17.84
17.935
18.225
18.4
18.485
18.68
18.775
18.925
18.945
19.305
19.48
19.575
19.6
19.825
19.885
20.085
20.17
20.335
20.44
20.715
20.945
20.975
21.26
21.53
21.645
21.805
22.09
22.31
22.35
22.65
22.795
22.925
23.08
23.165
23.375
23.74
23.77
23.89
24.015
24.245
24.295
24.565
24.85
25.015
25.12
25.275
25.385
25.595
25.665
25.8
25.935
26.0
26.215
26.5
26.675
26.78
26.93
27.045
27.325
27.6
27.765
27.885
28.145
28.185
28.29
28.35
28.42
28.6
28.715
28.875
28.99
29.15
29.26
29.415
29.53
29.805
