0.27
0.73
0.955
1.115
1.2
1.425
1.665
1.95
2.125
2.585
2.815
3.05
3.27
3.505
3.705
3.98
4.2
4.45
4.55
4.69
4.92
5.02
5.135
5.365
5.845
6.3
6.33
6.52
6.77
7.005
7.25
7.715
7.745
8.17
8.2
8.385
8.635
8.86
9.095
9.56
9.6
10.03
10.25
10.485
10.705
10.945
11.15
11.405
11.655
11.75
11.86
11.97
12.075
12.21
12.305
12.43
12.5
12.54
12.755
13.225
13.71
13.925
14.175
14.4
14.625
14.855
15.085
15.305
15.55
15.78
16.015
16.245
16.47
16.94
17.405
17.625
17.86
18.09
18.32
18.56
18.785
19.02
19.145
19.245
19.465
19.575
19.675
19.91
20.115
20.59
20.615
20.81
21.055
21.08
21.285
21.445
21.52
21.755
21.81
21.98
22.205
22.435
22.475
22.69
22.88
22.92
23.1
23.24
23.335
23.57
23.8
24.105
24.255
24.7
24.935
25.165
25.4
25.62
26.08
26.275
26.535
26.77
27.005
27.24
27.46
27.685
27.915
27.96
28.135
28.24
28.365
28.6
28.825
29.07
29.29
29.745
29.775
29.985
