0.13
0.345
0.575
0.785
1.01
1.255
1.475
1.71
1.93
2.155
2.175
2.405
2.61
2.83
3.07
3.52
3.96
4.185
4.41
4.645
4.86
4.895
5.1
5.33
5.545
5.76
6.02
6.255
6.47
6.695
6.715
6.945
7.16
7.375
7.595
7.84
8.06
8.285
8.535
8.755
8.98
9.195
9.42
9.655
9.88
10.11
10.35
10.56
10.78
11.01
11.245
11.265
11.465
11.695
11.86
11.935
12.13
12.375
12.48
12.6
12.795
13.015
13.46
13.905
14.11
14.335
14.58
14.8
15.25
15.445
15.59
15.705
15.91
16.14
16.36
16.6
17.04
17.27
17.5
17.955
18.16
18.195
18.29
18.415
18.61
18.67
18.845
19.085
19.29
19.54
19.74
19.97
20.095
20.185
20.42
20.54
20.64
20.855
21.1
21.33
21.545
21.77
21.995
22.015
22.45
22.695
22.81
22.895
23.12
23.345
23.58
23.805
24.255
24.49
24.715
25.17
25.4
25.56
25.615
25.845
26.065
26.29
26.535
26.745
26.96
27.195
27.42
27.64
27.77
27.865
28.21
28.315
28.525
28.64
28.76
28.98
29.21
29.45
29.665
