0.36
0.6
0.86
1.385
1.645
1.905
2.185
2.43
2.675
2.94
3.46
3.965
4.49
4.735
5.0
5.26
5.45
5.515
5.745
5.835
6.03
6.725
6.8
7.065
7.3
7.55
8.1
8.635
8.865
9.125
9.64
9.895
10.16
10.215
10.685
10.92
11.175
11.69
12.2
12.47
12.715
12.965
13.23
13.68
13.75
13.77
13.985
14.065
14.26
15.03
15.3
15.54
15.79
16.255
16.335
16.865
17.115
17.38
17.65
17.91
18.42
18.71
18.95
19.205
19.475
19.93
19.995
20.505
20.765
21.025
21.275
21.54
21.8
22.065
22.41
22.575
22.855
23.345
23.625
23.83
23.895
24.06
24.155
24.64
24.905
25.165
25.41
25.66
26.16
26.415
26.66
26.68
27.435
27.695
27.965
28.21
28.46
28.525
28.69
29.215
29.455
29.725
