0.4
0.895
1.16
1.39
1.655
1.885
2.155
2.38
2.64
2.875
3.145
3.385
3.4
3.645
3.88
4.135
4.375
4.63
4.865
5.14
5.35
5.845
6.09
6.34
6.6
6.835
7.09
7.325
7.835
8.075
8.31
8.585
8.835
9.08
9.305
9.81
10.05
10.305
10.56
10.79
11.285
11.54
11.775
12.035
12.26
12.52
12.75
13.0
13.24
13.735
13.995
14.22
14.48
14.5
14.715
14.975
15.19
15.465
15.685
15.92
16.17
16.435
16.67
16.925
17.145
17.415
17.64
17.91
18.125
18.37
18.615
18.88
19.095
19.365
19.61
19.85
20.1
20.34
20.58
20.83
21.065
21.34
21.56
21.81
22.04
22.33
22.545
22.81
23.035
23.31
23.52
23.535
23.765
23.785
24.02
24.28
24.51
24.785
24.995
25.01
25.5
25.76
25.995
26.25
26.485
26.77
26.985
27.475
27.74
27.985
28.47
28.635
28.735
28.96
29.145
29.215
29.49
29.71
29.96
29.975
