0.255
0.61
0.645
1.02
1.375
1.64
1.825
1.885
2.215
2.285
3.015
3.365
3.76
3.81
4.225
4.845
5.4
5.425
6.035
6.215
6.46
6.57
6.615
7.0
7.425
7.8
8.235
8.455
8.5
8.605
8.64
8.815
9.105
9.625
9.785
10.165
10.205
10.575
10.675
10.96
11.065
11.21
11.38
11.615
11.78
11.81
12.57
12.95
13.41
14.18
14.245
14.47
14.57
14.895
15.045
15.8
15.835
16.605
17.03
17.285
17.38
17.46
17.67
17.87
18.215
18.27
18.62
19.42
19.85
19.89
20.275
20.69
21.075
21.5
22.26
22.49
22.665
23.07
23.5
23.9
24.07
24.275
24.715
25.465
25.52
25.86
26.27
26.45
26.7
27.085
27.495
27.695
27.86
27.93
28.685
28.995
29.085
29.775
