0.53
0.76
0.98
1.23
1.45
1.675
1.915
2.14
2.38
2.61
2.835
3.06
3.295
3.52
3.68
3.75
3.98
4.11
4.205
4.435
4.67
4.89
5.13
5.355
5.395
5.595
5.815
6.06
6.28
6.515
6.71
6.97
7.17
7.42
7.655
7.885
8.11
8.345
8.565
8.8
9.035
9.27
9.5
9.725
9.96
10.185
10.405
10.65
10.85
11.1
11.3
11.555
11.785
12.005
12.23
12.465
12.69
12.925
13.13
13.175
13.4
13.635
13.855
14.085
14.31
14.515
14.545
14.77
14.99
15.225
15.45
15.695
15.905
16.14
16.16
16.38
16.6
16.79
16.84
17.065
17.29
17.525
17.75
17.975
18.005
18.21
18.43
18.665
18.89
19.12
19.255
19.35
19.37
19.57
19.795
20.045
20.27
20.515
20.73
21.19
21.4
21.425
21.665
21.875
22.11
22.36
22.54
22.57
23.025
23.26
23.49
23.73
23.955
24.39
24.865
25.08
25.33
25.545
25.79
26.22
26.24
26.695
27.15
27.33
27.395
27.615
27.845
27.875
28.08
28.525
28.78
28.815
28.99
29.22
29.445
29.695
29.795
29.92
