0.145
0.62
1.085
1.53
1.56
1.735
2.0
2.5
3.465
3.94
4.175
4.41
4.615
4.66
4.885
5.08
5.36
5.575
5.62
5.85
6.705
6.735
7.0
7.21
7.655
7.9
8.12
8.355
8.585
8.765
9.035
9.28
9.37
9.485
9.62
9.76
9.94
10.07
10.215
10.395
10.535
10.845
10.98
11.285
11.425
11.75
12.0
12.195
12.35
12.41
12.655
12.795
13.105
13.355
13.555
13.695
13.8
14.01
14.26
14.465
14.6
14.935
17.205
17.435
17.66
18.11
18.335
18.575
19.035
19.25
19.49
19.925
20.42
20.825
21.245
21.52
21.675
21.905
22.1
22.54
22.77
22.96
23.175
23.39
23.63
23.83
23.845
24.035
24.285
24.52
24.72
24.935
25.16
25.39
25.595
26.04
26.27
26.475
26.685
26.895
27.11
27.32
27.345
27.51
27.77
27.995
28.205
28.335
28.62
28.865
29.03
29.23
29.47
29.69
