0.025
0.54
0.565
1.275
1.555
1.62
2.065
2.225
2.585
2.795
2.955
3.21
3.585
3.625
3.9
5.225
5.865
5.92
6.575
7.55
7.895
7.91
8.225
8.565
8.88
8.985
9.24
9.685
9.77
9.895
10.09
10.23
10.38
11.235
11.61
11.925
12.19
12.28
12.375
12.57
13.075
13.23
13.48
13.785
13.9
14.125
14.415
14.61
14.795
15.22
15.285
15.85
16.005
16.225
16.56
16.905
17.23
17.605
17.88
17.975
18.195
18.345
18.555
18.64
18.95
19.025
19.11
19.2
19.435
19.71
19.93
20.525
20.7
20.865
20.925
21.275
21.33
21.53
21.72
21.845
22.205
22.59
23.19
23.425
23.62
23.87
24.46
24.49
25.225
25.735
25.925
26.085
26.295
26.475
26.87
27.03
27.065
27.34
27.625
27.78
28.085
28.475
28.795
29.08
29.24
29.605
29.635
