0.315
0.895
0.92
1.39
1.495
1.79
2.005
2.065
2.395
2.58
2.675
2.97
3.18
3.27
3.3
3.59
3.75
3.78
3.895
4.16
4.38
4.445
4.765
4.915
5.015
5.345
5.505
5.59
5.915
6.08
6.1
6.165
6.48
6.66
6.72
7.055
7.2
7.3
7.6
7.8
7.885
7.92
8.21
8.36
8.405
8.475
8.775
8.985
9.05
9.365
9.51
9.635
9.92
10.125
10.19
10.515
10.685
10.78
10.995
11.085
11.34
11.675
11.805
11.925
12.225
12.44
12.535
13.02
13.115
13.415
13.545
13.7
13.845
13.945
14.125
14.23
14.52
14.795
15.09
15.275
15.36
15.645
15.81
15.94
16.09
16.19
16.215
16.385
16.475
16.76
17.02
17.055
17.325
17.585
17.88
18.025
18.17
18.32
18.4
18.425
18.58
18.63
18.695
18.985
19.245
19.555
19.75
19.81
20.11
20.24
20.375
20.525
20.635
20.685
20.845
20.92
21.21
21.475
21.5
21.785
22.05
22.335
22.49
22.765
22.87
23.055
23.155
23.445
23.61
23.63
23.71
23.98
24.195
24.27
24.47
24.585
24.71
24.98
25.11
25.28
25.385
25.67
25.94
25.96
26.255
26.435
26.5
26.805
26.95
27.075
27.25
27.335
27.47
27.62
27.905
28.07
28.185
28.485
28.675
28.75
29.055
29.16
