0.21
0.48
0.58
1.235
1.3
1.535
1.81
1.855
2.08
2.27
2.645
2.905
3.41
3.67
3.92
4.225
4.45
4.79
5.0
5.43
5.495
5.97
6.04
6.31
6.45
6.57
6.64
6.83
6.975
7.12
7.345
7.61
7.87
8.16
8.38
8.625
9.16
9.69
9.91
10.015
10.22
10.445
10.635
10.945
11.255
11.485
11.74
12.005
12.3
12.53
12.73
12.805
13.335
13.91
13.955
14.185
14.505
14.91
15.045
15.55
15.725
15.845
16.105
16.41
16.655
16.975
17.15
17.25
17.53
17.775
18.085
18.335
18.635
18.895
19.43
19.965
20.015
20.57
20.84
21.1
21.375
21.635
21.66
21.96
22.225
22.505
22.57
22.785
23.205
23.255
23.61
23.84
24.03
24.32
24.395
24.69
24.965
25.235
25.4
25.49
26.035
26.345
26.525
26.63
26.95
27.145
27.67
27.7
28.225
28.745
29.06
29.35
