0.04
0.12
0.33
0.54
0.7
0.94
1.115
1.165
1.35
1.57
1.76
1.95
1.97
2.155
2.56
2.775
2.98
3.18
3.315
3.375
3.585
3.81
3.875
4.02
4.225
4.43
4.63
4.72
4.84
5.04
5.255
5.46
5.68
5.9
6.095
6.295
6.505
6.535
6.73
6.925
7.145
7.35
7.56
7.75
7.945
8.18
8.385
8.575
8.81
9.015
9.225
9.38
9.625
9.835
10.02
10.24
10.39
10.58
10.64
10.84
11.035
11.255
11.45
11.65
11.87
12.065
12.265
12.465
12.685
12.875
13.08
13.27
13.47
13.68
13.875
14.08
14.26
14.49
14.695
14.91
15.085
15.31
15.71
16.115
16.35
16.54
16.745
16.975
17.38
17.58
17.815
18.19
18.405
18.615
18.755
19.025
19.23
19.69
19.86
20.09
20.28
20.505
20.7
20.905
21.13
21.37
21.545
21.745
21.965
22.17
22.37
22.585
22.81
22.995
23.21
23.415
23.64
23.845
24.05
24.485
24.705
24.91
25.135
25.335
25.535
25.735
25.945
26.165
26.36
26.395
26.555
26.77
26.975
27.385
27.62
27.645
27.815
28.025
28.24
28.465
28.655
28.85
29.065
29.26
29.47
29.665
29.88
29.915
