0.41
0.635
0.88
1.085
1.11
1.35
1.47
1.565
1.795
1.815
2.02
2.285
2.405
2.495
2.755
2.93
2.965
3.215
3.425
3.675
3.89
4.15
4.365
4.61
4.825
5.085
5.28
5.53
5.75
5.985
6.0
6.095
6.215
6.43
6.685
6.9
6.985
7.13
7.39
7.61
7.845
8.05
8.3
8.53
8.705
8.795
8.995
9.245
9.47
9.725
9.93
10.18
10.39
10.735
10.855
11.115
11.33
11.56
11.775
12.02
12.245
12.49
12.7
12.95
13.185
13.43
13.635
13.66
13.735
13.89
14.125
14.3
14.375
14.575
14.83
15.04
15.28
15.49
15.74
15.965
16.195
16.22
16.26
16.275
16.42
16.68
16.9
17.12
17.145
17.35
17.38
17.6
17.625
17.845
18.07
18.115
18.285
18.55
18.76
18.79
19.01
19.22
19.48
19.695
19.94
20.16
20.395
20.645
20.88
21.1
21.36
21.575
21.81
22.03
22.05
22.285
22.5
22.745
22.965
23.22
23.44
23.68
23.71
23.895
24.145
24.2
24.36
24.595
24.85
25.075
25.32
25.545
25.56
25.765
26.03
26.115
26.25
26.485
26.56
26.69
26.975
27.16
27.395
27.625
27.87
28.11
28.345
28.555
28.815
29.035
29.495
