0.215
0.24
0.375
0.51
0.655
0.795
0.815
1.1
1.385
1.54
1.69
1.825
1.965
1.98
2.115
2.26
2.555
2.845
3.005
3.13
3.415
3.72
3.87
4.01
4.15
4.3
4.585
4.72
4.885
5.03
5.155
5.445
5.75
5.885
6.04
6.19
6.235
6.34
6.48
6.625
6.775
6.925
7.19
7.21
7.495
7.655
7.78
8.08
8.22
8.35
8.6
8.66
8.795
8.85
8.95
9.1
9.245
9.53
9.69
9.825
9.97
10.11
10.36
10.42
10.695
10.84
11.125
11.175
11.26
11.405
11.575
11.75
11.855
12.005
12.15
12.175
12.285
12.435
12.725
13.015
13.165
13.19
13.31
13.455
13.6
13.895
14.18
14.47
14.605
14.74
14.765
15.04
15.345
15.5
15.65
15.765
15.93
16.075
16.2
16.395
16.51
16.67
16.805
17.085
17.38
17.665
17.825
18.0
18.11
18.255
18.43
18.585
18.84
19.02
19.13
19.255
19.42
19.705
19.73
19.895
20.0
20.15
20.305
20.425
20.58
20.73
20.84
20.875
21.16
21.315
21.595
21.74
22.03
22.305
22.47
22.6
22.76
22.905
23.05
23.2
23.46
23.49
23.775
23.915
24.06
24.365
24.64
24.8
25.085
25.235
25.525
25.815
25.995
26.105
26.275
26.4
26.69
26.965
27.12
27.245
27.41
27.56
27.85
27.98
28.04
28.14
28.28
28.445
28.615
28.73
28.88
28.91
29.01
29.305
29.45
