0.3
1.145
1.26
1.475
1.605
1.62
1.805
1.915
2.27
2.43
2.56
2.895
3.14
3.205
3.735
3.87
4.22
4.52
5.04
5.15
5.47
5.53
6.34
6.415
6.76
7.065
7.33
7.57
7.705
8.025
8.38
8.665
8.87
8.98
9.325
9.615
9.935
10.105
10.245
10.445
10.575
10.74
10.87
11.18
11.495
11.685
11.795
12.11
12.615
12.755
13.07
13.27
13.435
13.7
13.93
14.055
14.375
14.56
14.685
15.025
15.19
15.335
15.655
16.3
16.64
17.155
17.285
17.805
17.925
18.26
18.905
19.24
19.75
19.875
20.405
20.505
20.835
21.47
21.66
21.805
22.135
22.47
22.975
23.1
23.42
23.755
24.065
24.395
24.615
24.83
25.035
25.425
25.555
25.68
26.005
26.64
26.955
27.15
27.585
28.22
28.535
28.865
29.16
29.485
29.715
29.825
