0.09
0.235
0.405
0.735
0.91
1.075
1.41
1.595
1.75
1.935
1.955
2.105
2.255
2.43
2.76
2.915
2.97
3.095
3.42
3.61
3.755
3.945
4.095
4.285
4.455
4.6
4.745
4.785
4.94
5.09
5.11
5.435
5.755
5.785
6.1
6.265
6.44
6.615
6.765
6.985
7.11
7.435
7.765
8.105
8.435
8.46
8.795
8.945
9.125
9.31
9.485
9.64
9.82
9.965
10.15
10.295
10.32
10.46
10.795
10.99
11.12
11.36
11.46
11.63
11.665
11.795
12.12
12.15
12.46
12.645
12.8
12.935
13.12
13.34
13.465
13.66
13.79
13.985
14.145
14.305
14.46
14.625
14.8
15.145
15.36
15.475
15.645
15.795
15.82
16.17
16.33
16.465
16.515
16.845
17.01
17.185
17.39
17.475
17.535
17.88
18.02
18.19
18.355
18.51
18.86
19.2
19.54
19.7
19.865
20.22
20.57
20.72
20.895
21.07
21.245
21.415
21.585
21.73
21.91
22.25
22.4
22.58
22.925
23.1
23.165
23.185
23.245
23.445
23.605
23.76
23.925
24.27
24.445
24.62
26.315
26.675
26.905
27.14
27.25
27.345
27.54
28.08
28.705
29.03
