0.12
0.235
0.48
0.595
0.97
1.19
1.745
1.905
2.085
2.3
2.405
2.66
3.01
3.15
3.29
3.375
3.53
3.555
3.735
3.86
3.925
4.115
4.245
4.515
4.6
4.87
4.98
5.265
5.34
5.6
5.71
5.775
5.955
6.075
6.14
6.315
6.52
6.81
6.87
7.06
7.415
7.555
7.775
7.795
8.14
8.28
8.495
8.645
8.84
9.035
9.215
9.35
9.395
9.71
9.935
10.2
10.32
10.435
10.66
10.805
10.895
11.065
11.165
11.25
11.395
11.435
11.535
11.64
11.785
11.9
12.165
12.275
12.35
12.51
12.645
12.68
12.88
13.005
13.255
13.385
13.615
13.75
13.985
14.12
14.185
14.335
14.495
14.72
14.865
15.035
15.165
15.425
15.565
15.775
15.91
16.225
16.3
16.545
16.66
16.965
17.045
17.295
17.66
18.035
18.195
18.47
18.535
18.765
18.92
19.145
19.265
19.31
19.52
19.615
19.995
20.035
20.245
20.31
20.61
20.725
20.97
21.095
21.47
21.725
21.845
22.1
22.21
22.455
22.58
22.825
22.95
23.195
23.36
23.575
23.695
23.9
24.08
24.305
24.43
24.66
24.8
25.01
25.025
25.175
25.44
25.52
25.76
25.89
26.145
26.26
26.485
26.61
26.84
26.97
27.005
27.2
27.345
27.575
27.705
27.975
28.07
28.345
28.445
28.675
28.84
29.035
29.08
29.16
29.5
29.735
