0.49
0.72
0.94
1.155
1.37
1.555
1.76
1.94
2.025
2.245
2.36
2.38
2.66
2.76
3.055
3.315
3.425
3.525
3.96
4.12
4.36
4.425
4.6
4.845
4.96
5.025
5.24
5.27
5.73
6.14
6.26
6.42
6.58
6.795
7.01
7.195
7.45
7.665
7.865
7.895
8.105
8.32
8.545
8.74
9.185
9.22
9.305
9.445
9.625
9.71
9.845
9.985
10.02
10.255
10.48
10.68
10.75
10.965
11.105
11.605
11.74
11.785
11.98
12.21
12.45
12.645
12.88
13.09
13.32
13.535
13.76
13.985
14.205
14.43
14.65
14.86
15.075
15.32
15.525
15.745
16.205
16.64
17.1
17.35
17.525
17.645
17.76
17.975
18.23
18.415
18.65
18.865
19.13
19.3
19.54
19.73
20.005
20.18
20.6
20.625
20.855
20.915
20.985
21.02
21.25
21.29
21.5
21.935
22.195
22.375
22.58
22.795
23.01
23.225
23.435
23.665
23.89
24.12
24.225
24.32
24.545
24.62
24.82
24.985
25.42
25.86
26.07
26.29
26.495
26.725
26.935
27.155
27.385
27.6
27.82
28.035
28.26
28.47
28.905
29.01
29.205
29.305
29.71
