0.745
1.175
1.24
1.665
1.725
2.175
2.67
3.185
3.45
3.66
3.945
4.16
4.43
4.675
4.96
5.185
5.685
5.725
6.18
6.695
7.06
7.2
7.705
8.2
8.65
8.69
9.17
9.67
10.17
10.66
11.155
11.655
12.16
12.375
12.56
12.66
13.015
13.205
13.575
13.66
13.78
14.0
14.15
14.415
14.64
14.685
14.955
15.095
15.12
15.6
15.99
16.095
16.395
16.56
16.78
16.88
17.05
17.38
17.525
18.025
18.08
18.52
18.565
18.815
18.99
19.49
19.82
19.995
20.06
20.265
20.465
20.68
20.755
20.88
20.94
21.095
21.445
21.715
21.74
21.815
21.935
21.98
22.185
22.44
22.725
22.905
23.41
23.905
24.19
24.39
24.575
24.685
24.87
25.37
25.875
26.03
26.18
26.34
26.505
26.81
27.31
27.845
28.13
28.32
28.65
28.805
29.29
