0.695
1.065
1.29
1.59
1.895
1.925
2.505
2.82
3.16
3.775
4.02
4.245
4.4
4.72
5.0
5.02
5.17
5.335
5.655
6.16
6.26
6.575
6.62
6.785
6.835
6.91
7.155
7.235
7.455
7.505
7.8
7.885
8.15
8.43
8.715
8.775
8.995
9.31
9.675
10.26
10.435
10.575
10.625
11.82
12.455
12.795
13.08
13.395
13.655
13.695
13.99
14.31
14.61
14.91
15.225
15.545
15.85
15.89
16.055
16.165
16.48
16.795
17.18
17.395
17.42
17.73
18.035
18.225
18.39
18.565
18.675
18.995
19.215
19.235
19.305
19.94
20.085
20.235
20.56
20.885
21.18
21.395
21.49
21.795
22.14
22.445
22.65
22.735
23.055
23.355
23.675
23.98
24.305
24.62
24.915
25.23
25.55
25.855
26.045
26.175
26.48
26.805
26.965
27.14
27.425
27.735
28.04
28.28
28.385
28.69
29.0
29.045
29.33
29.645
29.805
