0.24
0.445
0.645
0.84
0.92
1.08
1.27
1.48
1.695
1.905
2.115
2.3
2.51
2.735
2.925
3.12
3.32
3.4
3.745
3.905
4.145
4.34
4.575
4.745
4.94
5.205
5.37
5.59
6.015
6.225
6.43
6.625
6.67
7.285
7.63
7.66
7.925
8.125
8.35
8.55
8.725
8.945
9.14
9.35
9.555
9.75
9.945
10.55
10.855
10.94
11.195
11.395
11.605
11.755
12.035
12.23
12.68
12.895
13.09
13.285
13.52
13.715
13.915
14.365
14.765
15.02
15.215
15.35
15.595
15.825
16.015
16.03
16.185
16.395
16.605
16.69
17.03
17.21
17.43
17.645
17.845
18.04
18.445
18.685
18.885
19.085
19.52
19.72
20.155
20.35
20.54
20.96
21.18
21.375
21.62
21.81
22.015
22.21
22.445
22.845
23.03
23.475
23.54
23.87
24.075
24.285
24.455
24.73
25.145
25.375
25.575
25.8
26.215
26.405
26.61
26.695
27.055
27.24
27.68
27.9
28.095
28.525
28.735
28.94
29.16
29.775
