0.3
0.51
0.725
0.845
0.95
1.165
1.405
1.49
1.59
1.815
2.03
2.24
2.465
2.56
2.685
2.88
3.12
3.23
3.33
3.55
3.77
3.89
3.975
4.09
4.2
4.305
4.425
4.63
4.86
4.965
5.07
5.29
5.5
5.72
5.94
6.065
6.16
6.37
6.59
6.7
6.795
7.03
7.24
7.365
7.455
7.675
7.79
7.9
8.11
8.33
8.435
8.525
8.765
8.98
9.195
9.415
9.52
9.63
9.84
10.065
10.28
10.5
10.705
10.92
11.155
11.37
11.585
11.7
11.805
11.91
12.02
12.125
12.235
12.45
12.575
12.67
12.775
12.885
13.105
13.32
13.545
13.785
13.915
13.975
14.19
14.405
14.62
14.845
15.055
15.275
15.49
15.71
15.925
16.14
16.25
16.36
16.575
16.795
17.01
17.125
17.23
17.445
17.66
17.87
17.985
18.1
18.315
18.53
18.75
18.86
18.965
19.185
19.395
19.62
19.835
20.05
20.265
20.48
20.7
20.915
21.135
21.35
21.565
21.78
22.0
22.22
22.435
22.65
22.87
23.085
23.305
23.52
23.74
23.955
24.175
24.385
24.605
24.825
25.04
25.255
25.475
25.69
25.905
26.125
26.34
26.555
26.775
26.995
27.21
27.425
27.65
27.86
28.08
28.295
28.515
28.73
28.95
29.165
29.38
29.6
