0.42
0.73
1.14
1.485
1.775
1.82
2.12
2.21
2.51
2.74
2.9
3.625
3.795
3.98
4.37
5.07
5.455
6.495
6.905
7.295
7.475
7.995
8.375
9.165
9.48
9.51
9.875
10.24
10.65
10.94
11.09
11.285
11.68
11.755
12.035
12.395
12.745
13.075
13.165
13.49
13.885
14.21
14.245
14.565
14.62
15.36
15.51
15.71
16.11
16.405
16.815
17.18
17.91
18.28
18.645
19.045
19.425
19.755
20.14
20.855
20.935
21.2
21.95
22.3
22.33
22.685
22.86
23.03
23.46
23.765
24.13
24.465
24.87
25.19
25.55
25.89
25.96
26.35
27.025
27.385
27.775
27.79
28.49
28.845
29.19
29.56
29.735
29.92
29.995
