0.095
0.29
0.515
0.695
1.11
1.32
1.505
1.755
1.925
2.14
2.325
2.54
2.735
2.95
3.13
3.34
3.55
3.75
3.945
4.165
4.375
4.57
4.76
4.975
5.18
5.385
5.575
5.79
5.995
6.2
6.385
6.6
6.805
7.01
7.195
7.415
7.625
7.82
8.01
8.235
8.425
8.725
8.885
9.025
9.265
9.58
9.7
9.92
10.115
10.325
10.345
10.52
10.715
10.935
11.14
11.33
11.55
11.565
11.745
11.95
12.14
12.36
12.56
12.6
12.765
12.95
13.175
13.37
13.59
13.77
13.935
14.005
14.18
14.415
14.58
14.835
15.0
15.21
15.38
15.62
15.81
16.03
16.205
16.415
16.625
16.83
17.02
17.24
17.43
17.65
17.835
18.05
18.24
18.455
18.64
18.865
19.055
19.27
19.46
19.675
19.885
20.075
20.27
20.49
20.685
20.9
21.085
21.305
21.495
21.7
21.89
22.115
22.31
22.49
22.525
22.65
22.715
22.93
23.12
23.335
23.52
23.745
23.935
24.15
24.34
24.555
24.75
24.95
24.985
25.145
25.37
25.495
25.565
25.77
25.965
26.18
26.375
26.585
26.77
26.995
27.185
27.4
27.495
27.59
27.815
27.995
28.22
28.3
28.58
28.84
29.125
29.415
29.675
29.725
29.92
29.96
