0.2
0.445
0.61
0.96
1.24
1.475
1.755
2.0
2.265
2.425
2.535
2.675
2.8
2.955
3.045
3.25
3.43
3.45
3.57
3.63
3.84
4.1
4.345
4.605
4.905
5.135
5.415
5.435
5.675
5.93
6.195
6.39
6.475
6.735
6.985
7.25
7.485
7.635
7.77
8.105
8.29
8.555
8.81
9.075
9.33
9.605
9.86
10.13
10.38
10.62
10.66
10.92
11.165
11.425
11.935
12.21
12.455
12.72
12.81
12.995
13.24
13.5
13.785
14.035
14.305
14.55
14.82
15.08
15.345
15.57
15.845
15.865
16.13
16.325
16.63
16.885
17.145
17.39
17.65
17.91
18.165
18.7
18.96
19.23
19.74
20.26
20.52
20.775
21.05
21.31
21.575
21.82
22.095
22.335
22.355
22.6
22.745
22.875
23.145
23.23
23.4
23.67
23.92
24.185
24.27
24.44
24.73
24.96
25.235
25.345
25.49
25.55
25.75
26.01
26.285
26.545
26.815
27.07
27.34
27.37
27.52
27.605
27.735
27.865
28.0
28.115
28.425
28.64
28.905
29.155
29.42
29.66
