0.095
0.14
0.555
0.935
1.005
1.425
1.73
1.845
2.3
2.755
3.175
3.465
3.61
4.07
4.515
4.94
4.965
5.365
5.83
6.29
6.545
6.72
7.015
7.145
7.57
7.605
8.02
8.435
8.87
9.32
9.77
10.215
10.505
10.64
11.07
11.515
11.95
12.37
12.84
13.075
13.305
13.735
14.035
14.185
14.605
15.045
15.475
15.92
16.35
16.8
17.235
17.545
17.67
17.73
18.11
18.43
18.545
18.755
18.85
18.91
18.98
19.305
19.375
19.86
20.315
20.75
21.025
21.165
21.625
22.055
22.495
22.945
23.395
23.84
24.28
24.58
24.72
25.165
25.395
25.61
26.035
26.45
27.395
27.59
27.835
28.12
28.255
28.685
29.105
29.54
29.81
29.975
