0.155
0.24
0.29
0.5
0.74
0.81
1.1
1.38
1.665
1.8
1.95
2.03
2.255
2.315
2.455
2.53
2.835
2.97
3.105
3.31
3.41
3.59
3.675
3.965
4.245
4.52
4.54
4.575
4.81
4.95
5.025
5.385
5.945
6.235
6.525
6.735
6.81
6.985
7.09
7.375
7.53
7.66
7.855
7.945
8.23
8.505
8.8
9.095
9.27
9.375
9.47
9.525
9.67
9.865
9.94
10.245
10.415
10.515
10.77
10.79
10.93
11.08
11.175
11.335
11.375
11.535
11.64
11.835
11.92
12.095
12.21
12.505
12.78
13.06
13.215
13.35
13.655
13.91
14.15
14.22
14.49
14.77
14.8
15.065
15.37
15.635
15.935
16.215
16.46
16.51
16.665
16.78
17.07
17.17
17.35
17.53
17.62
17.905
18.205
18.49
18.725
18.79
18.935
19.07
19.365
19.495
19.635
19.665
19.925
19.965
20.085
20.225
20.25
20.425
20.545
20.68
20.835
21.13
21.265
21.415
21.555
21.61
21.71
21.995
22.16
22.285
22.59
22.805
22.895
23.025
23.155
23.435
23.475
23.535
23.64
23.75
23.885
23.945
24.04
24.075
24.24
24.31
24.62
24.67
24.825
24.95
25.055
25.25
25.43
25.53
25.675
25.83
25.975
26.125
26.275
26.415
26.455
26.55
26.695
26.985
27.01
27.195
27.325
27.43
27.595
27.64
27.745
27.87
28.105
28.18
28.31
28.455
28.48
28.51
28.605
28.75
28.895
28.955
29.04
29.325
29.655
