0.2
0.23
0.445
0.69
0.725
0.945
1.195
1.435
1.665
1.925
1.955
2.145
2.165
2.34
2.41
2.665
2.895
2.935
3.15
3.365
3.635
3.885
4.11
4.35
4.525
4.6
4.845
5.09
5.365
5.585
5.83
5.85
6.07
6.455
6.56
6.81
6.975
7.045
7.26
7.295
7.52
7.76
8.005
8.295
8.515
8.665
8.75
8.99
9.16
9.255
9.49
9.515
9.745
9.98
10.01
10.22
10.485
10.715
10.945
10.975
11.19
11.43
11.67
11.915
12.16
12.195
12.42
12.66
12.89
13.145
13.385
13.63
13.665
13.87
13.905
14.16
14.37
14.62
14.84
15.06
15.34
15.57
15.6
15.815
16.065
16.315
16.555
16.585
16.8
17.04
17.23
17.3
17.505
17.545
17.785
18.01
18.085
18.21
18.275
18.53
18.76
18.985
19.23
19.485
19.565
19.735
19.985
20.16
20.22
20.465
20.71
20.925
21.125
21.19
21.35
21.425
21.66
21.705
21.98
22.055
22.175
22.41
22.64
22.665
22.805
23.03
23.15
23.405
23.455
23.475
23.64
23.675
23.88
24.03
24.13
24.38
24.625
24.89
24.905
25.08
25.135
25.365
25.38
25.605
25.845
26.09
26.335
26.58
26.81
26.87
27.055
27.305
27.34
27.555
27.81
27.825
28.03
28.29
28.535
28.775
29.015
29.28
29.495
29.745
29.975
