0.3
0.32
0.435
0.73
0.88
1.195
1.35
1.595
1.655
1.79
2.065
2.22
2.505
2.645
2.92
2.985
3.105
3.4
3.58
4.05
4.315
4.39
4.51
4.765
4.95
5.21
5.245
5.36
5.54
5.59
5.83
5.995
6.165
6.28
6.725
6.79
6.92
6.94
7.185
7.46
7.625
7.925
8.065
8.515
8.765
8.84
8.97
9.27
9.315
9.415
9.715
9.875
10.155
10.33
10.635
10.765
11.07
11.21
11.44
11.67
12.1
12.43
12.565
12.865
13.015
13.275
13.46
13.915
14.12
14.39
14.615
14.83
15.055
15.265
15.725
16.035
16.175
16.225
16.625
16.915
16.96
17.07
17.225
17.38
17.555
17.91
18.505
18.975
19.455
19.935
20.43
20.585
20.885
20.945
21.375
21.86
22.325
22.84
23.295
23.555
23.655
23.78
24.21
24.72
25.21
25.66
26.14
26.625
27.125
27.58
27.61
28.065
28.125
28.28
28.535
28.59
29.03
29.515
29.985
