0.155
0.745
2.245
2.55
2.85
3.155
4.685
4.91
4.995
5.285
5.6
7.095
7.395
7.71
8.015
8.32
8.61
8.65
8.95
9.105
9.265
9.565
10.73
10.755
11.04
11.215
11.375
11.66
12.0
12.165
12.31
12.9
13.07
13.155
13.21
13.47
13.76
14.055
15.58
15.865
16.025
16.335
16.785
17.085
17.28
17.39
17.715
17.99
18.3
18.59
18.9
19.79
20.125
20.245
20.425
20.73
21.035
21.335
21.635
21.71
21.965
22.24
22.365
22.525
22.835
23.145
23.45
23.74
25.26
25.56
25.875
26.155
26.48
26.79
27.345
27.405
27.655
27.91
28.215
28.28
28.485
28.535
28.7
28.815
29.155
29.46
29.72
29.755
