0.17
0.39
0.53
0.71
0.855
1.05
1.21
1.37
1.565
1.71
1.885
2.16
2.23
2.415
2.585
2.675
2.74
2.8
2.91
3.09
3.25
3.44
3.48
3.57
3.75
3.895
4.085
4.255
4.6
4.94
5.12
5.3
5.455
5.635
5.825
5.96
6.31
6.49
6.655
6.81
6.995
7.185
7.335
7.68
7.87
8.035
8.2
8.375
8.72
9.045
9.22
9.385
9.575
9.74
9.935
10.09
10.43
10.605
10.785
10.94
11.11
11.31
11.45
11.65
11.81
11.99
12.17
12.195
12.345
12.43
12.535
12.605
12.86
12.9
13.22
13.525
13.555
13.9
14.085
14.245
14.27
14.595
14.96
15.29
15.48
15.645
15.975
16.32
16.67
16.865
17.02
17.355
17.725
17.89
18.055
18.22
18.39
18.74
18.93
19.065
19.1
19.42
19.605
19.775
20.115
20.455
20.81
21.165
21.345
21.505
21.85
22.045
22.2
22.385
22.57
22.895
23.255
23.435
23.595
23.935
24.145
24.27
24.48
24.635
24.825
24.955
25.65
25.985
26.33
26.675
26.845
26.895
27.01
27.24
27.275
27.36
27.62
27.7
28.07
28.395
28.755
29.1
29.32
29.46
29.795
