0.17
0.45
0.5
0.63
0.905
1.075
1.345
1.385
1.53
1.82
1.985
2.195
2.295
2.465
2.77
2.915
3.19
3.395
3.66
3.84
4.12
4.175
4.31
4.585
4.755
5.045
5.215
5.495
5.675
5.92
5.96
6.13
6.15
6.42
6.595
6.865
6.895
7.04
7.24
7.325
7.36
7.51
7.81
7.96
8.25
8.42
8.695
8.885
9.15
9.335
9.61
9.775
9.965
10.075
10.255
10.54
10.705
10.985
11.165
11.445
11.625
11.91
12.075
12.355
12.515
12.545
12.815
12.99
13.255
13.41
13.435
13.715
13.89
14.17
14.345
14.62
14.805
15.075
15.53
15.58
15.705
16.005
16.165
16.45
16.625
16.895
17.06
17.365
17.525
17.835
17.98
18.265
18.315
18.455
18.73
18.91
19.175
19.205
19.35
19.635
19.815
20.105
20.26
20.45
20.57
20.72
21.005
21.17
21.46
21.625
21.915
22.07
22.265
22.365
22.515
22.81
22.97
23.265
23.425
23.74
23.89
24.185
24.33
24.63
24.8
25.075
25.095
25.27
25.565
25.73
26.01
26.135
26.455
26.605
26.88
26.91
27.07
27.36
27.54
27.83
27.995
28.27
28.44
28.725
28.89
29.185
29.35
29.615
29.655
29.805
