0.27
0.41
0.435
0.685
1.09
1.25
1.525
1.675
1.875
1.96
2.095
2.37
2.79
2.965
3.16
3.29
3.36
3.52
3.63
3.775
3.815
4.04
4.19
4.45
4.48
4.645
4.885
5.045
5.31
5.365
5.47
5.65
5.735
6.145
6.315
6.345
6.59
6.73
6.985
7.16
7.415
7.575
7.835
8.0
8.295
8.405
8.615
8.69
8.72
8.84
9.1
9.515
9.665
10.075
10.11
10.365
10.5
10.765
10.9
11.19
11.325
11.605
11.75
12.025
12.17
12.215
12.445
12.6
12.86
13.005
13.42
13.455
13.855
14.105
14.28
14.52
14.685
14.955
15.095
15.505
15.79
15.94
16.19
16.35
16.575
16.75
17.03
17.175
17.44
17.575
17.82
17.99
18.26
18.41
18.68
18.835
19.08
19.22
19.34
19.465
19.63
19.675
19.91
20.055
20.325
20.48
20.725
20.875
21.1
21.275
21.575
21.705
21.98
22.135
22.395
22.535
22.79
22.965
23.22
23.39
23.425
23.605
23.66
23.805
24.015
24.06
24.21
24.45
24.625
24.785
24.935
25.055
25.075
25.29
25.49
25.52
25.745
25.9
26.155
26.32
26.58
26.735
27.005
27.16
27.195
27.335
27.415
27.57
27.67
27.825
27.99
28.245
28.395
28.425
28.64
28.665
28.81
28.84
28.865
29.075
29.225
29.245
29.265
29.64
