0.27
0.875
1.035
1.475
1.7
2.07
2.33
2.385
2.66
3.25
3.5
3.85
4.175
4.455
5.06
5.36
5.665
5.825
6.27
6.56
6.59
6.88
7.045
7.175
7.48
7.77
8.085
8.37
8.675
8.89
9.13
9.275
9.5
9.585
9.875
10.11
10.195
10.475
10.63
10.79
11.075
11.375
11.555
11.675
11.995
12.285
12.485
12.595
12.885
13.105
13.475
13.795
14.055
14.375
15.02
15.24
15.52
15.72
15.87
16.09
16.385
16.8
17.085
17.365
17.59
17.885
17.96
18.25
18.425
18.535
18.84
19.135
19.155
19.44
19.77
20.045
20.215
20.62
20.675
20.935
20.955
21.145
21.225
21.43
21.83
22.145
22.425
22.635
23.02
23.325
23.54
23.605
23.93
24.215
24.535
24.715
24.82
25.42
25.77
26.025
26.62
26.91
27.11
27.215
27.815
28.11
28.405
28.71
29.0
29.35
29.605
