0.27
0.855
1.225
1.405
1.895
2.095
2.435
2.93
3.275
3.335
3.535
3.58
4.025
4.585
4.83
5.075
5.165
5.6
5.9
6.125
6.66
7.19
7.73
8.455
8.66
9.125
9.375
9.905
10.215
10.39
10.61
10.925
11.43
11.815
11.93
11.995
12.31
12.455
12.705
12.83
12.975
13.015
13.24
13.545
13.875
14.035
14.36
14.555
14.58
14.87
14.97
15.16
15.3
15.365
15.61
15.86
16.11
16.15
16.635
17.025
17.065
17.19
17.545
17.71
17.925
18.155
18.225
18.74
19.245
19.62
19.75
19.82
19.96
20.295
20.685
20.825
21.12
21.375
21.87
21.935
22.395
22.94
23.325
23.445
23.52
23.97
24.365
24.415
24.515
24.84
25.06
25.12
25.235
25.405
25.56
25.925
26.09
26.25
26.49
26.53
27.075
27.165
27.62
27.68
28.085
28.19
28.465
28.715
28.975
29.235
29.77
29.985
