0.705
1.06
1.41
1.75
1.77
2.13
2.515
2.87
3.3
3.585
3.94
4.025
4.115
4.28
4.43
4.63
5.01
5.195
5.36
5.705
5.875
6.075
6.415
6.615
6.77
7.12
7.495
7.695
7.855
8.08
8.205
8.56
9.07
9.305
9.625
9.655
9.815
9.985
10.22
10.25
10.355
10.735
10.75
11.055
11.41
11.485
11.77
12.12
12.475
12.83
13.18
13.54
13.75
13.885
14.075
14.255
14.37
14.44
14.62
14.865
14.945
15.125
15.325
15.605
15.665
15.835
16.015
16.725
17.055
17.095
17.275
17.445
17.78
18.125
18.475
18.845
19.2
19.545
19.885
20.275
20.615
20.96
20.995
21.31
21.67
22.035
22.4
22.73
22.77
22.96
23.44
23.49
23.82
24.17
24.55
24.92
25.105
25.28
25.47
25.635
25.985
26.345
26.68
27.035
27.08
27.4
27.74
27.785
27.8
28.125
28.475
28.65
28.68
28.83
28.85
29.16
29.21
29.365
29.545
29.575
29.895
