0.045
0.065
0.125
0.515
0.805
1.215
1.805
2.135
2.43
2.76
3.375
3.575
3.69
3.89
4.505
4.94
5.17
5.185
5.575
5.8
6.205
6.445
6.535
6.845
6.915
7.075
7.19
7.36
7.51
7.695
8.135
8.45
8.75
8.965
10.0
10.24
10.34
10.63
10.94
11.45
11.785
12.875
13.185
13.375
13.795
14.27
14.365
14.68
14.865
15.285
15.545
15.645
15.95
15.965
16.29
16.605
16.92
17.895
18.205
18.55
19.1
19.21
19.49
19.835
20.13
20.5
20.77
21.655
21.755
22.05
22.39
22.57
22.675
22.905
23.0
23.325
23.49
23.875
24.305
24.93
25.245
25.57
26.555
27.82
28.86
29.215
29.7
