0.39
0.615
0.83
1.07
1.295
1.58
1.74
1.98
2.205
2.65
3.13
3.18
3.325
3.44
3.485
3.565
3.82
4.02
4.285
4.49
4.97
5.295
5.415
5.865
5.895
6.115
6.225
6.345
6.81
7.255
7.72
8.185
8.4
8.62
8.66
9.085
9.325
9.555
9.795
9.995
10.015
10.475
10.685
10.75
10.92
11.155
11.31
11.385
11.625
11.755
11.83
12.735
13.21
13.245
13.465
13.67
14.12
14.575
14.815
15.055
15.28
15.495
15.525
15.97
16.405
16.675
16.95
17.125
17.355
17.635
17.825
17.87
18.255
18.725
18.97
19.19
19.225
19.64
20.115
20.57
20.83
21.045
21.515
21.965
22.2
22.425
22.64
22.89
23.34
23.795
24.28
24.495
24.735
25.17
25.63
26.105
26.34
26.545
26.575
27.025
27.48
27.975
28.19
28.41
28.88
28.915
29.345
29.745
29.81
