0.13
0.31
0.485
0.82
1.17
1.345
1.48
1.675
1.83
1.86
2.19
2.355
2.53
2.7
2.865
3.03
3.195
3.525
3.875
4.04
4.205
4.385
4.55
4.735
4.895
5.24
5.405
5.57
5.75
5.925
6.27
6.61
6.775
6.95
7.115
7.27
7.425
7.595
7.78
7.935
8.11
8.275
8.435
8.615
8.77
8.94
9.105
9.285
9.44
9.605
9.775
9.935
10.11
10.275
10.455
10.62
10.785
10.96
11.12
11.3
11.645
11.815
11.995
12.16
12.325
12.505
12.66
12.835
13.005
13.345
13.505
13.665
13.84
14.01
14.175
14.35
14.685
14.845
15.02
15.19
15.355
15.69
16.03
16.195
16.355
16.54
16.71
17.02
17.205
17.39
17.55
17.715
17.895
18.055
18.235
18.39
18.73
18.89
19.06
19.22
19.4
19.58
19.725
19.74
20.07
20.23
20.395
20.57
20.74
21.09
21.415
21.755
21.91
22.075
22.41
22.75
23.08
23.255
23.335
23.43
23.585
23.78
24.105
24.435
24.75
24.915
25.085
25.25
25.42
25.73
26.07
26.25
26.4
26.725
27.06
27.39
27.71
27.885
28.035
28.205
28.36
28.545
28.705
28.86
29.04
29.355
29.68
