0.21
0.355
0.515
0.595
0.665
0.865
0.985
1.12
1.275
1.44
1.595
1.755
1.86
1.905
2.185
2.4
2.51
2.55
2.71
2.87
3.03
3.305
3.445
3.785
3.86
4.275
4.35
4.595
4.765
5.07
5.19
5.27
5.41
5.555
5.64
5.935
6.005
6.06
6.28
6.295
6.38
6.465
6.7
6.75
6.865
6.925
7.035
7.145
7.255
7.355
7.57
7.705
8.05
8.24
8.575
8.665
8.995
9.07
9.17
9.425
9.53
9.635
9.8
9.855
9.96
10.27
10.435
10.47
10.66
10.725
10.83
10.915
11.135
11.215
11.28
11.585
11.76
11.84
11.87
12.08
12.2
12.385
12.545
12.73
12.835
12.95
13.01
13.045
13.14
13.32
13.435
13.63
13.74
13.94
14.265
14.39
14.705
14.875
15.0
15.04
15.165
15.345
15.51
15.675
15.73
15.825
15.855
16.185
16.29
16.48
16.59
16.79
16.9
17.11
17.215
17.43
17.54
17.75
17.85
18.06
18.175
18.385
18.405
18.645
18.785
18.93
18.995
19.095
19.275
19.41
19.61
19.72
19.92
20.045
20.225
20.35
20.55
20.67
20.845
20.955
21.0
21.195
21.3
21.505
21.615
21.915
21.94
22.235
22.28
22.57
22.85
23.055
23.185
23.39
23.685
23.8
24.105
24.43
24.74
24.915
25.235
25.33
25.365
25.545
25.665
25.89
25.97
26.275
26.595
26.88
27.22
27.42
27.54
27.69
27.805
27.85
28.035
28.095
28.16
28.355
28.45
28.78
28.975
29.085
29.41
29.715
