0.15
0.535
0.71
0.925
1.305
1.505
1.7
1.875
2.085
2.245
2.29
2.47
2.655
2.865
3.04
3.245
3.635
3.805
4.025
4.21
4.395
4.59
4.61
4.795
4.99
5.18
5.38
5.575
5.765
5.965
6.125
6.35
6.535
6.73
6.91
7.12
7.335
7.495
7.69
7.885
8.095
8.29
8.665
8.86
9.05
9.235
9.445
9.615
9.82
10.015
10.205
10.39
10.59
10.77
10.98
11.155
11.195
11.375
11.55
11.765
11.925
11.945
12.155
12.535
12.925
13.11
13.3
13.5
13.69
13.86
14.09
14.245
14.48
14.55
14.865
15.07
15.255
15.37
15.63
15.82
16.025
16.18
16.42
16.585
16.805
16.97
17.015
17.19
17.58
17.775
17.96
18.345
18.72
18.74
18.935
19.155
19.315
19.535
19.715
19.93
20.09
20.295
20.475
20.685
20.88
21.06
21.25
21.375
21.455
21.69
21.835
22.02
22.12
22.225
22.29
22.405
22.52
22.615
22.8
22.905
23.005
23.26
23.395
23.555
23.705
23.78
23.965
24.165
24.355
24.55
24.735
24.94
25.125
25.33
25.5
25.71
25.73
25.905
26.1
26.48
26.675
26.88
27.055
27.265
27.465
27.665
27.865
28.045
28.235
28.45
28.625
28.825
28.845
29.01
29.04
29.225
29.4
29.6
29.8
29.975
