0.065
0.095
0.27
0.485
0.695
0.885
1.08
1.29
1.505
1.545
1.715
1.745
1.92
1.945
2.125
2.35
2.545
2.775
2.965
3.17
3.375
3.595
3.63
3.79
3.99
4.18
4.415
4.82
5.0
5.23
5.425
5.64
5.835
6.035
6.06
6.46
6.665
6.87
7.3
7.545
7.71
7.925
8.135
8.345
8.56
8.76
8.91
8.98
9.19
9.38
9.6
9.74
9.805
10.02
10.215
10.415
10.445
10.635
10.805
10.835
11.045
11.255
11.465
11.655
11.88
12.085
12.3
12.5
12.72
12.925
13.13
13.33
13.35
13.54
13.735
13.95
14.14
14.215
14.375
14.58
14.595
14.795
15.01
15.215
15.41
15.63
15.835
15.865
16.055
16.245
16.465
16.665
16.88
17.08
17.295
17.55
17.71
17.91
18.12
18.335
18.555
18.74
18.955
19.18
19.375
19.575
19.79
20.025
20.195
20.635
21.04
21.77
21.89
22.57
22.755
22.96
23.005
23.18
23.385
23.595
23.79
24.0
24.415
24.635
24.725
24.835
25.035
25.245
25.455
25.65
25.875
26.07
26.48
26.685
26.91
27.12
27.31
27.52
27.7
27.715
27.975
28.15
28.34
28.565
28.78
28.97
29.0
29.38
29.42
29.6
29.645
29.765
29.83
