0.22
0.24
0.51
0.815
0.85
0.965
1.075
1.23
1.505
1.635
1.935
1.98
2.105
2.205
2.495
2.775
2.965
3.07
3.34
3.505
3.79
3.905
4.205
4.375
4.48
4.765
5.04
5.335
5.615
5.765
6.08
6.18
6.47
6.74
6.895
7.05
7.31
7.49
7.765
7.885
8.055
8.44
8.725
9.01
9.17
9.295
9.585
9.74
10.05
10.15
10.295
10.71
10.735
11.0
11.09
11.175
11.285
11.57
11.59
11.855
12.03
12.195
12.32
12.425
12.445
12.98
13.17
13.265
13.475
13.64
13.71
14.25
14.38
14.47
14.85
14.94
15.235
15.325
15.52
15.62
15.665
15.92
16.08
16.105
16.2
16.385
16.485
16.65
16.78
16.96
17.06
17.36
17.5
17.625
17.82
17.92
18.085
18.125
18.19
18.465
18.5
18.64
18.76
18.93
19.125
19.23
19.335
19.485
19.64
19.79
19.9
20.075
20.24
20.355
20.475
20.65
21.035
21.23
21.325
21.38
21.605
21.755
21.78
22.06
22.175
22.35
22.475
22.765
23.06
23.12
23.53
23.76
23.81
23.895
24.18
24.27
24.39
24.47
24.685
24.815
24.95
25.075
25.12
25.36
25.43
25.545
25.64
25.82
25.935
26.09
26.14
26.215
26.77
26.96
27.075
27.21
27.235
27.345
27.525
27.63
27.84
27.905
28.06
28.195
28.365
28.48
28.625
28.65
28.935
29.025
29.2
29.31
29.46
29.565
29.58
29.75
29.88
