0.095
0.36
0.48
0.78
0.89
0.95
1.325
1.605
1.96
1.99
2.105
2.43
2.535
2.98
3.21
3.415
3.82
4.09
4.3
4.51
4.65
4.95
5.07
5.48
5.755
5.855
5.925
6.17
6.31
6.35
6.72
7.145
7.415
7.44
7.575
7.83
7.935
7.975
8.365
8.625
8.745
8.785
9.05
9.2
9.44
9.615
9.87
10.025
10.44
10.705
11.12
11.235
11.265
11.5
11.53
11.655
11.92
12.07
12.09
12.46
12.51
12.76
12.905
13.165
13.315
13.585
13.72
13.745
14.175
14.32
14.485
14.56
14.965
14.99
15.38
15.655
15.845
15.87
16.085
16.22
16.49
16.525
16.63
16.955
17.03
17.32
17.46
17.7
17.86
18.13
18.26
18.685
18.955
19.365
19.505
19.78
19.92
20.305
20.585
20.74
21.045
21.135
21.38
21.81
21.96
22.155
22.62
22.775
22.805
22.98
23.185
23.6
23.865
24.275
24.42
24.675
24.855
25.245
25.655
25.85
26.08
26.3
26.51
26.625
26.875
26.905
27.285
27.56
27.715
27.92
27.95
28.135
28.54
28.79
28.945
29.2
29.36
29.77
