0.195
0.495
0.94
1.17
1.295
1.475
1.575
1.835
1.89
2.01
2.17
2.32
2.395
3.24
3.675
3.88
4.1
4.33
4.57
5.24
5.68
5.86
5.9
6.035
6.41
6.53
6.56
6.74
7.25
7.67
7.895
8.08
8.14
8.33
8.57
8.92
9.01
9.2
9.285
9.605
9.69
9.83
9.93
10.295
10.445
10.56
10.94
11.265
11.675
11.91
12.23
12.32
12.56
13.205
13.235
13.665
13.84
13.875
14.275
14.395
14.52
15.16
15.19
15.445
15.81
15.875
16.045
16.26
16.52
16.92
17.07
17.38
17.56
17.735
17.83
18.11
18.26
18.41
18.43
18.525
18.93
19.165
19.565
19.82
20.18
20.475
21.14
21.535
21.725
21.8
22.04
22.175
22.295
22.44
22.46
22.97
23.12
23.945
24.1
24.435
24.52
24.74
25.01
25.165
25.85
25.96
26.1
26.175
26.32
26.49
27.175
27.585
27.81
28.485
28.905
29.145
29.595
29.81
