0.1
0.375
0.525
0.81
0.935
1.24
1.535
1.715
1.82
2.11
2.41
2.69
2.835
3.115
3.165
3.24
3.325
3.55
3.835
4.135
4.42
4.725
4.99
5.43
5.55
5.86
6.13
6.435
6.645
6.72
7.025
7.21
7.295
7.44
7.715
7.855
8.07
8.13
8.16
8.44
8.74
9.015
9.32
9.595
9.74
10.025
10.08
10.155
10.36
10.46
10.745
11.05
11.335
11.635
11.915
12.06
12.345
12.47
12.665
12.775
13.06
13.34
13.665
13.955
14.22
14.405
14.645
14.77
14.97
15.08
15.37
15.68
15.945
16.25
16.515
16.71
16.815
16.96
17.08
17.39
17.495
17.68
17.97
18.26
18.495
18.56
18.725
18.83
18.975
19.255
19.385
19.695
19.985
20.155
20.29
20.57
20.87
21.145
21.29
21.575
21.7
21.87
22.005
22.175
22.295
22.51
22.595
22.885
23.19
23.455
23.655
23.805
24.025
24.37
24.62
24.84
24.91
25.195
25.3
25.5
25.67
25.77
26.065
26.355
26.515
26.64
26.7
26.92
27.195
27.495
27.8
28.075
28.24
28.36
28.395
28.645
28.935
29.205
29.48
29.495
29.56
29.8
