0.31
0.38
0.58
0.93
1.145
1.33
1.49
1.875
1.89
2.125
2.23
3.355
3.48
3.795
3.81
4.43
5.33
5.66
5.965
6.295
6.31
6.6
6.93
6.975
7.315
7.675
7.85
8.28
8.47
8.79
8.895
9.105
9.41
9.76
10.055
10.245
10.375
10.815
10.98
11.34
11.605
11.905
12.285
12.515
12.615
12.87
13.055
13.31
13.485
13.55
13.75
14.1
14.405
14.725
15.04
15.34
15.815
15.965
16.595
16.905
17.225
17.585
17.86
18.145
18.3
18.46
19.085
19.39
20.03
20.335
20.64
20.66
20.955
21.545
21.61
21.915
22.565
22.865
22.89
23.225
23.49
23.83
24.125
24.43
25.08
25.38
25.71
25.85
25.99
26.04
26.63
26.965
27.58
27.89
28.205
28.51
28.975
29.165
29.535
29.605
29.91
