0.58
0.81
1.26
1.49
1.715
1.94
2.145
2.25
2.35
2.56
2.78
2.905
3.0
3.215
3.44
3.535
3.63
3.82
4.07
4.29
4.51
4.735
4.755
5.19
5.42
5.65
5.805
6.07
6.285
6.51
6.645
6.79
6.95
7.18
7.215
7.4
7.62
7.835
8.05
8.28
8.495
8.64
8.71
8.925
9.165
9.375
9.58
9.81
10.045
10.25
10.475
10.755
10.935
11.145
11.365
11.59
11.81
12.245
12.48
12.69
12.845
13.12
13.335
13.565
13.76
14.01
14.225
14.255
14.47
14.68
14.89
15.11
15.34
15.58
15.77
15.995
16.22
16.435
16.645
16.865
17.095
17.33
17.525
17.745
17.975
18.195
18.405
18.63
18.855
18.92
19.08
19.28
19.56
19.74
19.755
19.955
20.175
20.4
20.63
20.875
21.07
21.275
21.53
21.725
21.96
22.175
22.4
22.6
22.85
23.06
23.1
23.225
23.3
23.515
23.725
23.96
24.175
24.395
24.605
24.8
24.84
25.275
25.475
25.67
25.695
25.92
26.15
26.36
26.58
26.8
27.035
27.24
27.465
27.685
27.9
28.125
28.345
28.555
28.78
29.0
29.23
29.445
29.865
