0.09
0.62
0.895
1.175
1.46
2.05
2.325
2.62
2.92
3.205
3.34
3.485
3.675
3.77
3.91
4.335
4.655
4.895
5.16
5.215
5.455
5.64
5.745
6.02
6.3
6.59
6.875
7.16
7.44
7.715
8.005
8.295
8.48
8.855
8.885
9.16
9.43
9.72
10.0
10.215
10.29
10.575
10.88
11.125
11.16
11.42
11.705
12.01
12.13
12.39
12.55
12.635
12.795
12.91
13.155
13.31
13.58
13.67
13.995
14.145
14.275
14.535
14.57
14.845
15.11
15.155
15.67
15.7
15.955
15.985
16.25
16.55
16.57
16.82
17.005
17.115
17.175
17.4
17.445
17.69
17.96
18.27
18.53
18.57
18.815
19.095
19.25
19.37
19.655
19.945
20.24
20.525
21.13
21.35
21.67
21.95
21.98
22.335
22.495
22.805
22.835
23.365
23.635
23.925
24.185
24.235
24.745
24.785
24.8
25.05
25.33
25.63
25.91
26.18
26.265
26.31
26.52
26.6
26.72
26.815
27.05
27.22
27.33
27.565
27.615
27.69
27.95
28.19
28.475
28.735
28.76
29.26
29.305
29.36
29.615
29.88
