0.42
0.625
1.085
1.56
1.87
2.03
2.325
2.475
2.77
2.865
3.4
3.715
3.875
4.365
4.615
4.8
5.29
5.615
5.765
6.24
6.72
7.19
7.22
7.63
7.675
8.14
8.4
8.615
9.105
9.43
9.51
9.575
9.595
9.9
10.055
10.51
10.76
10.94
10.98
11.41
11.975
12.23
12.29
12.43
12.62
12.715
12.875
12.935
13.175
13.365
13.62
13.655
13.88
14.19
14.33
14.785
15.135
15.275
15.61
15.78
16.065
16.115
16.235
16.715
17.025
17.19
17.485
17.67
17.985
18.12
18.445
18.915
19.055
19.2
19.35
19.5
19.97
20.445
20.795
20.935
21.305
21.355
21.64
21.73
21.885
22.07
22.355
22.835
23.09
23.315
23.55
23.63
23.785
24.015
24.08
24.255
24.74
25.24
25.33
25.575
25.72
26.185
26.49
26.62
26.665
27.15
27.475
27.56
27.615
28.095
28.39
28.57
28.8
29.395
29.525
