0.135
0.395
0.55
0.735
1.145
1.315
1.34
1.735
2.1
2.15
2.505
2.735
2.78
3.005
3.35
3.49
3.595
3.8
3.975
4.0
4.37
4.41
4.625
5.01
5.415
5.48
5.825
6.035
6.11
6.215
6.605
6.64
6.825
7.055
7.51
7.66
7.83
7.87
7.885
8.29
8.455
8.62
8.67
9.28
9.325
9.885
10.09
10.225
10.29
10.495
10.54
10.935
11.0
11.125
11.53
11.73
11.92
11.945
12.145
12.54
12.555
12.645
12.795
13.135
13.155
13.215
13.58
13.985
14.175
14.36
14.94
15.16
15.585
15.765
15.815
16.03
16.39
16.54
16.615
16.985
17.425
17.6
17.625
17.96
18.29
18.845
19.05
19.25
19.435
19.64
19.88
20.68
20.875
21.27
21.485
21.675
21.7
22.075
22.305
22.705
22.895
22.935
23.105
23.3
23.315
23.51
23.91
24.115
24.135
24.53
24.715
24.9
25.125
25.185
25.355
25.525
25.965
26.12
26.145
26.34
26.555
26.75
26.935
27.14
27.345
27.755
27.95
28.135
28.355
28.55
28.745
28.965
29.325
29.365
29.565
29.735
29.965
