0.09
0.335
0.58
0.83
0.865
1.375
1.61
1.795
1.82
2.09
2.285
2.36
2.56
2.62
2.795
3.06
3.31
3.52
3.705
3.78
4.01
4.05
4.225
4.525
4.77
5.245
5.475
5.725
6.045
6.34
6.385
6.74
7.23
7.495
7.53
7.75
7.855
7.99
8.22
8.765
9.23
9.485
9.705
9.905
10.015
10.37
10.74
11.025
11.23
11.53
11.72
12.025
12.495
12.745
12.775
13.22
13.415
13.515
13.7
13.805
13.985
14.045
14.06
14.27
14.335
14.74
15.255
15.5
15.745
15.855
15.96
16.045
16.245
16.335
16.72
16.755
17.2
17.49
17.71
17.895
17.995
18.39
18.675
19.125
19.465
19.635
19.905
20.145
20.385
20.63
20.705
20.87
21.095
21.325
21.86
22.34
22.415
22.575
22.86
23.17
23.29
23.52
23.58
23.76
23.945
24.045
24.27
24.47
24.745
24.835
24.98
25.205
25.42
25.495
25.68
25.93
25.955
26.175
26.395
26.705
26.89
27.14
27.37
27.6
28.085
28.325
28.565
28.765
29.04
29.235
29.49
29.535
29.685
29.98
