0.09
0.195
0.37
0.785
1.005
1.09
1.39
1.645
1.695
1.98
2.28
2.455
2.51
2.895
3.16
3.215
3.48
3.78
4.085
4.355
4.56
4.64
4.93
5.175
5.515
5.73
5.76
6.005
6.455
6.655
6.76
6.775
6.945
7.05
7.275
7.53
7.845
8.085
8.2
8.49
8.51
8.81
9.095
9.28
9.395
9.725
9.945
10.03
10.29
10.475
10.585
10.895
11.07
11.19
11.225
11.495
11.52
11.705
11.78
11.975
12.405
12.64
12.66
12.685
12.87
12.975
13.23
13.54
13.805
14.105
14.295
14.38
14.41
14.68
14.94
15.27
15.31
15.43
15.495
15.84
15.885
16.06
16.325
16.455
16.64
17.02
17.04
17.58
17.875
17.925
18.185
18.37
18.49
18.77
19.0
19.065
19.19
19.25
19.645
19.84
19.92
20.235
20.515
20.82
20.855
21.12
21.33
21.995
22.05
22.31
22.6
22.88
22.93
23.175
23.47
23.77
24.015
24.055
24.295
24.495
24.565
24.82
25.11
25.215
25.49
25.525
25.755
26.05
26.345
26.53
26.95
27.185
27.425
27.835
28.04
28.28
28.705
28.925
29.02
29.21
29.29
29.59
