0.405
0.625
0.845
1.07
1.27
1.5
1.715
1.755
1.96
2.185
2.39
2.61
2.665
2.865
3.075
3.295
3.49
3.735
3.945
4.035
4.165
4.4
4.615
4.825
5.04
5.3
5.505
5.72
5.935
6.165
6.385
6.595
6.81
6.84
7.045
7.245
7.465
7.69
7.805
7.905
8.005
8.095
8.2
8.28
8.415
8.485
8.585
8.725
8.98
9.185
9.395
9.605
9.86
10.06
10.285
10.515
10.78
10.94
11.165
11.39
11.61
11.82
12.035
12.265
12.3
12.535
12.58
12.715
12.925
13.125
13.15
13.385
13.41
13.59
13.815
14.005
14.29
14.495
14.71
14.935
14.96
15.165
15.215
15.39
15.61
15.885
16.085
16.325
16.54
16.76
17.005
17.22
17.435
17.67
17.865
18.08
18.3
18.52
18.745
18.855
18.955
19.17
19.425
19.63
19.845
20.055
20.285
20.3
20.52
20.73
20.96
21.185
21.395
21.595
21.815
22.04
22.23
22.48
22.7
22.725
22.92
23.15
23.375
23.6
23.82
23.845
24.06
24.08
24.245
24.27
24.48
24.725
24.81
24.915
25.155
25.365
25.59
25.81
26.03
26.24
26.41
26.495
26.695
26.925
27.125
27.16
27.37
27.59
27.8
28.025
28.255
28.45
28.66
28.88
29.085
29.315
29.54
