0.065
0.54
0.725
0.89
1.245
1.58
1.985
2.015
2.2
2.345
2.545
2.715
2.895
3.075
3.435
3.58
3.795
3.945
4.155
4.305
4.455
4.505
4.83
4.875
5.06
5.225
5.425
5.575
5.785
5.92
6.095
6.285
6.645
6.84
7.165
7.35
7.71
7.885
8.08
8.415
8.795
9.12
9.48
9.815
10.18
10.54
10.81
10.895
11.1
11.28
11.355
11.64
11.995
12.035
12.16
12.38
12.71
13.065
13.45
13.7
13.81
14.04
14.145
14.355
14.545
14.905
15.22
15.265
15.58
15.95
15.985
16.33
16.37
16.68
17.055
17.42
17.62
17.81
18.16
18.51
18.87
19.24
19.425
19.61
19.97
20.145
20.32
20.535
20.67
21.415
21.795
22.15
22.325
22.5
22.695
22.86
23.1
23.215
23.235
23.43
23.6
23.96
24.15
24.32
24.49
24.675
25.055
25.225
25.41
25.585
25.77
26.005
26.145
26.33
26.505
26.89
27.225
27.6
27.775
27.95
28.15
28.335
28.47
28.645
29.03
29.285
29.39
29.565
29.765
29.985
