0.23
0.335
0.595
0.785
1.045
1.09
1.29
1.38
1.495
1.625
1.76
1.885
1.995
2.155
2.38
2.53
2.775
3.16
3.29
3.575
3.65
3.84
3.935
4.035
4.12
4.185
4.55
4.755
4.9
5.22
5.31
5.67
5.97
6.06
6.165
6.455
6.575
6.725
6.945
6.985
7.125
7.37
7.66
7.93
8.15
8.415
8.79
8.915
9.06
9.26
9.51
9.845
10.045
10.08
10.21
10.25
10.49
10.605
10.75
10.86
11.125
11.285
11.415
11.48
11.65
11.75
11.84
12.09
12.26
12.31
12.605
12.685
12.845
13.045
13.45
13.525
13.77
13.875
14.08
14.35
14.64
14.67
15.065
15.15
15.365
15.555
15.925
15.955
16.345
16.42
16.675
16.715
16.82
17.165
17.445
17.585
17.945
18.205
18.42
18.63
18.77
18.87
19.15
19.365
19.4
19.49
19.62
19.905
19.98
20.18
20.4
20.63
20.73
21.135
21.3
21.39
21.45
21.895
22.13
22.44
22.74
22.85
22.87
23.13
23.395
23.59
23.825
23.955
24.385
24.61
24.825
25.0
25.09
25.26
25.33
25.35
25.585
25.695
25.9
25.975
26.195
26.355
26.48
26.68
26.88
27.135
27.415
27.54
27.645
28.03
28.23
28.415
28.45
28.76
29.51
29.555
29.655
