0.195
0.49
0.705
0.79
1.1
1.735
2.035
2.345
2.64
2.935
2.975
3.255
3.55
3.59
3.835
3.885
4.165
4.485
4.785
5.09
5.385
5.69
5.855
5.95
5.985
6.18
6.28
6.585
6.855
7.025
7.165
7.305
7.445
7.75
8.04
8.21
8.34
8.375
8.63
8.7
8.895
9.0
9.27
9.295
9.45
9.585
9.87
10.18
10.46
10.775
11.075
11.39
11.705
11.85
11.98
12.12
12.27
12.445
12.56
12.765
12.895
13.0
13.175
13.455
13.48
13.75
13.79
14.065
14.365
14.645
14.96
15.25
15.395
15.57
15.85
15.88
16.045
16.17
16.465
16.755
17.055
17.335
17.37
17.655
17.825
17.96
18.275
18.55
18.87
19.16
19.44
19.46
19.655
19.745
19.935
20.04
20.245
20.335
20.67
20.975
21.27
21.5
21.59
21.875
22.175
22.355
22.495
22.62
22.78
23.11
23.295
23.375
23.66
23.995
24.305
24.595
24.88
24.955
25.205
25.535
25.795
25.86
26.105
26.165
26.41
26.71
26.775
27.05
27.3
27.425
27.695
28.005
28.31
28.47
28.6
28.875
28.925
29.235
29.53
29.85
