0.215
0.775
1.28
1.555
2.08
2.34
2.875
3.145
3.4
3.68
3.945
4.195
4.46
4.745
5.0
5.275
5.53
5.745
5.81
6.0
6.375
6.605
6.885
7.405
7.665
7.94
8.205
8.475
8.725
9.01
9.285
9.53
9.79
10.365
10.6
10.85
11.13
11.15
11.4
11.665
11.92
12.19
12.47
12.725
12.975
13.27
13.505
13.795
14.04
14.315
14.6
14.86
15.115
15.385
15.655
15.915
16.18
16.455
16.72
16.985
17.24
17.76
18.3
18.565
18.845
19.09
19.345
19.58
19.885
20.305
20.415
20.685
20.94
21.195
21.475
21.735
21.99
22.045
22.265
22.525
22.79
23.055
23.15
23.325
23.385
23.58
23.635
23.84
23.88
24.1
24.365
24.63
24.885
25.145
25.405
25.665
25.715
25.935
26.19
26.45
26.7
26.97
27.225
27.48
27.735
27.99
28.255
28.5
28.76
29.02
29.275
29.54
29.795
