0.17
0.415
0.66
0.915
1.145
1.415
1.705
1.895
2.15
2.625
2.66
2.9
3.135
3.38
3.635
3.9
4.145
4.38
4.63
4.87
5.115
5.375
5.63
5.865
6.115
6.37
6.5
6.595
6.745
6.84
7.095
7.315
7.84
8.075
8.315
8.725
8.82
8.86
9.035
9.065
9.3
9.465
9.56
9.8
10.025
10.295
10.515
10.58
10.765
11.015
11.23
11.75
11.995
12.24
12.485
12.71
12.745
12.97
13.125
13.22
13.475
13.72
13.955
14.21
14.43
14.46
14.69
14.95
15.19
15.425
15.685
15.795
15.925
16.175
16.2
16.435
16.675
16.955
17.17
17.665
17.925
18.155
18.41
18.44
18.65
18.89
19.145
19.365
19.64
19.88
20.135
20.385
20.625
20.865
21.03
21.125
21.255
21.485
21.6
21.74
21.825
21.875
22.07
22.33
22.575
22.78
22.86
23.06
23.57
24.06
24.33
24.56
24.79
24.835
25.305
25.545
25.785
26.03
26.15
26.265
26.305
26.39
26.505
26.77
27.015
27.2
27.285
27.51
28.01
28.26
28.485
28.745
29.235
29.265
29.47
29.715
29.965
