0.55
0.84
1.465
2.34
2.43
2.725
2.83
3.16
3.35
3.435
3.785
3.95
4.065
4.8
5.42
5.765
6.53
6.645
7.05
7.095
7.175
7.3
7.72
7.98
8.285
8.415
8.6
8.875
9.18
9.425
9.74
10.015
10.065
10.405
10.6
11.07
11.19
11.63
11.87
12.335
12.61
12.89
13.495
13.55
14.05
14.67
15.02
15.11
15.15
15.62
15.765
16.265
16.435
16.725
16.915
17.18
17.475
19.215
19.52
19.775
20.015
20.32
20.9
21.195
21.465
22.005
22.035
22.475
23.455
23.48
24.015
24.32
24.59
25.16
25.455
25.735
26.29
26.59
26.63
27.415
28.0
28.295
28.85
29.11
