0.255
0.295
0.715
1.205
1.535
1.65
1.875
2.105
2.335
2.58
3.395
3.495
3.54
3.89
3.995
4.22
4.46
4.93
5.4
5.645
5.87
6.13
6.32
6.575
6.805
7.03
7.265
7.42
7.51
7.74
7.97
8.205
8.67
9.17
9.395
9.62
9.955
10.08
10.315
10.545
10.78
11.005
11.245
11.465
11.685
11.935
12.425
12.875
12.9
13.125
13.365
13.585
13.695
13.805
14.065
14.3
14.505
14.535
14.76
15.0
15.225
15.44
15.675
16.155
16.4
16.625
16.855
17.095
17.44
17.55
17.78
18.01
18.245
18.43
18.475
18.715
18.945
19.16
19.4
19.715
19.89
20.365
20.585
20.83
21.18
21.28
21.525
21.75
21.98
22.215
22.45
22.69
22.915
23.155
23.39
23.62
24.09
24.325
24.555
24.765
24.975
25.01
25.29
25.5
25.97
26.19
26.43
26.655
26.68
26.9
27.115
27.365
27.825
28.05
28.3
28.535
28.79
28.9
29.01
29.125
29.23
29.445
