0.105
0.465
0.655
0.815
1.165
1.52
1.705
1.87
2.245
2.57
2.955
3.305
3.495
3.675
4.035
4.39
4.59
4.745
5.095
5.63
5.82
6.175
6.365
6.52
6.875
7.235
7.435
7.575
7.74
7.82
7.945
8.16
8.365
8.67
8.86
9.005
9.225
9.38
9.57
9.75
9.905
9.93
10.09
10.27
10.435
10.78
11.33
11.505
11.7
11.87
12.045
12.215
12.55
12.92
13.12
13.26
13.47
13.625
13.97
13.99
14.18
14.34
14.48
14.695
15.05
15.395
15.76
16.11
16.31
16.465
16.815
16.995
17.34
17.515
17.865
18.24
18.425
18.705
18.81
18.97
19.54
19.72
20.08
20.265
20.43
20.62
20.78
21.155
21.325
21.715
21.87
22.625
22.98
23.18
23.34
23.52
23.685
24.06
24.245
24.635
24.8
25.365
25.54
25.73
25.885
25.905
26.085
26.1
26.245
26.44
26.585
26.965
27.15
27.54
27.72
28.075
28.26
28.43
28.645
28.79
29.15
29.335
29.505
29.875
