0.2
0.5
0.78
1.045
1.33
1.6
1.805
1.85
2.085
2.475
2.505
2.69
2.94
3.04
3.14
3.245
3.345
3.45
3.545
3.77
3.93
4.18
4.21
4.41
4.845
5.01
5.275
5.495
5.675
5.905
6.12
6.18
6.445
6.715
6.985
7.02
7.27
7.55
7.795
7.835
8.065
8.095
8.305
8.345
8.59
8.83
9.25
9.685
9.785
9.89
9.995
10.095
10.195
10.295
10.515
10.68
10.925
11.155
11.595
11.82
11.95
12.225
12.435
12.665
12.89
13.095
13.33
13.51
13.77
13.995
14.21
14.43
14.645
15.065
15.39
15.705
15.925
16.15
16.165
16.395
16.59
16.84
17.06
17.285
17.5
17.74
17.94
18.18
18.375
18.62
18.815
18.98
19.05
19.29
19.5
19.715
19.745
19.95
20.175
20.395
20.585
20.765
20.85
21.07
21.285
21.515
21.74
22.17
22.395
22.615
22.8
23.055
23.28
23.315
23.505
23.725
23.96
24.19
24.4
24.58
24.62
24.84
25.045
25.295
25.51
25.74
25.935
26.17
26.405
26.615
26.83
26.845
27.075
27.31
27.51
27.965
28.19
28.4
28.63
28.85
29.075
29.295
29.48
