0.21
0.395
0.905
1.37
1.575
1.83
2.275
2.51
2.77
3.465
3.705
3.94
4.16
4.365
4.59
4.615
5.115
5.325
5.58
5.89
6.02
6.245
6.51
6.95
7.175
7.4
7.615
7.875
8.09
8.31
8.795
9.005
9.27
9.74
10.22
10.465
10.64
11.36
11.83
12.035
12.49
12.71
12.965
13.16
13.4
13.625
13.88
14.35
14.555
14.72
14.775
15.01
15.21
15.49
15.69
15.965
16.145
16.405
16.625
16.855
17.11
17.365
17.44
17.565
18.02
18.265
18.485
18.71
18.92
19.085
19.395
19.875
20.11
20.34
20.57
20.805
21.06
21.275
21.735
21.98
22.195
22.655
22.675
22.93
23.125
23.365
23.575
23.81
23.85
24.06
24.265
24.505
24.54
24.76
24.995
25.455
25.675
25.9
26.125
26.365
26.605
26.81
26.99
27.495
27.73
27.96
28.185
28.42
28.655
28.895
29.13
29.335
29.555
29.84
