0.08
0.155
0.24
0.505
0.695
0.97
1.15
1.6
1.83
2.05
2.475
2.735
2.945
3.39
3.66
3.85
4.06
4.315
4.52
4.76
4.98
5.21
5.42
5.65
6.115
6.32
6.545
6.805
7.0
7.455
7.685
7.91
8.08
8.33
8.555
8.755
8.855
8.96
9.03
9.155
9.36
9.46
9.545
9.785
9.88
10.0
10.36
10.48
10.7
10.935
11.375
11.825
12.265
12.725
13.01
13.17
13.375
13.625
14.085
14.305
14.535
14.98
15.42
15.865
16.04
16.315
16.77
17.215
17.685
17.885
18.025
18.13
18.33
18.58
19.04
19.48
19.925
20.375
20.825
21.27
21.485
21.645
21.73
21.985
22.18
22.5
22.62
23.07
23.515
23.975
24.415
24.86
25.315
25.775
26.225
26.675
27.14
27.575
28.035
28.49
28.685
28.935
29.385
29.845
