1.335
1.645
2.335
2.64
2.67
3.06
3.275
3.525
3.91
4.25
4.54
4.605
5.135
5.255
5.92
6.045
6.25
6.57
7.16
8.12
10.125
10.45
12.055
12.2
12.515
12.64
12.82
12.97
13.135
13.3
13.375
13.81
13.83
13.95
14.13
14.31
14.61
14.685
15.135
15.47
15.66
15.985
16.12
16.42
16.62
16.925
16.97
17.12
17.42
17.655
17.88
17.99
18.405
18.635
18.91
19.09
19.19
19.395
19.52
19.78
19.96
20.17
20.365
20.75
20.825
21.19
21.345
21.63
21.745
22.05
22.24
22.99
23.305
23.815
24.26
24.605
24.925
25.265
25.6
25.91
25.95
26.27
26.595
26.935
27.27
27.615
27.905
27.925
28.595
29.28
29.625
