0.245
0.375
0.595
0.73
0.94
1.08
1.285
1.425
1.62
1.735
1.775
1.97
2.125
2.305
2.475
2.665
2.82
3.01
3.165
3.355
3.52
3.71
3.86
4.215
4.555
4.905
5.09
5.265
5.3
5.395
5.45
5.605
5.65
5.795
5.945
6.15
6.3
6.485
6.64
6.99
7.195
7.33
7.54
7.685
7.87
8.045
8.225
8.39
8.575
8.725
8.925
9.075
9.27
9.42
9.7
9.775
10.04
10.12
10.315
10.33
10.465
10.65
10.825
10.945
11.015
11.17
11.355
11.505
11.725
11.86
12.055
12.205
12.4
12.55
12.745
12.855
12.905
13.1
13.25
13.435
13.605
13.79
13.945
14.135
14.29
14.49
14.65
14.835
14.995
15.34
15.535
15.685
15.875
16.035
16.22
16.4
16.59
16.74
17.08
17.29
17.42
17.46
17.61
17.77
17.96
18.115
18.465
18.655
18.81
19.0
19.18
19.35
19.515
19.71
19.855
20.055
20.215
20.395
20.55
20.745
20.9
21.1
21.24
21.435
21.6
21.785
22.145
22.3
22.635
22.985
23.185
23.33
23.68
24.025
24.39
24.55
24.725
25.075
25.42
25.78
26.05
26.12
26.47
26.635
26.815
27.165
27.35
27.53
27.86
28.205
28.39
28.555
28.745
28.88
28.9
29.245
29.595
