0.13
0.26
0.425
0.59
0.775
1.105
1.265
1.455
1.515
1.63
1.795
1.83
1.845
1.965
2.0
2.14
2.32
2.485
2.55
2.65
2.865
3.005
3.17
3.185
3.255
3.34
3.49
3.71
3.865
4.005
4.025
4.165
4.44
4.545
4.605
4.71
4.855
4.885
5.105
5.13
5.23
5.27
5.365
5.395
5.55
5.63
5.755
5.945
6.06
6.18
6.26
6.475
6.6
6.63
6.775
6.985
7.13
7.295
7.375
7.46
7.635
7.695
7.905
8.03
8.145
8.32
8.355
8.505
8.73
8.835
9.02
9.2
9.31
9.355
9.415
9.52
9.645
9.695
9.875
10.09
10.21
10.255
10.385
10.435
10.655
10.73
10.785
10.895
10.92
11.07
11.11
11.25
11.415
11.58
11.755
12.005
12.135
12.265
12.475
12.515
12.625
12.815
12.955
13.13
13.335
13.47
13.645
13.815
13.885
14.0
14.165
14.205
14.33
14.505
14.575
14.735
14.845
14.87
15.02
15.075
15.19
15.395
15.535
15.705
15.89
15.935
16.09
16.275
16.39
16.565
16.75
16.915
16.945
17.08
17.25
17.35
17.455
17.495
17.6
17.665
17.77
17.94
17.995
18.12
18.285
18.31
18.47
18.615
18.695
18.83
19.02
19.14
19.31
19.385
19.495
19.66
19.715
19.83
20.0
20.025
20.225
20.345
20.415
20.515
20.69
20.73
20.87
21.07
21.205
21.245
21.38
21.595
21.725
21.855
21.925
22.065
22.1
22.245
22.41
22.465
22.58
22.775
22.97
23.095
23.145
23.265
23.44
23.625
23.785
23.92
23.955
24.12
24.16
24.35
24.395
24.5
24.64
24.81
24.995
25.16
25.31
25.335
25.5
25.69
25.845
25.915
26.015
26.185
26.22
26.385
26.53
26.56
26.7
26.89
27.065
27.215
27.385
27.56
27.745
27.905
27.94
28.075
28.25
28.46
28.565
28.76
28.94
29.115
29.3
29.45
29.625
29.8
29.97
