0.105
0.39
0.57
0.695
0.755
0.965
1.11
1.22
1.26
1.39
1.41
1.52
1.675
1.8
1.975
2.1
2.15
2.42
2.71
2.915
2.975
3.285
3.405
3.435
3.545
3.74
3.78
3.865
4.085
4.18
4.33
4.455
4.615
4.735
5.025
5.15
5.195
5.31
5.465
5.58
5.975
6.05
6.185
6.405
6.795
6.945
7.05
7.225
7.345
7.62
7.91
8.245
8.385
8.5
8.695
8.805
8.94
9.075
9.26
9.36
9.65
9.805
9.925
10.075
10.21
10.53
10.815
10.97
11.085
11.175
11.27
11.4
11.56
11.675
11.885
11.97
12.255
12.305
12.555
12.7
12.86
13.13
13.325
13.44
13.58
13.61
13.715
13.865
13.99
14.155
14.29
14.43
14.455
14.575
14.7
14.865
15.09
15.13
15.29
15.45
15.695
15.91
16.03
16.165
16.325
16.585
16.61
16.905
17.19
17.39
17.56
17.635
17.765
18.015
18.155
18.235
18.35
18.535
18.63
18.925
19.08
19.16
19.38
19.51
19.78
20.085
20.26
20.28
20.365
20.545
20.645
20.67
20.845
20.945
21.105
21.24
21.415
21.52
21.825
22.1
22.245
22.4
22.545
22.665
22.705
22.88
22.945
22.995
23.14
23.165
23.265
23.56
24.025
24.14
24.38
24.435
24.595
24.615
24.725
24.9
25.02
25.28
25.46
25.58
25.595
25.74
25.78
25.88
26.065
26.185
26.2
26.345
26.46
26.635
26.765
27.045
27.24
27.31
27.61
27.635
27.79
27.915
28.205
28.34
28.375
28.645
28.785
29.13
29.36
