0.415
0.615
0.72
0.86
1.01
1.27
1.385
1.595
1.965
2.135
2.195
2.4
2.565
2.81
3.025
3.415
3.67
3.82
3.94
4.005
4.18
4.32
4.47
4.9
5.06
5.185
5.215
5.405
5.47
5.815
6.275
6.46
6.65
6.985
7.28
7.34
7.58
7.905
8.03
8.17
8.585
8.77
8.995
9.16
9.35
9.39
9.735
9.965
10.355
10.545
10.92
11.045
11.13
11.35
11.415
12.155
12.35
12.92
13.28
13.51
13.55
13.89
13.98
14.085
14.75
15.14
15.3
15.55
15.665
15.885
15.95
16.345
16.53
16.895
17.08
17.345
17.555
17.925
18.275
18.3
18.72
18.87
18.92
19.495
20.13
20.505
20.7
20.95
21.1
21.185
21.305
21.47
21.645
21.8
21.895
22.52
22.76
22.9
23.035
23.12
23.15
23.44
23.695
23.995
24.135
24.275
24.505
24.53
24.91
25.35
25.54
25.72
26.09
26.345
26.725
26.81
26.965
27.135
27.28
27.59
27.805
27.99
28.165
28.475
28.675
28.86
29.0
29.065
29.315
29.46
29.5
