0.145
0.17
0.425
0.675
0.71
0.93
1.14
1.215
1.44
1.565
1.715
1.835
2.19
2.215
2.35
2.675
2.72
2.95
3.075
3.215
3.44
3.73
3.98
4.255
4.5
4.715
4.765
5.0
5.255
5.505
5.77
5.79
6.015
6.28
6.43
6.505
6.74
6.77
7.015
7.275
7.515
7.815
8.045
8.31
8.55
8.795
8.82
9.04
9.325
9.56
9.745
9.835
10.055
10.335
10.455
10.58
10.83
11.075
11.335
11.575
11.855
12.09
12.36
12.59
12.84
13.1
13.375
13.61
13.88
14.125
14.395
14.625
14.82
14.885
15.12
15.385
15.625
15.895
15.99
16.125
16.37
16.485
16.61
16.725
16.85
17.08
17.33
17.585
17.845
17.86
18.09
18.37
18.615
18.885
19.115
19.39
19.61
19.88
20.0
20.12
20.385
20.495
20.625
20.745
20.845
20.885
21.09
21.355
21.605
21.88
22.03
22.12
22.375
22.395
22.52
22.64
22.87
22.91
23.125
23.38
23.405
23.635
23.81
23.89
24.145
24.39
24.64
24.91
25.14
25.395
25.64
25.935
26.16
26.43
26.66
26.925
27.165
27.42
27.56
27.67
27.845
27.93
28.175
28.435
28.67
28.91
29.155
29.4
29.66
29.89
29.94
