0.075
0.335
0.595
0.745
1.075
1.33
1.345
1.545
2.05
2.365
2.555
2.84
3.065
3.11
3.32
3.58
3.795
4.04
4.285
4.345
4.55
4.77
5.015
5.28
5.53
5.805
6.005
6.255
6.51
6.735
7.025
7.31
7.775
8.0
8.26
8.305
8.5
8.745
9.0
9.25
9.5
10.015
10.23
10.515
10.7
10.825
11.025
11.295
11.495
11.805
11.97
12.0
12.02
12.255
12.445
12.52
12.89
12.93
13.005
13.275
13.485
13.825
13.985
14.205
14.47
14.725
14.755
14.955
15.205
15.495
15.59
15.955
16.245
16.465
16.93
17.235
17.445
17.48
17.715
17.925
17.955
18.21
18.24
18.425
18.455
18.71
18.895
18.925
19.18
19.32
19.405
19.655
19.84
19.905
20.165
20.4
20.65
20.865
20.915
21.16
21.385
21.64
21.87
22.145
22.385
22.635
22.855
23.13
23.305
23.37
23.51
23.625
23.735
23.855
24.135
24.35
24.535
24.61
24.84
25.12
25.34
25.605
25.815
26.095
26.345
26.595
26.82
26.85
27.1
27.335
27.585
27.8
28.09
28.32
28.575
28.795
29.09
29.325
29.565
29.765
29.8
