0.075
0.315
0.545
0.765
0.985
1.22
1.49
1.68
1.905
2.06
2.14
2.34
2.37
2.575
2.81
3.045
3.295
3.49
3.735
3.86
3.955
4.18
4.405
4.63
4.86
5.225
5.31
5.73
5.79
5.985
6.23
6.465
6.695
7.14
7.605
7.835
8.06
8.28
8.3
8.51
8.975
9.22
9.355
9.435
9.655
9.88
10.105
10.335
10.575
10.59
10.76
11.025
11.045
11.235
11.47
11.62
11.685
11.905
12.145
12.385
12.485
12.57
12.81
13.03
13.055
13.27
13.475
13.705
13.94
14.305
14.375
14.615
14.855
15.08
15.22
15.315
15.515
15.745
16.195
16.585
16.675
16.9
17.095
17.33
17.58
18.01
18.26
18.455
18.485
18.69
18.915
19.13
19.16
19.36
19.735
19.81
20.035
20.09
20.165
20.26
20.505
20.72
20.935
21.15
21.185
21.52
21.605
21.855
22.055
22.1
22.31
22.435
22.545
22.76
22.84
22.985
23.435
23.84
23.895
24.13
24.325
24.545
24.76
25.13
25.22
25.485
25.595
25.695
25.92
26.145
26.365
26.6
27.06
27.075
27.42
27.5
27.745
27.96
28.17
28.21
28.405
28.87
29.33
29.56
29.925
