0.135
0.335
0.555
0.705
0.785
0.945
1.17
1.335
1.745
1.97
2.175
2.565
2.78
2.905
2.97
3.17
3.365
3.615
3.775
4.19
4.365
4.58
4.97
5.0
5.405
5.735
5.81
6.045
6.23
6.445
6.625
6.865
7.05
7.245
7.425
7.67
7.835
7.855
7.91
8.23
8.265
8.65
8.67
9.065
9.095
9.475
9.505
9.71
9.92
10.105
10.33
10.74
10.945
11.105
11.12
11.54
11.56
11.95
12.36
12.76
12.805
12.985
13.205
13.385
13.62
13.8
14.02
14.225
14.285
14.405
14.83
15.25
15.655
15.685
15.86
16.075
16.28
16.475
16.685
16.885
17.105
17.3
17.525
17.615
17.69
17.74
18.115
18.39
18.515
18.535
18.915
18.955
19.315
19.365
19.53
19.565
19.775
19.97
20.2
20.345
20.595
20.79
20.87
20.99
21.415
21.835
22.23
22.44
22.61
22.63
22.85
23.04
23.27
23.46
23.685
23.85
24.095
24.275
24.665
25.085
25.465
25.69
25.87
26.115
26.29
26.5
26.71
26.905
27.1
27.125
27.325
27.42
27.53
27.925
28.33
28.545
28.75
28.96
29.165
29.57
29.79
29.985
