0.155
0.39
0.55
0.745
0.805
0.945
1.095
1.135
1.295
1.635
2.03
2.21
2.365
2.58
2.765
3.11
3.31
3.385
3.505
3.85
4.08
4.225
4.26
4.435
4.585
4.615
4.805
4.975
5.085
5.21
5.33
5.52
5.62
5.705
5.725
6.06
6.25
6.325
6.45
6.795
6.86
7.01
7.17
7.205
7.32
7.54
7.585
7.74
7.775
7.905
7.95
8.1
8.27
8.505
8.655
8.835
9.01
9.035
9.25
9.38
10.415
11.305
11.58
11.66
11.875
11.895
12.045
12.21
12.285
12.435
12.825
13.02
13.2
13.565
13.76
13.94
14.125
14.305
14.54
14.68
14.895
15.045
15.245
15.415
15.605
15.77
15.965
16.14
16.495
16.715
16.885
17.23
17.61
17.78
17.96
18.165
18.345
18.57
18.705
18.925
19.09
19.26
19.445
19.815
20.01
20.07
20.18
20.565
20.91
21.11
21.295
21.47
21.64
21.685
21.84
22.025
22.22
22.385
22.59
22.76
22.96
23.12
23.325
23.495
23.68
23.85
24.045
24.225
24.415
24.59
24.795
24.965
25.155
25.325
25.525
25.705
25.885
26.06
26.26
26.44
26.48
26.625
26.805
27.02
27.19
27.39
27.545
27.765
27.92
28.145
28.28
28.31
28.495
28.66
28.685
28.85
29.005
29.24
29.38
29.75
