0.25
0.47
0.695
1.14
1.375
1.6
1.72
1.84
2.05
2.28
2.5
2.765
2.86
2.94
3.18
3.4
3.525
3.635
3.85
3.97
4.07
4.295
4.555
4.75
4.955
5.0
5.205
5.32
5.435
5.56
5.61
5.765
5.86
6.095
6.32
6.445
6.475
6.535
6.74
6.79
6.99
7.11
7.225
7.435
7.555
7.655
7.89
8.245
8.345
8.56
8.795
9.035
9.275
9.385
9.71
9.955
10.08
10.175
10.375
10.39
10.63
10.74
10.855
11.065
11.185
11.305
11.51
11.745
11.965
12.21
12.45
12.515
12.835
12.865
13.085
13.12
13.715
13.95
14.055
14.505
14.665
14.69
14.925
15.18
15.63
15.86
16.075
16.32
16.545
16.775
16.99
17.455
17.895
18.13
18.36
18.615
18.815
19.03
19.285
19.49
19.72
19.955
20.175
20.435
20.64
21.105
21.32
21.545
21.77
21.915
21.995
22.01
22.25
22.445
22.69
22.9
23.025
23.135
23.34
23.585
23.815
24.02
24.235
24.705
24.935
25.155
25.385
25.605
25.82
25.835
26.045
26.26
26.515
26.765
26.96
27.4
27.42
27.88
28.315
28.545
28.76
28.985
29.195
29.42
29.65
