0.205
0.425
0.655
0.89
1.36
1.59
1.825
2.055
2.28
2.515
2.75
3.205
3.445
3.665
3.9
4.115
4.35
4.575
5.035
5.27
5.49
5.9
5.97
6.195
6.43
6.895
7.13
7.355
7.59
7.815
8.04
8.28
8.745
8.965
9.2
9.425
9.66
9.875
9.995
10.085
10.31
10.535
10.765
10.99
11.215
11.445
11.665
11.795
11.885
12.1
12.325
12.55
12.765
12.995
13.22
13.43
13.665
14.125
14.48
14.585
14.815
15.045
15.27
15.505
15.75
15.955
16.19
16.415
16.65
16.86
17.095
17.32
17.775
18.015
18.165
18.235
18.455
18.68
18.91
19.14
19.445
19.605
20.07
20.29
20.52
20.745
20.975
21.185
21.445
21.66
21.895
22.12
22.345
22.57
22.79
23.135
23.255
23.485
23.705
23.94
24.165
24.395
24.615
25.07
25.315
25.525
25.765
25.975
26.22
26.43
26.835
26.905
27.345
27.58
27.8
28.035
28.265
28.715
28.955
29.165
29.4
29.62
