0.18
0.245
0.465
0.69
1.155
1.39
1.765
1.84
2.09
2.535
2.78
3.055
3.085
3.105
3.205
3.46
3.495
3.765
3.915
4.155
4.385
4.595
4.86
5.3
5.545
5.72
5.82
5.985
6.22
6.485
6.675
6.925
7.36
7.625
8.08
8.31
8.73
8.805
8.99
9.005
9.24
9.335
9.435
9.67
9.92
9.94
10.115
10.37
10.805
11.04
11.27
11.31
11.435
11.495
11.625
11.72
11.98
12.01
12.175
12.42
12.86
13.13
13.375
13.58
13.815
14.065
14.135
14.265
14.325
14.515
14.745
14.81
14.835
14.955
15.05
15.2
15.345
15.375
15.635
15.89
16.12
16.34
16.575
16.8
17.02
17.26
17.51
17.645
17.725
17.96
18.35
18.41
18.66
19.11
19.335
19.605
19.685
19.785
19.885
20.015
20.265
20.475
20.71
21.16
21.395
21.85
21.915
22.085
22.34
22.435
22.54
22.775
23.23
23.465
23.5
23.855
23.92
24.16
24.375
24.625
24.875
25.325
25.57
25.81
26.025
26.255
26.71
26.95
27.175
27.395
27.645
27.945
28.09
28.325
28.39
28.78
29.02
29.285
29.46
29.485
29.71
29.92
