0.395
0.535
0.695
1.04
1.33
1.52
1.54
1.7
1.85
2.01
2.345
2.66
2.99
3.3
3.47
3.635
3.79
3.965
4.13
4.3
4.445
4.61
4.905
5.085
5.26
5.56
5.605
5.785
5.92
6.085
6.255
6.395
6.54
6.56
6.73
6.905
7.02
7.215
7.545
7.865
8.195
8.34
8.5
8.805
8.845
9.12
9.145
9.19
9.49
9.645
9.825
10.145
10.29
10.465
10.81
10.96
11.12
11.43
11.47
11.695
11.8
11.885
11.96
12.12
12.42
12.755
12.915
13.065
13.405
13.555
13.715
13.89
14.04
14.205
14.365
14.535
14.695
14.86
15.025
15.365
15.54
15.69
16.035
16.18
16.355
16.675
17.005
17.345
17.505
17.665
17.955
18.005
18.175
18.345
18.635
18.68
18.83
19.005
19.16
19.33
19.355
19.525
19.645
19.83
19.96
20.14
20.315
20.65
20.805
20.96
21.305
21.445
21.64
21.95
22.275
22.45
22.605
22.77
22.935
23.265
23.455
23.6
23.93
24.08
24.255
24.575
24.76
24.895
25.23
25.555
25.875
26.21
26.545
26.69
26.89
27.155
27.205
27.53
27.695
27.87
28.025
28.15
28.525
28.715
28.855
29.19
29.335
29.52
