0.47
0.74
0.91
1.135
1.31
1.525
1.715
1.96
2.15
2.57
2.78
2.95
2.985
3.16
3.365
3.755
3.825
4.0
4.04
4.205
4.405
4.43
4.595
4.845
5.01
5.04
5.445
5.86
6.07
6.275
6.455
6.65
7.05
7.28
7.47
7.605
7.735
8.085
8.315
8.715
9.125
9.335
9.545
9.92
10.11
10.325
10.535
10.58
10.67
10.73
10.95
11.375
11.54
11.965
12.365
12.585
12.785
13.16
13.525
13.805
13.98
14.2
14.605
14.78
15.06
15.215
15.625
15.82
15.84
16.04
16.255
16.425
16.835
17.065
17.265
17.475
17.665
17.86
18.055
18.25
18.49
18.895
19.09
19.305
19.5
19.685
20.12
20.345
20.52
20.74
20.955
21.125
21.3
21.96
22.13
22.955
23.365
23.565
23.745
23.95
24.145
24.35
24.54
24.835
25.125
25.31
25.5
25.7
25.895
26.08
26.265
26.455
26.65
26.83
27.01
27.055
27.21
27.41
27.605
28.215
28.41
29.015
29.25
29.41
29.64
29.835
29.985
