0.33
0.495
0.785
0.865
1.165
1.365
1.675
1.77
2.065
2.51
2.64
2.945
3.345
3.505
3.805
3.955
4.225
4.37
4.625
4.67
4.81
5.085
5.245
5.52
5.695
5.99
6.12
6.41
6.47
6.545
6.585
6.845
7.025
7.08
7.22
7.3
7.805
7.89
8.21
8.31
8.755
9.085
9.2
9.675
10.135
10.39
10.615
10.795
10.84
11.225
11.255
11.42
11.685
11.855
12.165
12.295
12.725
13.03
13.17
13.605
14.045
14.36
14.495
14.815
14.92
15.255
15.38
15.675
15.8
16.11
16.24
16.455
16.545
16.68
16.99
17.125
17.4
17.545
17.845
17.99
18.41
18.745
18.85
18.89
19.1
19.275
19.58
19.72
19.755
20.01
20.16
20.47
20.59
20.89
21.02
21.32
21.46
21.515
21.685
21.81
21.88
22.24
22.32
22.62
22.745
22.935
23.05
23.185
23.48
23.62
23.93
24.07
24.36
24.505
24.8
24.935
24.985
25.385
25.705
25.815
25.855
26.15
26.255
26.565
26.7
27.005
27.135
27.45
27.575
27.615
27.885
27.925
28.01
28.32
28.45
28.77
28.865
29.18
29.33
29.74
