0.395
0.485
0.535
0.795
1.025
1.76
1.99
2.085
2.28
2.44
2.76
2.915
3.03
3.095
3.425
3.57
3.585
3.89
4.355
4.405
4.72
4.965
5.05
5.075
5.28
5.37
5.515
5.68
5.995
6.025
6.665
6.86
6.985
7.345
7.545
7.65
7.985
8.17
8.305
8.61
8.94
9.255
9.465
9.92
10.245
10.59
10.775
10.885
11.22
11.535
11.85
11.875
12.06
12.17
12.53
12.71
12.835
13.185
13.31
13.505
13.82
13.84
14.15
14.47
14.68
14.745
15.13
15.46
15.765
15.945
16.1
16.435
16.765
17.07
17.275
17.405
17.745
17.93
17.96
18.055
18.255
18.385
18.55
18.71
19.02
19.04
19.185
19.35
19.67
19.855
20.285
20.31
20.65
20.975
21.16
21.285
21.635
21.965
22.275
22.46
22.59
22.92
23.21
23.25
23.575
23.735
23.88
24.2
24.39
24.425
24.55
24.86
25.185
25.39
25.71
25.885
26.175
26.34
26.575
26.665
26.82
27.14
27.48
27.68
27.785
28.005
28.34
28.45
28.645
28.67
28.775
29.005
29.095
29.32
29.43
29.76
