0.13
0.265
0.38
0.68
0.945
1.245
1.395
1.515
1.695
1.795
1.815
2.07
2.36
2.505
2.64
2.925
3.07
3.2
3.355
3.475
3.64
3.76
4.04
4.32
4.62
4.755
4.885
5.165
5.33
5.44
5.73
5.885
6.005
6.3
6.57
6.865
6.995
7.4
7.435
7.595
7.685
7.96
8.11
8.25
8.275
8.535
8.59
8.795
9.105
9.245
9.375
9.675
9.81
9.95
10.215
10.375
10.51
10.79
10.95
11.065
11.365
11.5
11.63
11.93
12.18
12.475
12.61
12.745
12.95
13.025
13.2
13.31
13.6
13.745
13.875
14.165
14.305
14.435
14.715
14.875
15.01
15.29
15.56
15.86
16.005
16.385
16.415
16.555
16.68
16.965
17.12
17.25
17.53
17.71
17.79
18.095
18.24
18.35
18.675
18.81
18.915
19.13
19.22
19.37
19.495
19.78
20.05
20.345
20.48
20.61
20.9
21.055
21.16
21.345
21.445
21.6
21.71
21.99
22.255
22.59
22.72
22.78
22.85
23.145
23.28
23.41
23.695
23.845
23.895
23.965
24.23
24.26
24.46
24.53
24.825
24.975
25.09
25.395
25.545
25.655
25.945
26.09
26.21
26.505
26.775
27.09
27.215
27.34
27.645
27.775
27.895
28.075
28.195
28.34
28.455
28.745
28.84
29.01
29.3
29.455
29.575
29.78
29.795
29.87
