0.265
0.53
0.79
1.09
1.295
1.375
1.6
1.645
1.865
2.125
2.385
2.51
2.64
2.86
3.22
3.46
3.735
3.77
4.015
4.285
4.565
4.685
4.81
4.845
5.04
5.345
5.605
5.86
6.135
6.395
6.425
6.635
6.94
7.19
7.47
7.705
7.96
8.005
8.245
8.51
8.8
8.935
9.32
9.44
9.545
9.94
10.06
10.335
10.6
10.785
10.855
11.045
11.12
11.555
11.64
11.68
11.92
12.195
12.225
12.67
12.74
12.995
13.03
13.16
13.265
13.55
13.8
14.05
14.315
14.595
14.855
15.105
15.25
15.365
15.465
15.58
15.635
15.895
16.155
16.425
16.955
17.215
17.33
17.46
17.645
17.73
17.785
18.0
18.25
18.475
18.52
18.8
18.91
19.035
19.16
19.285
19.545
20.085
20.33
20.64
20.86
20.89
21.04
21.14
21.42
21.66
21.695
21.92
22.115
22.19
22.445
22.68
22.715
22.975
23.25
23.515
23.755
24.035
24.295
24.545
24.81
25.065
25.355
25.865
26.165
26.285
26.41
26.675
26.805
26.93
27.185
27.31
27.43
27.705
27.965
28.515
28.76
28.775
28.79
29.045
29.075
29.275
29.575
29.79
29.835
