0.535
1.105
1.43
1.57
1.625
1.845
2.05
2.31
2.495
2.555
2.91
2.95
3.385
3.805
4.15
4.25
4.59
4.68
4.945
5.02
5.21
5.465
5.715
5.86
5.945
5.96
6.18
6.455
6.54
6.945
7.26
7.355
7.655
7.85
8.16
8.3
8.57
8.62
9.165
9.335
9.465
9.615
9.64
9.94
10.025
10.07
10.355
10.395
10.8
10.94
11.22
11.655
11.725
11.825
11.855
12.16
12.33
12.605
12.705
13.02
13.2
13.28
13.51
13.62
13.935
14.055
14.11
14.405
14.51
14.83
15.01
15.25
15.345
15.445
15.72
16.31
16.47
16.6
16.765
17.195
17.525
17.56
17.96
18.32
18.48
18.885
19.08
19.325
19.785
19.97
20.23
20.275
20.675
20.855
21.125
21.325
21.73
22.035
22.48
22.645
22.95
23.13
23.41
23.555
23.59
23.89
24.32
24.48
24.8
25.2
25.635
25.715
25.78
26.08
26.22
26.52
26.605
27.095
27.465
27.565
27.595
27.91
27.995
28.35
28.54
28.795
28.845
29.255
29.815
