0.21
0.385
0.69
0.865
1.185
1.345
1.525
1.665
1.97
2.305
2.5
2.635
2.81
3.005
3.29
3.475
3.81
3.945
4.095
4.43
4.595
4.755
4.925
5.09
5.14
5.255
5.42
5.59
5.745
5.91
6.055
6.245
6.555
6.725
6.75
7.055
7.205
7.355
7.57
7.865
8.02
8.345
8.53
8.685
8.795
8.875
9.18
9.345
9.66
9.82
9.99
10.105
10.19
10.495
10.645
10.83
11.005
11.15
11.315
11.655
11.82
11.835
11.975
12.145
12.34
12.48
12.63
12.815
13.135
13.285
13.475
13.645
13.82
13.96
14.13
14.35
14.48
14.655
14.97
15.0
15.15
15.31
15.495
15.805
15.995
16.17
16.305
16.465
16.62
16.82
17.13
17.305
17.61
17.775
17.945
18.125
18.295
18.445
18.59
18.79
19.1
19.255
19.465
19.745
19.945
20.08
20.25
20.38
20.555
20.74
20.93
21.065
21.245
21.27
21.445
21.72
21.9
21.95
22.105
22.395
22.415
22.735
23.03
23.06
23.31
23.365
23.725
23.87
24.015
24.08
24.365
24.52
24.715
25.02
25.19
25.505
25.835
26.015
26.19
26.34
26.515
26.83
27.015
27.17
27.365
27.67
27.835
28.17
28.315
28.495
28.695
28.99
29.19
29.35
29.62
29.8
