0.305
0.945
1.245
1.33
1.585
2.075
2.18
2.625
3.12
3.445
3.745
4.05
4.125
4.38
4.69
4.78
4.985
5.31
5.585
5.895
6.54
6.845
7.385
7.645
7.765
8.09
8.415
8.685
9.02
9.295
9.61
9.93
10.125
10.245
10.53
10.62
10.98
11.255
11.475
11.795
11.96
12.37
12.59
12.67
12.995
13.29
13.965
14.215
14.54
15.14
15.48
15.79
16.08
16.115
16.4
16.595
16.715
16.895
17.025
17.07
17.455
17.955
18.285
18.59
18.62
18.785
18.89
18.945
19.545
19.845
20.16
20.445
20.755
21.56
21.7
21.76
21.985
22.0
22.03
22.25
22.635
22.755
22.965
23.575
23.9
24.21
24.395
24.51
24.84
25.155
25.435
25.685
25.745
25.835
25.965
26.235
26.35
26.385
26.685
27.275
27.6
27.9
28.2
28.41
29.125
