0.24
0.44
0.8
0.99
1.21
1.365
1.755
1.95
2.14
2.335
2.365
2.53
2.7
2.93
3.155
3.305
3.52
3.695
3.87
4.07
4.24
4.275
4.43
4.675
4.82
4.985
5.22
5.45
5.585
5.785
5.98
6.18
6.35
6.535
6.745
6.905
6.925
7.105
7.29
7.49
7.89
8.095
8.285
8.405
8.465
8.665
8.83
9.035
9.43
9.635
9.75
9.83
9.945
10.02
10.21
10.4
10.415
10.6
10.795
10.985
11.19
11.3
11.385
11.58
11.78
11.965
12.175
12.365
12.56
12.735
12.87
12.96
13.125
13.34
13.515
13.54
13.73
13.92
14.12
14.325
14.44
14.515
14.7
14.9
15.07
15.275
15.5
15.68
15.87
15.975
16.065
16.25
16.46
16.645
16.85
17.055
17.24
17.44
17.53
17.625
17.81
18.005
18.145
18.39
18.48
18.785
18.905
18.96
19.18
19.36
19.565
19.66
19.82
19.945
20.16
20.355
20.53
20.64
20.725
20.92
21.12
21.225
21.505
21.715
21.905
22.095
22.28
22.47
22.495
22.685
22.88
22.905
23.075
23.47
23.63
23.855
24.04
24.235
24.62
24.83
25.015
25.13
25.2
25.4
25.595
25.78
25.965
26.185
26.57
26.755
26.86
26.95
27.125
27.335
27.51
27.72
27.76
27.93
28.115
28.32
28.495
28.66
28.685
28.89
29.075
29.29
29.675
