0.34
0.63
0.82
1.47
1.685
2.07
2.37
2.485
2.865
3.205
3.305
3.675
3.975
4.08
4.505
4.83
4.93
4.945
5.19
5.28
5.675
6.16
6.52
6.855
6.975
7.37
7.775
8.15
8.23
8.595
8.625
8.875
8.985
9.465
9.885
10.2
10.345
10.675
10.815
11.08
11.995
12.065
12.375
12.515
12.875
12.925
13.19
13.31
13.59
14.145
14.52
14.555
14.995
15.405
15.81
16.645
17.07
17.475
17.825
17.895
18.675
18.825
19.25
19.595
19.665
20.55
20.975
21.39
21.83
22.24
22.685
23.11
23.96
24.38
24.8
25.225
25.635
26.5
26.815
27.36
27.775
28.19
28.625
29.04
29.405
29.465
29.665
29.88
