0.255
0.71
0.925
1.11
1.335
1.535
1.71
1.92
1.98
2.185
2.605
2.785
2.995
3.19
3.635
4.08
4.3
4.495
4.725
4.92
5.145
5.26
5.36
5.555
5.985
6.03
6.195
6.425
6.625
6.82
7.015
7.47
7.69
7.735
7.875
8.095
8.295
8.53
8.615
8.72
8.92
9.35
9.545
9.76
9.95
10.39
10.76
10.835
11.065
11.26
11.47
11.67
11.89
12.04
12.105
12.32
12.345
12.74
12.935
13.155
13.35
13.555
13.755
13.955
14.215
14.42
14.625
14.83
15.04
15.25
15.475
15.68
16.105
16.31
16.51
16.715
17.15
17.605
17.82
18.01
18.255
18.45
18.675
18.855
19.09
19.29
19.49
19.68
19.895
20.11
20.31
20.54
20.73
20.75
20.95
21.165
21.385
21.58
21.615
21.805
22.015
22.215
22.435
22.625
22.85
23.055
23.255
23.48
23.655
23.69
23.915
24.305
24.535
24.745
24.97
25.16
25.445
25.615
25.85
26.26
26.45
26.66
26.85
27.06
27.115
27.26
27.45
27.715
27.93
28.125
28.345
28.525
28.75
28.825
28.97
29.175
29.6
29.79
