0.17
0.36
0.555
0.6
0.725
0.785
1.195
1.375
1.59
1.655
1.985
2.36
2.4
2.6
2.805
3.005
3.21
3.435
3.64
3.84
3.99
4.05
4.46
4.67
4.875
5.085
5.295
5.51
5.69
5.905
6.125
6.33
6.535
6.755
6.95
7.13
7.265
7.57
7.67
7.78
8.03
8.18
8.24
8.335
8.485
8.595
8.975
9.435
9.635
9.855
10.09
10.235
10.26
10.67
10.835
11.1
11.29
11.505
11.735
11.915
12.11
12.32
12.54
12.745
12.965
13.165
13.36
13.56
13.775
13.965
14.175
14.26
14.38
14.595
14.79
14.895
15.04
15.205
15.47
15.615
16.035
16.19
16.45
16.635
16.66
16.85
17.26
17.465
17.675
17.88
18.08
18.295
18.495
18.705
18.905
19.105
19.315
19.525
19.735
19.94
20.145
20.355
20.56
20.765
20.865
20.975
21.165
21.385
21.805
22.025
22.215
22.635
23.045
23.255
23.445
23.62
23.855
24.06
24.275
24.685
24.9
25.085
25.295
25.495
25.7
25.915
26.13
26.33
26.53
26.745
26.95
27.15
27.355
27.56
27.755
27.855
27.96
28.17
28.39
28.625
28.795
28.89
29.0
29.205
29.375
29.515
29.56
29.62
29.835
