0.085
0.18
0.25
0.6
0.775
0.965
1.305
1.47
1.72
1.735
1.83
2.015
2.355
2.675
2.85
3.025
3.22
3.245
3.375
3.535
3.715
3.76
3.87
4.065
4.24
4.465
4.575
4.785
5.125
5.455
5.64
5.8
6.005
6.14
6.31
6.5
6.655
6.95
7.02
7.265
7.36
7.565
7.89
7.915
8.23
8.41
8.585
8.77
8.935
9.1
9.45
9.64
9.835
10.02
10.205
10.38
10.525
10.705
10.905
11.06
11.23
11.455
11.585
11.79
11.94
12.13
12.285
12.475
12.545
12.64
12.865
12.99
13.14
13.255
13.375
13.545
13.635
13.715
13.9
14.1
14.445
14.645
14.81
15.165
15.515
15.745
15.875
16.08
16.2
16.38
16.725
16.905
17.075
17.265
17.425
17.595
17.795
17.92
18.105
18.26
18.44
18.63
18.795
18.96
19.115
19.405
19.46
19.66
19.815
20.175
20.345
20.36
20.55
20.685
20.885
21.065
21.41
21.55
21.59
21.755
21.93
22.12
22.28
22.45
22.685
22.805
23.005
23.17
23.455
23.795
23.865
24.22
24.62
24.885
24.97
25.35
25.73
25.945
26.13
26.345
26.52
26.875
27.315
27.615
27.67
28.125
28.375
28.405
29.15
29.18
29.935
