0.1
0.39
0.61
0.885
1.15
1.405
1.625
1.845
1.92
2.415
2.805
2.93
3.185
3.435
3.705
3.885
3.96
4.22
4.465
4.975
5.225
5.485
5.92
6.015
6.24
6.3
6.51
7.015
7.175
7.275
7.545
7.965
8.05
8.235
8.27
8.55
8.815
9.07
9.32
9.57
9.82
10.095
10.355
10.64
10.875
11.115
11.29
11.37
11.625
11.865
12.125
12.395
12.625
12.915
13.145
13.395
13.66
13.81
13.955
14.155
14.4
14.665
15.16
15.42
15.675
16.175
16.69
17.185
17.44
17.69
17.935
18.08
18.19
18.455
18.695
19.24
19.48
19.505
19.755
19.97
20.24
20.5
20.6
20.67
20.745
21.24
21.5
21.765
22.025
22.275
22.8
23.04
23.285
23.54
23.58
23.81
24.05
24.31
24.56
24.725
24.825
25.02
25.315
25.57
25.82
26.07
26.34
26.575
26.82
27.37
27.555
27.64
27.885
28.315
28.66
28.91
29.415
29.67
29.935
