0.36
0.56
0.61
0.775
0.88
1.125
1.35
1.875
2.345
2.595
2.86
3.085
3.33
3.555
3.85
4.335
4.56
4.595
4.825
5.09
5.34
5.57
5.82
6.335
6.83
7.125
7.33
7.845
8.315
8.55
8.82
9.295
9.825
10.3
10.81
11.045
11.27
11.515
11.785
12.035
12.265
12.51
12.775
13.02
13.265
13.515
13.63
13.755
14.27
14.765
14.795
15.045
15.265
15.515
15.76
15.79
16.025
16.25
16.53
16.76
16.78
17.015
17.255
17.55
17.76
17.785
18.275
18.515
18.775
19.02
19.265
19.545
19.625
19.755
20.03
20.26
20.545
20.745
21.015
21.255
21.53
21.68
22.015
22.215
22.93
23.185
23.555
23.93
24.165
24.4
24.67
24.76
24.895
25.125
25.355
25.6
25.67
25.85
26.095
26.405
26.485
26.595
26.945
26.96
27.105
27.35
27.605
27.88
28.11
28.38
28.605
28.865
29.105
29.4
29.56
29.615
29.99
