0.295
0.55
0.895
1.02
1.255
1.505
1.75
1.99
2.22
2.475
2.725
2.945
3.185
3.425
3.655
3.965
4.14
4.3
4.395
4.645
4.935
5.12
5.38
5.625
5.855
6.075
6.11
6.325
6.535
6.61
6.83
6.905
7.07
7.31
7.565
7.845
8.04
8.3
8.545
8.75
9.005
9.245
9.475
9.71
9.87
9.97
10.165
10.435
10.685
10.925
11.175
11.43
11.895
12.41
12.615
12.86
13.105
13.35
13.59
13.785
13.835
14.33
14.515
14.79
14.965
15.055
15.295
15.555
15.76
16.015
16.5
16.73
16.975
17.215
17.43
17.645
17.665
17.945
18.005
18.185
18.43
18.595
18.655
18.9
19.12
19.15
19.36
19.62
19.87
20.095
20.115
20.345
20.595
20.855
21.085
21.315
21.555
21.805
22.03
22.28
22.495
22.745
22.975
23.46
23.73
24.185
24.425
24.685
24.915
25.29
25.39
25.65
25.675
26.13
26.37
26.625
26.84
27.32
27.59
27.815
27.92
28.05
28.285
28.53
28.775
29.145
29.245
29.505
