0.145
0.17
0.405
0.425
0.555
0.665
0.905
1.05
1.145
1.315
1.41
1.545
1.665
1.8
1.925
2.05
2.155
2.41
2.56
2.67
2.935
3.045
3.165
3.33
3.45
3.58
3.69
3.835
3.945
4.07
4.18
4.345
4.435
4.46
4.7
4.94
4.965
5.095
5.195
5.35
5.44
5.47
5.58
5.705
5.835
5.97
6.085
6.205
6.465
6.72
6.98
7.105
7.225
7.475
7.62
7.73
7.975
8.12
8.23
8.49
8.74
9.01
9.125
9.23
9.375
9.475
9.505
9.585
9.61
9.73
9.88
9.985
10.11
10.22
10.435
10.475
10.595
10.73
10.995
11.12
11.24
11.495
11.63
11.74
11.975
12.14
12.24
12.515
12.755
13.0
13.155
13.25
13.475
13.51
13.655
13.76
14.015
14.155
14.255
14.28
14.54
14.625
14.79
15.055
15.17
15.295
15.46
15.545
15.69
15.79
15.94
16.04
16.18
16.29
16.555
16.8
17.035
17.185
17.275
17.3
17.53
17.55
17.665
17.685
17.92
18.05
18.215
18.305
18.45
18.53
18.575
18.65
18.815
19.07
19.22
19.32
19.6
19.82
19.97
20.05
20.17
20.22
20.315
20.335
20.565
20.7
20.835
21.065
21.23
21.335
21.58
21.73
21.84
22.07
22.095
22.215
22.335
22.575
22.595
22.84
23.12
23.22
23.35
23.5
23.595
23.74
23.85
23.995
24.09
24.245
24.335
24.375
24.605
24.86
25.11
25.255
25.35
25.575
25.615
25.745
25.86
26.095
26.115
26.235
26.345
26.475
26.805
26.885
27.165
27.275
27.3
27.38
27.665
27.805
27.915
28.175
28.295
28.405
28.665
28.91
29.165
29.3
29.405
29.66
29.815
