0.08
0.44
0.63
0.775
0.955
1.225
1.495
1.635
1.72
1.885
2.01
2.39
2.79
3.215
3.36
3.49
3.505
3.595
3.985
4.38
4.63
4.79
4.875
5.035
5.2
5.965
6.015
6.38
6.765
7.53
7.92
8.075
8.32
8.435
8.705
9.115
9.525
9.65
9.815
9.905
10.3
10.695
10.825
10.965
11.005
11.1
11.22
11.325
11.42
11.495
12.11
12.3
12.36
12.695
12.725
12.74
13.04
13.07
13.35
13.825
13.86
14.03
14.66
14.68
15.045
15.445
15.84
15.905
16.235
16.265
16.775
17.02
17.225
17.3
17.42
17.665
17.825
18.35
18.605
18.825
18.905
18.98
19.25
19.61
20.19
20.35
20.595
20.775
20.85
20.99
21.365
21.76
22.145
22.175
22.405
22.54
22.8
23.03
23.08
23.25
23.345
23.745
23.995
24.05
24.12
24.515
24.92
25.32
25.605
25.7
26.48
26.76
26.935
27.275
28.055
28.485
28.855
29.295
29.5
29.65
29.92
