0.6
0.84
1.09
1.35
2.13
2.395
2.625
2.89
3.15
3.39
3.645
4.16
4.405
4.655
5.18
5.43
6.195
6.705
6.94
7.205
7.45
7.715
8.085
8.215
8.74
9.005
9.24
9.485
9.775
10.23
10.275
10.49
10.805
11.295
11.53
11.795
12.315
12.635
12.82
13.1
13.315
13.57
13.835
14.33
14.37
14.69
14.76
14.845
14.945
15.045
15.335
15.855
16.34
16.565
16.87
17.225
17.375
17.64
18.42
18.655
18.94
19.17
19.435
19.635
19.71
19.965
20.21
20.455
20.695
20.835
20.85
20.97
21.21
21.47
21.955
21.975
22.475
22.685
22.77
22.965
23.27
23.51
23.745
23.825
24.05
24.495
24.765
25.045
25.22
25.28
25.535
26.05
26.54
26.56
26.745
27.07
27.29
27.56
27.785
27.81
27.95
28.095
28.345
28.6
28.845
28.97
29.105
29.38
29.615
