0.07
0.165
0.24
0.385
0.59
0.62
1.005
1.425
1.75
1.85
2.075
2.295
2.575
2.665
2.88
3.08
3.4
3.7
3.9
4.32
4.74
5.065
5.425
5.63
5.865
6.005
6.21
6.235
6.415
6.47
6.62
6.66
6.865
7.03
7.28
7.695
8.135
8.545
8.58
8.77
8.81
8.97
9.03
9.285
9.37
9.385
9.595
9.8
10.005
10.045
10.12
10.21
10.41
10.615
10.635
10.82
11.045
11.08
11.465
11.49
11.895
12.1
12.315
12.63
12.72
12.94
13.15
13.345
13.385
13.46
13.755
13.95
14.37
14.785
14.835
15.23
15.445
15.675
15.955
16.055
16.28
16.47
16.69
16.79
17.09
17.29
17.655
17.725
17.92
18.175
18.36
18.57
18.78
18.985
19.62
19.82
19.84
20.065
20.265
20.295
20.585
20.68
20.755
21.115
21.52
21.55
21.94
21.975
22.16
22.36
22.395
22.585
22.775
22.81
23.24
23.66
24.09
24.33
24.525
24.555
24.77
24.985
25.145
25.42
25.81
26.215
26.655
26.865
26.92
27.11
27.53
27.75
27.83
27.995
28.205
28.43
28.655
28.855
29.04
29.27
29.665
29.875
29.9
