0.115
0.49
0.91
1.215
1.24
1.43
1.705
1.92
2.045
2.225
2.34
2.67
2.85
2.875
3.075
3.15
3.345
3.37
3.615
3.785
3.815
4.075
4.31
4.565
4.74
4.785
5.045
5.25
5.54
5.695
5.965
6.17
6.2
6.465
6.645
6.915
6.945
6.975
7.135
7.16
7.39
7.595
7.755
7.935
8.11
8.135
8.36
8.535
8.755
8.845
9.045
9.33
9.495
9.51
9.815
9.855
10.005
10.27
10.48
10.515
10.655
10.69
10.985
11.26
11.46
11.745
11.785
11.915
11.93
12.15
12.225
12.41
12.7
12.87
12.9
13.165
13.34
13.55
13.805
13.84
14.125
14.295
14.51
14.755
14.8
15.085
15.28
15.425
15.705
15.765
16.005
16.175
16.235
16.505
16.71
16.925
17.195
17.48
17.675
17.95
18.155
18.43
18.65
18.905
19.08
19.115
19.395
19.6
19.89
20.04
20.39
20.53
20.86
21.015
21.325
21.515
21.795
21.98
22.16
22.31
22.46
22.75
22.925
22.99
23.3
23.44
23.64
23.9
23.94
24.24
24.385
24.68
24.84
24.87
25.15
25.33
25.81
26.155
26.295
26.785
27.06
27.235
27.705
28.03
28.18
28.505
28.665
28.975
29.02
29.145
29.335
29.62
29.65
29.985
