0.205
0.57
0.765
0.94
1.135
1.315
1.535
1.685
1.73
1.86
2.055
2.29
2.44
2.61
2.8
2.99
3.165
3.19
3.525
3.92
4.105
4.28
4.48
4.66
4.855
5.035
5.405
5.59
5.775
5.975
6.155
6.335
6.52
6.905
6.96
7.075
7.105
7.265
7.47
7.49
7.635
7.815
8.005
8.195
8.24
8.37
8.745
9.13
9.32
9.485
9.69
9.89
10.1
10.25
10.62
10.985
11.185
11.36
11.54
11.73
11.95
12.115
12.28
12.325
12.475
12.7
12.88
13.025
13.215
13.405
13.44
13.58
13.935
14.345
14.7
14.895
14.91
15.105
15.455
15.83
16.19
16.39
16.585
16.81
16.935
17.33
17.495
17.68
17.895
18.06
18.235
18.425
18.615
18.795
19.16
19.555
19.585
19.91
20.29
20.47
20.655
20.85
21.035
21.225
21.405
21.785
21.815
22.14
22.345
22.44
22.52
22.705
22.77
22.89
23.085
23.275
23.305
23.465
23.63
24.02
24.19
24.375
24.565
24.755
24.935
25.11
25.315
25.495
25.675
25.86
26.12
26.245
26.425
26.605
26.845
26.985
27.025
27.19
27.35
27.565
27.585
27.725
27.77
28.09
28.3
28.465
28.65
28.84
29.045
29.245
29.505
29.59
