0.2
0.64
0.67
0.825
1.095
1.35
1.545
1.765
2.0
2.165
2.26
2.455
2.48
2.9
3.265
3.365
3.71
3.81
4.035
4.265
4.465
4.71
5.16
5.37
5.615
5.79
6.06
6.095
6.2
6.51
6.79
6.97
7.18
7.335
7.43
7.635
7.865
8.125
8.33
8.67
8.805
9.235
9.495
9.685
9.865
10.145
10.595
10.79
10.81
10.955
11.05
11.265
11.5
11.705
11.95
12.17
12.405
12.85
13.065
13.3
13.545
13.75
14.2
14.415
14.565
14.665
14.88
15.57
16.02
16.265
16.455
16.705
16.91
16.94
17.17
17.36
17.635
17.725
17.815
18.045
18.28
18.505
18.95
19.19
19.405
19.475
19.64
19.865
20.09
20.535
20.78
20.99
21.215
21.44
21.465
21.695
21.87
21.895
22.135
22.585
22.825
23.04
23.26
23.515
23.735
24.18
24.43
24.62
24.655
25.055
25.29
25.525
25.74
25.765
26.21
26.435
26.895
27.115
27.335
27.79
28.02
28.24
28.465
28.69
28.71
28.92
29.13
29.605
