0.085
0.515
1.15
1.945
3.095
3.42
3.75
4.055
4.375
4.7
5.01
5.39
5.66
6.01
6.7
6.99
7.305
7.565
7.645
7.875
8.025
8.195
8.265
8.375
8.575
8.61
8.9
9.245
9.345
9.555
9.755
9.87
10.07
10.22
10.54
10.845
11.185
11.495
11.825
11.9
12.135
12.455
12.505
12.765
12.795
13.11
13.385
13.425
13.735
14.08
14.38
14.7
15.05
15.36
16.01
16.05
16.21
16.355
16.915
17.335
17.58
17.65
17.98
18.47
18.605
18.72
18.94
19.07
19.235
19.52
19.585
19.885
20.195
20.535
20.835
20.86
21.16
21.505
21.82
22.14
22.34
22.47
22.79
23.1
23.47
23.745
24.08
24.4
24.72
25.035
25.355
25.68
26.345
26.665
26.965
27.34
27.645
27.97
28.28
28.955
29.215
29.275
29.71
29.93
