0.29
0.84
1.405
1.72
2.24
2.525
2.8
3.04
3.29
3.62
3.655
4.485
4.52
4.76
5.085
5.305
5.56
5.885
6.065
6.47
6.7
7.0
7.565
7.835
8.105
8.385
8.675
8.95
9.23
9.535
9.81
10.055
10.35
10.605
10.935
11.205
11.49
11.795
12.025
12.615
12.895
13.175
13.425
13.49
13.74
14.065
14.295
14.48
14.71
14.855
15.165
15.435
15.8
15.965
16.13
16.515
16.785
17.065
17.38
17.625
17.905
18.185
18.465
18.735
19.02
19.305
19.58
19.875
20.115
20.43
20.97
21.505
22.07
22.09
22.35
22.63
22.815
22.845
22.91
23.18
23.21
23.535
23.765
24.0
24.25
24.62
24.865
25.435
25.685
25.965
26.275
26.55
26.8
27.085
27.4
27.935
28.2
28.51
28.755
29.035
29.31
29.575
29.885
29.925
