0.21
0.405
0.675
0.7
0.88
0.91
1.08
1.265
1.71
1.73
1.955
2.13
2.39
2.575
2.895
3.015
3.22
3.43
3.645
3.69
3.86
4.3
4.515
4.75
4.785
5.17
5.4
5.615
5.91
6.045
6.275
6.36
6.485
6.71
6.905
7.14
7.36
7.575
7.69
7.785
8.025
8.23
8.455
8.655
8.89
9.065
9.105
9.525
9.75
9.97
10.195
10.39
10.63
10.845
11.055
11.265
11.5
11.7
11.915
11.96
12.145
12.335
12.38
12.59
12.805
13.01
13.21
13.4
13.455
13.685
13.875
14.095
14.315
14.575
14.745
15.005
15.19
15.41
15.62
15.855
16.055
16.285
16.485
16.725
16.94
17.14
17.36
17.55
17.585
17.795
18.235
18.455
18.665
19.095
19.325
19.55
19.925
19.96
20.19
20.33
20.41
20.64
20.835
21.065
21.29
21.415
21.53
21.71
21.93
22.15
22.575
22.77
22.8
23.03
23.24
23.44
23.675
23.85
23.89
24.1
24.315
24.53
24.76
24.955
25.18
25.41
25.545
25.64
25.81
26.06
26.265
26.485
26.505
26.72
26.745
26.93
27.125
27.175
27.38
27.6
27.8
28.035
28.25
28.5
28.665
28.895
29.09
29.115
29.53
29.745
29.97
