0.085
0.23
0.345
0.41
0.63
0.815
0.935
1.135
1.22
1.275
1.42
1.525
1.595
1.82
2.12
2.35
2.43
2.485
2.58
2.64
2.695
2.89
2.98
3.275
3.565
3.595
3.785
3.815
3.87
4.045
4.165
4.345
4.47
4.78
4.92
5.04
5.325
5.63
5.915
6.105
6.24
6.505
6.82
7.125
7.27
7.39
7.66
7.975
8.265
8.43
8.47
8.56
8.59
8.76
8.86
9.035
9.165
9.475
9.62
9.735
10.025
10.325
10.61
10.8
10.915
11.205
11.515
11.825
11.965
12.085
12.375
12.67
12.96
13.105
13.12
13.26
13.555
13.86
14.05
14.17
14.315
14.43
14.705
15.02
15.305
15.485
15.61
15.9
16.21
16.52
16.665
16.78
16.85
17.07
17.365
17.655
17.86
17.955
18.235
18.545
18.875
19.01
19.13
19.435
19.715
20.005
20.205
20.305
20.595
20.91
21.215
21.36
21.475
21.755
22.065
22.345
22.49
22.55
22.645
22.84
22.945
23.25
23.435
23.56
23.705
23.825
24.1
24.285
24.41
24.56
24.695
24.83
24.855
25.0
25.285
25.42
25.6
25.775
25.825
25.91
26.055
26.17
26.23
26.41
26.455
26.675
26.76
27.06
27.25
27.325
27.64
27.8
27.925
27.95
28.095
28.25
28.405
28.52
28.615
28.8
28.955
29.105
29.325
29.4
29.7
