0.625
0.96
0.995
1.355
1.715
2.07
2.41
2.445
2.785
3.16
3.5
3.86
4.22
4.405
4.575
4.915
5.27
5.64
6.37
6.715
7.08
7.425
7.785
8.135
8.505
8.89
9.24
9.6
9.935
10.295
10.645
11.0
11.24
11.375
11.685
11.77
11.825
11.98
12.09
12.23
12.445
12.69
12.8
13.16
13.53
13.8
13.885
13.94
14.245
14.62
14.71
14.955
15.21
15.305
15.595
15.655
16.16
16.515
16.63
17.09
17.805
18.15
18.49
18.845
19.2
19.56
19.905
20.3
20.64
20.985
21.345
21.71
22.05
22.27
22.41
22.485
22.69
22.765
23.115
23.355
23.49
23.545
23.83
23.86
24.195
24.55
24.91
25.25
25.61
26.0
26.15
26.335
26.635
26.755
27.035
27.255
27.55
27.72
27.865
28.015
28.485
29.205
29.555
29.76
29.88
29.98
