0.07
0.095
0.35
0.63
0.655
0.925
1.205
1.505
1.78
1.945
2.095
2.235
2.35
2.655
2.93
3.235
3.51
3.8
4.075
4.24
4.35
4.555
4.64
4.95
5.24
5.545
5.815
6.11
6.32
6.39
6.555
6.7
6.865
6.955
7.27
7.545
7.845
8.125
8.43
8.7
8.86
9.17
9.26
9.575
9.855
10.165
10.325
10.445
10.74
11.02
11.185
11.335
11.485
11.59
11.755
11.815
11.9
12.175
12.47
12.745
13.055
13.32
13.485
13.65
13.795
13.91
14.21
14.41
14.485
14.78
15.06
15.22
15.52
15.635
15.835
15.94
16.03
16.21
16.425
16.51
16.54
16.71
16.79
17.095
17.315
17.38
17.53
17.77
17.84
17.935
18.135
18.24
18.51
18.715
18.805
19.085
19.4
19.6
19.68
19.835
20.135
20.255
20.56
20.74
20.845
21.075
21.15
21.415
21.71
21.99
22.15
22.45
22.565
22.77
22.865
22.985
23.06
23.145
23.345
23.445
23.465
23.64
23.71
24.015
24.29
24.485
24.59
24.77
24.865
25.08
25.17
25.355
25.425
25.44
25.665
25.75
26.025
26.22
26.32
26.595
26.755
27.06
27.16
27.38
27.47
27.555
27.74
27.9
28.045
28.32
28.62
28.895
29.065
29.355
29.465
29.7
29.78
