0.465
0.71
0.915
0.94
1.375
1.605
1.825
2.1
2.295
2.51
2.75
2.995
3.205
3.45
3.47
3.66
3.87
4.115
4.34
4.56
4.995
5.02
5.245
5.47
5.925
6.155
6.38
6.645
6.84
7.05
7.085
7.305
7.54
7.745
7.98
8.195
8.43
8.645
8.87
9.085
9.55
9.785
10.0
10.265
10.465
10.69
10.905
11.165
11.355
11.81
12.26
12.505
12.7
13.175
13.395
13.625
13.955
14.305
14.94
15.695
15.805
16.25
16.285
16.72
16.755
17.185
17.635
18.1
18.52
18.56
18.84
19.225
19.48
19.68
19.925
19.96
20.285
20.385
20.64
20.66
21.1
21.285
21.53
22.2
22.25
22.45
22.47
22.69
22.905
23.115
23.355
23.585
23.92
24.02
24.255
24.895
24.925
25.145
25.63
25.78
25.845
26.285
26.505
26.725
26.955
27.17
27.515
27.615
27.855
28.325
28.49
28.53
28.76
29.235
29.42
29.87
