0.75
0.955
1.07
1.54
1.625
1.945
2.015
2.33
2.985
3.18
3.41
3.505
3.595
3.735
3.885
3.93
4.345
4.575
4.885
5.375
5.825
5.875
6.29
6.755
6.785
7.21
7.555
7.73
7.935
8.645
8.93
9.16
9.375
9.57
9.665
10.53
10.82
11.21
11.33
12.39
12.64
12.905
13.01
13.15
13.25
13.275
13.605
14.185
14.225
14.24
14.78
14.895
15.135
15.27
16.085
16.55
16.7
16.895
16.975
17.12
17.275
17.465
17.575
17.84
17.9
18.23
18.39
18.41
18.77
19.695
19.765
20.035
20.23
20.36
20.475
20.605
20.67
21.07
21.18
21.31
21.515
21.83
21.9
22.065
22.12
22.245
22.38
22.47
22.575
22.855
22.94
23.03
23.355
23.845
24.205
24.265
24.635
24.77
25.015
25.15
25.315
25.43
25.595
25.725
26.01
26.055
26.24
26.525
26.61
26.735
26.935
27.115
27.19
27.27
27.45
27.865
28.245
28.79
28.9
29.235
29.67
29.9
