0.06
0.085
0.165
0.355
0.44
0.64
0.775
0.845
1.045
1.595
1.98
2.17
2.365
2.755
2.95
3.13
3.325
3.515
3.71
3.9
4.095
4.275
4.675
4.87
5.065
5.255
5.45
5.64
5.84
6.04
6.235
6.41
6.425
6.615
6.8
6.985
7.395
7.565
7.785
8.0
8.19
8.39
8.59
8.795
9.0
9.395
9.575
9.61
9.805
10.0
10.195
10.425
10.58
10.795
10.99
11.015
11.36
11.415
11.62
11.815
12.005
12.215
12.41
12.6
12.765
12.83
13.01
13.155
13.225
13.41
13.595
13.81
14.005
14.08
14.415
14.645
15.01
15.215
15.4
15.425
16.005
16.05
16.235
16.64
17.065
17.25
17.44
17.63
17.825
18.02
18.22
18.415
18.49
18.635
19.025
19.225
19.41
19.435
19.635
19.82
20.05
20.155
20.235
20.52
20.63
20.88
21.035
21.195
21.425
21.605
21.63
21.845
21.975
22.225
22.495
22.635
22.845
23.04
23.26
23.45
23.845
24.045
24.105
24.245
24.42
24.635
24.865
25.415
25.605
25.8
26.02
26.2
26.39
26.57
26.965
27.155
27.18
27.565
27.76
27.95
28.18
28.345
28.54
28.745
28.925
29.15
29.33
29.745
