0.115
0.38
0.415
0.65
1.2
1.745
2.015
2.295
2.575
2.835
3.38
3.925
4.205
4.48
4.75
4.785
5.02
5.575
6.11
6.385
6.67
6.94
7.205
7.755
8.295
8.57
8.855
9.02
9.12
9.145
9.39
9.94
10.485
10.525
10.755
11.04
11.34
11.575
12.125
12.68
12.94
13.22
13.525
13.76
14.315
14.875
15.125
15.405
15.675
15.945
16.49
17.035
17.31
17.595
17.835
17.86
17.985
18.13
18.395
18.675
19.22
19.495
19.78
20.055
20.315
20.59
20.86
21.105
21.25
21.415
21.68
21.965
22.235
22.365
22.505
22.785
23.05
23.45
23.59
23.865
24.145
24.415
24.68
25.235
25.615
25.785
26.055
26.34
26.6
26.87
27.15
27.42
27.805
27.975
28.24
28.52
28.785
28.935
29.055
29.465
29.61
