0.2
0.44
0.69
0.825
0.935
1.07
1.42
1.565
1.67
1.81
1.92
2.16
2.3
2.4
2.545
2.65
2.795
2.895
3.03
3.145
3.38
3.625
3.875
4.13
4.365
4.4
4.595
4.865
5.11
5.35
5.505
5.6
5.75
5.85
5.875
6.09
6.235
6.335
6.59
6.73
6.83
6.955
7.21
7.325
7.565
7.705
7.81
7.95
8.06
8.085
8.205
8.3
8.56
8.605
8.695
8.8
8.86
8.925
9.04
9.185
9.285
9.53
9.67
9.775
10.025
10.18
10.27
10.505
10.525
10.66
10.895
11.015
11.155
11.25
11.505
11.745
11.895
11.99
12.135
12.24
12.49
12.63
12.86
13.12
13.22
13.465
13.605
13.71
13.96
14.2
14.455
14.595
14.68
14.83
14.935
15.09
15.185
15.435
15.68
15.93
16.07
16.17
16.445
16.565
16.65
16.805
16.905
16.975
17.155
17.4
17.545
17.65
17.895
18.14
18.39
18.53
18.76
18.875
18.995
19.12
19.26
19.37
19.61
19.76
19.86
20.105
20.355
20.495
20.6
20.74
20.99
21.09
21.235
21.34
21.475
21.585
21.82
21.97
22.045
22.08
22.31
22.465
22.525
22.57
22.695
22.81
22.95
23.025
23.06
23.195
23.29
23.445
23.55
23.74
23.8
23.945
24.04
24.19
24.295
24.415
24.675
24.79
24.925
25.025
25.27
25.515
25.66
25.76
25.945
26.015
26.225
26.27
26.395
26.505
26.63
26.745
26.885
26.945
26.995
27.24
27.48
27.73
27.795
27.875
27.975
28.225
28.365
28.6
28.715
28.855
28.965
29.205
29.325
29.45
29.7
29.945
