0.26
0.585
0.705
0.935
0.99
1.425
1.855
2.045
2.33
2.795
3.32
3.655
3.685
3.935
4.165
4.655
4.705
4.875
5.005
5.1
5.375
5.4
5.665
6.005
6.15
6.3
6.365
6.55
6.625
6.855
6.935
7.135
7.245
7.325
7.445
7.585
7.62
7.905
7.935
8.085
8.225
8.555
8.73
8.865
9.16
9.345
9.5
9.685
9.83
10.145
10.32
10.65
10.675
10.77
10.96
11.075
11.235
11.39
11.56
11.685
11.87
12.01
12.17
12.305
12.335
12.485
12.64
12.835
13.095
13.435
13.77
13.87
14.19
14.38
14.435
14.79
15.005
15.17
15.355
15.6
15.95
16.295
16.415
16.735
16.845
16.945
17.055
17.345
17.585
17.72
17.9
18.175
18.355
18.475
18.655
18.785
18.955
19.26
19.435
19.45
19.51
19.575
19.87
19.99
20.185
20.25
20.305
20.61
20.75
20.895
21.19
21.33
21.585
21.65
21.81
21.95
22.395
22.55
22.705
22.785
22.975
23.14
23.285
23.575
23.71
24.03
24.195
24.33
24.56
24.66
24.785
24.96
25.12
25.395
25.555
25.7
26.02
26.16
26.475
26.64
26.785
27.115
27.25
27.395
27.43
27.58
27.86
28.02
28.155
28.485
28.625
28.925
29.085
29.24
29.425
29.56
29.875
