0.305
0.41
0.49
0.61
0.78
0.9
1.055
1.185
1.365
1.49
1.805
1.965
2.065
2.13
2.195
2.355
2.575
2.655
2.92
3.165
3.255
3.545
3.66
3.84
4.185
4.35
4.435
4.635
4.695
4.89
5.01
5.21
5.34
5.475
5.605
5.905
6.1
6.2
6.365
6.52
6.66
6.795
7.015
7.085
7.28
7.365
7.675
7.83
7.955
8.03
8.26
8.47
8.56
8.8
8.91
9.05
9.155
9.245
9.435
9.725
9.925
10.09
10.255
10.325
10.42
10.615
10.795
10.91
11.075
11.135
11.245
11.505
11.71
11.795
11.995
12.085
12.18
12.275
12.345
12.435
12.545
12.64
12.665
12.745
12.955
13.085
13.185
13.245
13.38
13.525
13.555
13.695
13.79
13.855
14.025
14.135
14.195
14.355
14.425
14.51
14.78
14.885
14.96
15.025
15.145
15.31
15.465
15.6
15.7
15.805
15.96
16.055
16.175
16.21
16.43
16.495
16.78
17.06
17.24
17.375
17.53
17.555
17.64
17.67
17.885
17.96
18.27
18.41
18.56
18.635
18.845
18.96
19.135
19.21
19.4
19.435
19.505
19.605
19.735
19.79
20.03
20.1
20.32
20.425
20.67
20.775
20.83
20.915
20.995
21.17
21.205
21.495
21.685
21.845
22.015
22.095
22.39
22.515
22.695
22.94
23.01
23.07
23.165
23.285
23.575
23.86
24.11
24.175
24.33
24.445
24.57
24.73
24.76
24.885
25.05
25.265
25.325
25.435
25.52
25.645
25.73
25.93
26.22
26.48
26.53
26.6
26.69
26.82
26.93
27.11
27.23
27.41
27.625
27.725
27.755
27.88
27.92
28.0
28.09
28.29
28.58
29.045
29.175
29.46
29.585
29.77
