0.285
0.575
0.845
1.15
1.29
1.415
1.705
1.975
2.27
2.41
2.545
2.825
2.975
3.105
3.385
3.535
3.655
3.95
4.235
4.45
4.515
4.805
5.065
5.095
5.375
5.65
5.82
5.93
6.23
6.5
6.77
6.8
6.945
7.075
7.37
7.515
7.635
7.915
8.065
8.185
8.2
8.42
8.5
8.76
9.055
9.19
9.32
9.62
9.805
9.895
10.175
10.475
10.76
11.025
11.315
11.48
11.595
11.865
12.04
12.155
12.445
12.73
12.955
13.025
13.285
13.58
13.7
13.74
13.84
14.14
14.4
14.705
14.985
15.28
15.555
15.85
15.995
16.13
16.28
16.41
16.685
16.96
17.235
17.505
17.54
17.68
17.815
18.095
18.24
18.375
18.54
18.66
18.945
19.23
19.51
19.765
19.8
19.945
20.065
20.36
20.49
20.535
20.62
20.865
20.88
20.915
21.185
21.465
21.74
22.025
22.18
22.3
22.59
22.835
23.135
23.405
23.68
23.965
24.25
24.395
24.53
24.805
25.085
25.22
25.36
25.495
25.635
25.905
26.185
26.33
26.495
26.71
26.915
27.01
27.18
27.285
27.445
27.595
27.85
28.12
28.405
28.685
28.805
29.23
29.505
29.77
