0.275
0.43
0.57
0.845
1.145
1.435
1.755
2.04
2.35
2.49
2.63
2.785
3.07
3.48
3.78
3.985
4.085
4.405
4.695
4.84
4.985
5.13
5.295
5.41
5.575
5.87
5.89
6.155
6.18
6.315
6.46
6.73
6.755
7.035
7.335
7.63
7.905
8.195
8.35
8.495
8.66
8.8
8.935
9.085
9.38
9.515
9.675
9.815
9.96
10.245
10.55
10.685
10.845
10.98
11.145
11.29
11.415
11.45
11.72
11.885
12.015
12.305
12.465
12.605
12.75
12.885
13.02
13.175
13.48
13.765
13.94
14.08
14.23
14.375
14.66
14.94
15.115
15.24
15.405
15.54
15.86
16.0
16.31
16.42
16.595
16.87
16.905
17.04
17.34
17.51
17.625
17.845
17.94
18.245
18.53
18.835
19.135
19.44
19.735
20.02
20.32
20.515
20.65
20.93
21.21
21.375
21.71
21.81
22.115
22.14
22.42
22.71
23.045
23.335
23.66
23.835
23.96
24.265
24.555
24.855
25.16
25.46
25.745
26.055
26.215
26.37
26.65
26.935
27.225
27.535
27.725
27.835
28.13
28.325
28.435
28.745
29.015
29.315
29.615
