0.165
0.285
0.325
0.57
0.745
1.01
1.17
1.6
1.865
2.025
2.295
2.435
2.695
2.855
3.28
3.495
3.55
3.705
3.94
3.97
4.13
4.355
4.505
4.57
4.8
4.93
4.995
5.265
5.415
5.66
5.755
5.845
6.06
6.265
6.675
6.74
6.97
7.09
7.115
7.39
7.55
7.81
7.965
8.225
8.375
8.625
8.805
9.075
9.155
9.225
9.42
9.64
10.075
10.115
10.49
10.75
10.915
11.175
11.325
11.75
12.17
12.465
12.6
12.695
12.87
13.015
13.415
13.715
13.855
14.13
14.285
14.55
14.7
15.12
15.375
15.53
15.805
15.94
16.06
16.19
16.335
16.59
16.79
17.005
17.135
17.22
17.435
17.485
17.65
17.92
17.98
18.075
18.265
18.415
18.505
18.76
18.845
18.935
19.235
19.36
19.53
19.78
20.205
20.27
20.475
20.63
20.905
21.055
21.25
21.275
21.47
21.755
21.9
22.17
22.31
22.595
22.745
22.995
23.14
23.165
23.44
23.585
23.86
23.995
24.025
24.305
24.46
24.51
24.725
24.875
25.295
25.555
25.705
25.99
26.145
26.405
26.56
27.0
27.25
27.415
27.69
27.845
28.105
28.265
28.675
28.935
29.09
29.35
29.485
29.745
29.86
