0.215
0.3
0.385
0.45
0.48
0.71
0.92
1.245
1.275
1.395
1.445
1.735
1.855
2.18
2.355
2.605
2.715
2.815
3.07
3.165
3.595
3.755
4.01
4.17
4.28
4.355
4.54
4.565
4.685
4.915
4.995
5.075
5.165
5.39
5.515
5.64
5.9
5.95
6.115
6.14
6.36
6.48
6.59
6.735
6.935
7.1
7.2
7.28
7.445
7.52
7.685
7.785
8.05
8.275
8.47
8.66
8.72
8.875
8.99
9.21
9.41
9.765
9.88
10.12
10.22
10.365
10.645
10.845
10.88
11.01
11.24
11.31
11.58
11.73
11.81
12.185
12.265
12.62
12.73
12.86
13.1
13.205
13.49
13.57
13.675
13.71
14.06
14.165
14.535
14.645
15.015
15.135
15.49
15.985
16.11
16.44
16.475
16.605
16.94
17.05
17.2
17.42
17.58
17.715
17.995
18.17
18.37
18.435
18.49
18.725
18.83
18.955
19.31
19.43
19.48
19.765
19.91
20.27
20.565
20.715
20.79
20.86
21.05
21.19
21.31
21.58
21.785
21.965
22.125
22.145
22.255
22.425
22.67
22.735
22.875
23.09
23.145
23.215
23.25
23.565
23.68
23.845
23.925
24.01
24.15
24.18
24.45
24.53
24.615
24.95
24.965
25.085
25.435
25.55
25.635
25.83
26.02
26.07
26.24
26.335
26.485
26.675
26.83
26.94
26.99
27.15
27.395
27.575
27.77
27.865
28.2
28.325
28.66
28.785
29.015
29.085
29.245
29.41
29.515
29.625
29.75
29.98
