0.295
0.475
0.595
0.91
1.04
1.21
1.365
1.5
1.69
1.805
2.105
2.42
2.58
2.72
2.745
3.03
3.25
3.295
3.495
3.655
3.795
3.955
4.115
4.25
4.555
4.755
4.865
5.17
5.36
5.48
5.8
5.925
6.105
6.265
6.385
6.55
6.69
6.98
7.145
7.295
7.615
7.8
7.925
8.155
8.4
8.435
8.56
8.73
8.845
9.16
9.32
9.47
9.63
9.935
10.075
10.255
10.39
10.7
10.83
10.855
10.87
11.02
11.16
11.31
11.445
11.605
11.915
12.085
12.215
12.25
12.49
12.53
12.68
12.835
13.165
13.285
13.565
13.605
13.765
14.05
14.36
14.665
14.975
15.145
15.29
15.5
15.755
16.075
16.225
16.38
16.53
16.83
17.13
17.3
17.445
17.605
17.75
18.065
18.215
18.37
18.51
18.665
18.965
19.27
19.45
19.575
19.895
20.045
20.2
20.375
20.405
20.52
20.675
20.96
21.115
21.415
21.72
21.855
21.885
21.91
21.99
22.195
22.335
22.49
22.64
22.95
23.085
23.25
23.41
23.55
23.725
23.86
24.165
24.32
24.46
24.765
24.935
25.06
25.09
25.27
25.535
25.58
25.71
25.845
26.015
26.17
26.31
26.475
26.61
26.915
27.01
27.1
27.225
27.395
27.53
27.845
27.96
28.01
28.16
28.3
28.44
28.605
28.74
29.035
29.21
29.35
