0.375
0.83
1.285
1.54
1.76
1.9
2.35
2.39
2.655
2.705
2.81
3.11
3.33
3.6
3.865
3.995
4.175
4.32
4.355
4.43
4.775
5.23
5.27
5.36
5.54
5.66
5.965
6.27
6.575
6.755
6.875
7.055
7.34
7.365
7.485
7.66
7.83
7.965
8.46
8.67
9.175
9.3
9.54
9.68
9.91
10.06
10.135
10.365
10.385
10.63
10.73
10.815
10.97
11.045
11.185
11.27
11.425
11.58
11.735
11.89
12.03
12.185
12.245
12.345
12.495
12.635
12.795
12.95
13.1
13.32
13.405
13.555
13.79
13.85
14.01
14.165
14.32
14.465
14.615
14.77
14.92
15.06
15.22
15.375
15.53
15.66
15.83
15.98
16.135
16.285
16.435
16.595
16.745
16.89
17.04
17.095
17.2
17.345
17.49
17.65
17.805
17.955
18.255
18.41
18.565
18.71
18.86
19.015
19.17
19.32
19.47
19.62
19.775
19.92
20.075
20.23
20.385
20.52
20.68
20.835
20.895
20.985
21.14
21.29
21.445
21.595
21.74
21.89
21.945
22.05
22.2
22.255
22.345
22.5
22.66
22.805
23.115
23.265
23.415
23.56
23.715
23.87
24.02
24.155
24.175
24.325
24.48
24.63
24.765
24.93
25.085
25.215
25.235
25.365
25.535
25.69
25.845
25.91
25.99
26.14
26.295
26.45
26.595
26.745
26.905
27.055
27.195
27.355
27.51
27.66
27.965
28.115
28.265
28.415
28.565
28.725
28.87
29.025
29.175
29.325
29.485
29.63
29.785
29.935
29.99
