0.14
0.375
0.6
0.83
1.035
1.27
1.495
1.61
1.715
1.93
2.05
2.16
2.645
2.845
2.865
3.075
3.1
3.31
3.54
3.735
3.76
3.975
4.19
4.435
4.625
4.86
5.09
5.145
5.515
5.63
5.65
5.74
5.97
6.19
6.39
6.63
6.875
7.07
7.285
7.52
7.745
7.96
8.185
8.42
8.615
8.855
9.09
9.125
9.3
9.535
9.56
9.775
9.975
10.21
10.43
10.66
10.865
11.025
11.1
11.32
11.545
11.77
11.99
12.205
12.435
12.66
12.895
13.155
13.35
13.57
13.8
14.03
14.115
14.27
14.455
14.495
14.71
14.785
14.94
15.14
15.18
15.31
15.375
15.615
15.725
15.835
16.07
16.18
16.28
16.505
16.975
17.195
17.23
17.425
17.675
17.755
17.885
17.955
18.1
18.34
18.395
18.59
18.795
19.01
19.25
19.505
19.705
19.915
19.94
20.155
20.36
20.615
20.835
21.07
21.31
21.535
21.745
21.985
22.225
22.445
22.66
22.895
23.13
23.35
23.56
23.8
24.04
24.265
24.37
24.48
24.52
24.72
24.955
25.175
25.41
25.63
25.87
26.085
26.13
26.325
26.555
26.79
27.005
27.22
27.43
27.62
27.68
27.82
27.905
28.115
28.355
28.585
28.8
29.025
29.26
29.485
29.725
29.94
