0.15
0.425
0.8
1.065
1.255
1.41
1.515
1.965
2.49
2.91
3.075
3.535
3.75
3.9
4.135
4.475
4.605
4.955
5.365
5.59
6.645
6.695
6.935
7.16
7.225
7.47
7.655
7.705
8.23
8.505
8.75
8.915
9.0
9.065
9.51
9.735
10.67
11.35
11.65
11.835
11.935
12.29
12.37
12.935
14.01
14.045
14.93
15.105
15.34
15.45
15.68
16.08
16.18
17.205
17.265
17.485
18.29
18.905
19.375
19.64
19.86
19.905
20.325
20.395
20.435
20.98
21.205
21.48
22.545
22.595
22.925
23.2
23.425
23.52
23.64
24.055
24.22
24.7
25.825
26.9
27.91
28.015
28.29
28.34
28.615
28.67
28.89
29.04
