0.19
0.59
0.685
1.205
1.245
1.53
1.545
1.825
2.24
2.305
2.415
2.545
2.735
3.115
3.175
3.64
4.115
4.37
4.57
4.62
5.07
5.39
5.72
5.88
6.03
6.31
6.335
6.87
6.995
7.625
7.935
8.065
8.23
8.56
8.855
9.165
9.46
9.79
10.09
10.4
10.535
10.7
11.325
11.645
11.94
12.27
12.56
12.86
13.005
13.15
13.485
13.66
13.775
14.11
14.215
14.405
14.725
14.88
15.025
15.33
15.45
15.625
15.96
16.225
16.275
16.58
16.865
17.2
17.42
17.48
17.81
17.925
18.085
18.695
18.725
19.035
19.33
19.645
19.895
19.93
20.255
20.385
20.525
20.69
21.145
21.455
21.745
22.08
22.25
22.34
22.39
22.695
22.795
22.98
23.305
23.595
23.625
23.925
24.215
24.535
24.845
25.155
25.435
25.755
26.025
26.335
26.66
26.97
27.125
27.17
27.455
27.66
27.92
28.1
28.22
28.305
28.375
28.55
28.6
28.775
28.9
29.15
29.22
29.43
29.725
