0.265
0.555
0.985
1.265
1.53
1.76
1.98
2.04
2.26
2.52
2.745
3.01
3.28
3.715
3.795
4.005
4.055
4.305
4.535
4.785
5.02
5.81
6.075
6.35
6.82
7.08
7.33
8.09
8.115
8.615
9.115
9.13
9.355
9.375
10.145
10.65
10.93
11.09
11.115
11.475
11.975
12.205
12.51
12.76
13.015
13.25
14.01
14.035
14.26
14.515
14.78
15.01
15.03
15.27
15.505
16.025
16.05
16.28
16.53
16.775
16.84
17.05
17.195
17.275
17.525
17.79
18.005
18.28
18.535
18.955
19.32
19.555
19.73
19.8
20.035
20.215
20.53
21.01
21.2
21.285
21.505
21.75
21.795
22.19
22.265
22.79
23.005
23.12
23.18
23.26
23.48
23.895
24.01
24.99
25.19
25.215
25.49
25.78
25.91
25.98
26.25
26.465
26.96
27.235
27.28
27.585
27.945
28.03
28.255
28.49
28.985
29.205
29.23
