0.275
0.71
0.84
0.97
1.12
1.26
1.4
1.64
1.98
2.115
2.265
2.4
2.69
2.72
2.83
2.98
3.12
3.41
3.835
4.26
4.405
4.545
4.635
4.89
5.095
5.12
5.26
5.48
5.69
5.83
5.935
6.115
6.26
6.38
6.54
6.69
6.83
6.86
6.935
7.06
7.275
7.375
7.41
7.55
7.645
7.83
7.98
8.065
8.26
8.36
8.41
8.5
8.55
8.69
8.84
8.97
9.12
9.26
9.295
9.405
9.55
9.69
9.91
9.985
10.115
10.28
10.4
10.55
10.685
10.98
11.12
11.26
11.415
11.54
11.69
11.83
12.115
12.2
12.51
12.555
12.69
12.84
13.07
13.125
13.365
13.55
13.665
13.825
14.12
14.205
14.265
14.405
14.55
14.685
14.785
14.92
15.135
15.26
15.39
15.525
15.73
15.82
15.98
16.12
16.22
16.275
16.385
16.48
16.55
16.66
16.805
16.835
16.915
16.96
17.125
17.25
17.345
17.41
17.53
17.69
17.835
17.975
18.095
18.135
18.27
18.325
18.445
18.5
18.645
18.67
18.835
18.895
18.985
19.13
19.24
19.515
19.605
19.69
19.815
19.885
19.98
20.04
20.095
20.265
20.385
20.41
20.51
20.685
20.78
20.835
20.955
21.075
21.12
21.255
21.405
21.525
21.6
21.735
21.83
21.895
21.975
22.1
22.265
22.405
22.495
22.55
22.665
22.695
22.72
22.83
22.97
23.12
23.24
23.285
23.405
23.545
23.685
23.81
23.975
24.115
24.26
24.385
24.545
24.69
24.825
24.955
25.11
25.255
25.395
25.525
25.695
25.815
25.965
26.095
26.375
26.53
26.67
26.815
26.955
27.105
27.24
27.395
27.53
27.69
27.815
27.965
28.095
28.25
28.38
28.55
28.68
28.82
28.955
29.105
29.245
29.395
29.53
29.7
29.825
