0.305
0.645
0.995
1.35
1.69
1.875
2.005
2.335
2.6
2.985
3.7
3.95
4.725
5.085
6.46
7.155
7.325
7.465
7.815
8.135
8.65
8.805
9.155
9.885
10.185
10.515
10.835
11.055
11.165
11.47
11.635
11.69
11.77
12.14
12.2
12.42
13.445
13.615
13.77
13.94
14.095
14.255
14.4
15.095
15.575
15.72
15.88
16.03
16.19
16.315
16.675
16.97
17.135
17.27
17.38
17.465
17.705
17.775
17.875
18.03
18.07
18.215
18.385
18.54
18.91
19.29
19.425
19.615
19.96
20.295
20.515
20.62
20.97
21.265
21.44
21.575
21.67
21.92
22.21
22.435
22.55
22.675
22.825
22.92
23.065
23.14
23.47
23.89
24.16
24.325
24.47
24.65
24.815
25.13
25.45
25.615
25.795
25.945
26.105
26.255
26.43
26.725
27.02
27.11
27.19
27.325
27.68
27.985
28.155
28.28
28.455
28.63
28.965
29.28
29.575
29.635
29.73
29.875
