0.185
0.415
0.815
1.03
1.23
1.465
1.645
1.865
2.06
2.28
2.475
2.695
2.91
3.05
3.115
3.295
3.735
3.955
4.15
4.38
4.56
4.815
4.95
5.215
5.415
5.75
5.82
5.965
6.03
6.145
6.22
6.245
6.48
6.645
6.66
6.86
7.07
7.285
7.465
7.705
7.89
8.1
8.31
8.51
8.72
8.935
9.13
9.33
9.54
9.77
9.8
9.92
10.15
10.335
10.58
10.665
10.755
10.965
11.155
11.37
11.56
11.77
11.81
11.985
12.11
12.395
12.61
12.785
13.03
13.125
13.21
13.45
13.625
14.04
14.275
14.46
14.655
14.865
15.08
15.28
15.495
15.7
15.905
16.105
16.355
16.535
16.745
16.765
16.96
17.19
17.25
17.36
17.58
17.765
17.98
18.19
18.205
18.405
18.445
18.61
19.025
19.23
19.26
19.43
19.64
19.765
19.855
20.065
20.255
20.51
20.67
20.89
21.075
21.29
21.49
21.7
21.9
22.135
22.32
22.53
22.75
22.955
23.15
23.38
23.555
23.8
23.97
24.22
24.395
24.605
24.645
24.8
25.055
25.14
25.225
25.56
25.635
25.87
26.055
26.275
26.295
26.375
26.475
26.695
26.89
27.105
27.3
27.525
27.71
27.92
27.94
28.13
28.335
28.535
28.765
28.97
29.165
29.385
29.795
