0.175
0.5
0.795
0.94
1.11
1.295
1.4
1.905
2.02
2.335
2.505
2.64
2.955
3.255
3.33
3.47
3.565
3.755
3.86
4.36
4.475
4.795
4.935
5.095
5.245
5.395
5.705
6.02
6.21
6.315
6.475
6.49
6.635
6.815
6.92
7.115
7.255
7.42
7.545
7.85
8.155
8.37
8.47
8.675
8.77
9.1
9.275
9.385
9.58
9.705
10.0
10.165
10.31
10.485
10.61
10.795
10.925
11.09
11.105
11.215
11.41
11.545
11.695
11.715
11.83
12.15
12.44
12.73
13.045
13.365
13.515
13.55
13.655
13.805
13.99
14.155
14.27
14.57
14.88
15.04
15.175
15.21
15.505
15.675
15.7
15.83
15.98
16.1
16.42
16.585
16.71
16.975
17.02
17.21
17.305
17.61
17.645
17.925
18.085
18.24
18.39
18.54
18.62
18.685
18.855
18.985
19.12
19.3
19.455
19.66
19.74
19.92
20.055
20.23
20.34
20.645
20.815
21.24
21.425
21.535
21.85
22.03
22.14
22.43
22.74
22.93
23.04
23.2
23.27
23.34
23.505
23.545
23.66
23.795
23.945
24.115
24.235
24.545
24.715
24.855
25.15
25.455
25.63
25.965
26.055
26.225
26.35
26.66
26.855
27.245
27.28
27.55
27.86
28.025
28.15
28.34
28.475
28.65
28.76
29.075
29.355
29.54
29.67
29.93
29.96
