0.145
0.305
0.46
0.605
0.78
1.09
1.105
1.42
1.66
1.745
1.935
2.215
2.245
2.39
2.695
2.72
3.03
3.265
3.375
3.705
4.01
4.345
4.53
4.65
4.99
5.3
5.45
5.615
5.775
6.27
6.645
6.935
7.115
7.265
7.6
7.905
7.935
8.2
8.27
8.415
8.575
8.945
9.265
9.435
9.6
9.93
10.255
10.5
10.59
10.76
10.9
11.22
11.56
11.89
12.22
12.55
12.88
13.105
13.195
13.525
13.85
14.2
14.45
14.515
14.575
14.68
14.865
15.175
15.335
15.51
15.825
15.99
16.135
16.465
16.845
17.14
17.31
17.49
17.805
17.955
18.125
18.46
18.62
18.78
19.045
19.44
19.74
19.9
20.07
20.22
20.385
20.705
21.04
21.195
21.355
21.665
21.99
22.15
22.305
22.62
22.94
23.08
23.245
23.4
23.565
23.88
24.19
24.51
24.965
25.135
25.59
25.755
26.355
26.5
26.66
26.98
27.285
27.445
27.625
27.935
28.085
28.265
28.57
28.71
28.885
29.02
29.195
29.53
29.855
