0.34
0.665
0.795
0.82
1.125
1.295
1.525
1.6
1.765
2.07
2.245
2.57
2.72
3.02
3.18
3.5
3.675
3.975
4.145
4.465
4.61
4.925
5.105
5.43
5.585
5.89
6.05
6.345
6.375
6.525
6.755
6.835
6.995
7.3
7.49
7.81
7.975
8.26
8.44
8.755
8.91
9.14
9.22
9.39
9.57
9.69
9.845
10.155
10.325
10.63
10.8
11.08
11.26
11.755
12.1
12.49
12.53
12.975
13.085
13.19
13.65
14.115
14.435
14.595
14.905
15.1
15.585
16.05
16.365
16.53
16.875
17.0
17.315
17.48
17.78
17.95
18.265
18.425
18.725
18.92
19.075
19.21
19.36
19.52
19.67
19.825
19.975
20.115
20.26
20.525
20.96
21.91
22.07
22.405
22.6
22.985
23.09
23.42
23.54
23.86
24.025
24.315
24.505
24.81
24.965
25.285
25.455
25.755
25.91
26.2
26.395
26.77
26.865
27.185
27.33
27.64
27.8
28.09
28.28
28.57
28.75
29.225
29.55
29.69
