0.615
0.83
1.265
1.3
1.51
1.61
2.15
2.35
2.57
2.585
2.775
3.0
3.225
3.445
3.675
3.88
4.1
4.29
4.36
4.555
4.575
4.81
5.005
5.225
5.455
5.48
5.665
5.69
5.9
5.98
6.1
6.33
6.54
6.77
6.935
6.97
7.485
7.7
7.91
8.665
9.01
9.285
9.33
9.605
9.87
9.95
10.045
10.125
10.51
10.69
10.745
10.975
11.145
11.21
11.415
11.635
11.82
12.1
12.5
12.735
12.925
13.13
13.56
13.795
13.99
14.415
14.825
14.875
15.215
15.29
15.5
15.6
15.72
15.94
16.09
16.16
16.615
16.67
17.17
17.2
17.385
17.635
17.865
18.09
18.26
18.32
18.71
18.965
19.205
19.385
19.61
19.845
20.045
20.245
20.475
20.685
20.925
21.075
21.12
21.34
21.41
21.55
21.755
21.97
22.155
22.18
22.38
22.525
22.615
22.81
22.83
23.275
23.94
24.135
24.36
24.575
25.04
25.35
25.72
25.895
26.1
26.315
26.34
26.775
26.805
27.03
27.24
27.705
28.15
28.385
28.59
28.81
29.025
29.245
29.465
29.68
29.885
