0.375
0.525
0.845
1.18
1.34
1.49
1.645
1.8
1.95
1.97
2.125
2.275
2.435
2.6
2.76
2.915
3.07
3.235
3.38
3.54
3.7
3.855
4.01
4.165
4.32
4.485
4.625
4.795
4.945
5.105
5.27
5.43
5.59
5.775
5.905
6.215
6.385
6.425
6.54
6.695
6.845
7.015
7.165
7.33
7.485
7.645
7.795
7.955
8.11
8.27
8.43
8.585
8.735
8.89
9.045
9.06
9.205
9.355
9.38
9.665
9.815
9.995
10.145
10.31
10.485
10.625
10.81
10.945
11.09
11.165
11.27
11.43
11.495
11.585
11.735
11.9
12.06
12.215
12.38
12.535
12.695
12.845
13.015
13.165
13.335
13.49
13.66
13.815
13.965
14.13
14.28
14.44
14.595
14.685
14.755
14.915
14.98
15.07
15.23
15.385
15.54
15.7
15.85
15.905
16.015
16.165
16.33
16.49
16.645
16.81
16.97
17.13
17.28
17.435
17.585
17.76
17.905
18.055
18.215
18.435
18.765
18.85
19.01
19.17
19.465
19.79
19.94
20.1
20.425
20.595
20.74
21.06
21.37
21.55
21.7
21.84
22.0
22.16
22.32
22.48
22.535
22.63
22.8
22.945
23.105
23.265
23.425
23.575
23.705
23.74
23.885
24.05
24.2
24.365
24.51
24.655
24.815
24.98
25.13
25.45
25.61
25.755
25.93
26.075
26.24
26.39
26.575
26.705
26.855
26.87
27.165
27.33
27.49
27.64
27.675
27.8
27.95
28.11
28.265
28.42
28.575
28.73
28.885
29.05
29.2
29.405
29.505
29.81
