0.195
0.565
0.905
1.26
1.585
1.8
2.12
2.265
2.455
2.62
2.96
3.14
3.31
3.455
3.485
3.66
3.79
4.0
4.185
4.34
4.505
4.685
5.02
5.38
5.725
6.085
6.255
6.325
6.77
7.115
7.49
7.68
7.805
7.99
8.13
8.17
8.495
8.845
9.03
9.21
9.535
9.76
9.78
9.875
10.235
10.39
10.57
10.915
11.285
11.625
11.975
12.135
12.3
12.47
12.515
12.645
12.67
12.805
12.965
13.025
13.145
13.315
13.35
13.87
14.055
14.59
14.76
14.955
15.155
15.315
15.47
15.815
16.08
16.18
16.57
16.635
16.745
16.895
17.135
17.45
17.62
17.83
18.155
18.25
18.325
18.525
18.675
19.02
19.38
19.575
19.76
19.91
20.17
20.25
20.495
20.705
20.96
21.055
21.2
21.38
21.55
21.835
21.925
22.3
22.455
22.625
23.015
23.19
23.34
23.54
23.905
24.035
24.385
24.75
25.1
25.285
25.49
25.685
25.975
26.015
26.205
26.705
26.725
26.9
27.255
27.43
27.6
27.96
28.17
28.315
28.705
28.86
29.03
29.225
29.415
29.59
29.745
