0.275
0.7
1.07
1.615
1.685
1.815
2.185
2.235
2.585
3.33
3.565
3.695
3.73
4.09
4.315
4.685
4.855
5.05
5.225
5.575
5.795
5.995
6.145
6.345
6.525
6.745
7.1
7.48
7.665
7.84
8.035
8.215
8.58
8.8
8.965
9.14
9.305
9.525
9.665
9.89
10.025
10.05
10.245
10.44
10.615
10.775
10.805
10.985
11.17
11.36
11.52
11.705
11.735
11.91
12.1
12.255
12.465
12.655
13.01
13.245
13.4
13.58
13.74
13.925
13.975
14.13
14.49
14.705
14.86
14.965
15.085
15.225
15.44
15.46
15.595
15.935
16.165
16.345
16.515
16.705
16.895
16.925
17.07
17.265
17.43
17.635
17.82
18.115
18.17
18.535
18.585
18.935
19.42
19.66
19.88
20.415
20.605
20.79
21.005
21.155
21.185
21.525
21.55
21.73
21.885
22.245
22.27
22.47
22.64
22.885
23.04
23.4
23.605
23.77
23.955
24.135
24.15
24.36
24.515
24.72
24.88
24.905
25.075
25.26
25.455
25.615
25.805
26.01
26.225
26.39
26.595
26.745
26.965
27.105
27.5
27.86
27.88
28.065
28.265
28.44
28.615
28.81
28.975
29.01
29.18
29.585
29.77
