0.38
1.4
1.56
2.585
2.87
3.17
3.23
3.44
3.505
3.815
4.07
4.145
4.375
4.59
4.64
4.885
4.97
5.44
5.665
5.71
5.955
6.035
6.315
6.37
6.465
6.725
6.87
6.92
7.04
7.09
7.425
7.55
7.9
8.13
8.165
8.64
9.27
9.805
10.37
10.63
10.94
11.21
11.515
11.975
12.28
12.415
12.54
12.78
13.04
13.21
13.555
13.76
13.995
14.355
14.57
14.885
15.125
15.265
15.58
15.68
16.045
16.17
16.315
16.495
16.53
16.685
17.03
17.15
17.39
18.245
19.03
19.38
19.74
20.155
21.34
21.64
21.74
21.87
21.92
21.975
22.13
22.3
22.665
22.985
23.1
23.34
23.45
23.52
23.82
23.895
24.275
25.56
25.59
25.705
25.825
25.905
26.205
26.225
26.43
26.66
26.805
27.035
27.235
27.335
27.59
27.87
28.11
28.17
28.2
28.5
28.62
29.075
29.24
29.93
