0.415
0.73
0.925
1.06
1.39
1.7
1.73
1.97
2.05
2.335
2.37
2.685
2.94
3.015
3.345
3.675
3.99
4.24
4.335
4.675
5.005
5.345
5.66
6.01
6.33
6.655
6.865
6.94
6.965
7.305
7.615
7.955
8.265
8.635
8.95
9.26
9.52
9.59
9.745
9.9
10.245
10.28
10.57
10.61
10.91
11.255
11.575
11.905
12.225
12.57
12.76
12.885
13.21
13.54
13.885
14.195
14.515
14.85
14.995
15.15
15.815
15.88
16.455
16.67
16.8
17.105
17.47
17.81
18.135
18.78
19.45
19.6
19.685
19.815
20.11
20.265
20.44
20.815
21.115
21.465
21.78
22.095
22.42
22.765
22.865
23.09
23.3
23.42
23.735
24.05
24.1
24.415
24.71
24.75
25.05
25.38
25.72
26.05
26.355
26.375
26.645
26.905
26.98
27.02
27.35
27.675
28.015
28.3
28.34
28.66
28.99
29.31
29.65
