0.27
0.445
0.695
0.895
1.285
1.96
2.95
3.255
3.98
4.15
4.455
4.63
4.71
4.91
5.255
5.49
5.65
6.0
6.08
6.315
6.4
6.535
6.855
6.99
7.165
7.295
7.455
7.68
7.815
7.965
8.075
8.36
8.405
8.67
8.85
9.015
9.155
9.26
9.33
9.57
9.71
9.93
9.985
10.14
10.185
10.53
10.595
10.82
10.91
11.265
11.35
11.485
11.605
11.68
11.925
11.965
12.265
12.37
12.555
12.625
12.83
13.0
13.26
13.435
13.59
13.655
13.715
13.895
14.015
14.155
14.455
14.605
14.655
14.89
15.055
15.36
15.49
15.79
15.925
16.21
16.375
16.815
17.07
17.205
17.235
17.475
17.625
17.705
17.775
17.905
18.075
18.355
18.515
18.805
18.955
19.245
19.39
19.7
19.835
20.135
20.27
20.54
20.705
20.735
20.98
21.135
21.465
21.51
21.895
22.01
22.315
22.755
22.88
23.175
23.195
23.325
23.475
23.58
23.73
23.765
23.875
24.005
24.15
24.285
24.425
24.48
24.57
24.715
24.845
25.0
25.31
25.435
25.72
25.88
26.205
26.305
26.62
26.755
27.005
27.065
27.175
27.46
27.61
27.9
28.04
28.32
28.465
28.505
28.52
28.915
29.355
29.77
29.99
