0.27
0.73
1.215
1.28
1.455
1.675
2.155
2.615
3.1
3.345
3.565
3.81
4.045
4.25
4.31
4.515
4.745
4.8
4.99
5.41
5.47
5.675
5.775
5.935
5.965
6.185
6.405
6.665
6.89
7.13
7.36
7.405
7.6
7.655
7.82
8.185
8.325
8.545
8.755
8.81
9.01
9.23
9.49
9.68
9.705
9.735
9.94
10.03
10.18
10.43
10.585
10.71
10.885
11.125
11.39
11.5
11.605
12.07
12.31
12.555
13.025
13.505
13.96
14.195
14.44
14.905
15.22
15.395
15.85
16.09
16.33
16.795
17.04
17.28
17.515
17.75
17.99
18.22
18.47
18.695
18.95
19.175
19.435
19.45
19.64
19.88
20.125
20.385
20.585
20.835
21.065
21.445
21.525
21.765
22.02
22.23
22.48
22.73
22.81
22.965
23.43
23.67
23.755
23.91
23.94
24.37
24.685
24.86
25.315
25.56
25.8
26.03
26.255
26.495
26.73
26.77
27.215
27.445
27.695
28.16
28.63
29.105
29.34
29.59
