0.12
0.275
0.545
0.785
0.94
1.36
1.58
1.8
2.045
2.205
2.415
2.625
2.825
3.05
3.13
3.465
3.67
3.895
4.095
4.31
4.35
4.53
4.545
4.605
4.885
4.915
5.165
5.36
5.38
5.575
5.59
5.8
6.005
6.21
6.41
6.44
6.625
6.835
7.245
7.465
7.675
7.715
7.86
8.295
8.71
8.925
9.14
9.345
9.53
9.7
9.975
10.365
10.79
11.0
11.075
11.19
11.415
11.625
11.835
12.04
12.225
12.465
12.685
12.89
13.075
13.3
13.495
13.915
14.125
14.335
14.53
14.68
14.755
14.96
15.165
15.38
15.575
15.795
15.995
16.21
16.42
16.645
16.86
17.235
17.265
17.465
17.68
17.865
18.08
18.275
18.3
19.135
19.34
19.54
19.76
19.965
20.155
20.3
20.385
20.6
20.785
21.005
21.205
21.435
21.455
21.635
21.85
22.05
22.265
22.555
22.69
22.89
23.1
23.32
23.715
23.935
24.045
24.155
24.345
24.76
24.855
24.98
25.37
25.595
25.81
26.01
26.205
26.435
26.5
26.64
26.84
27.015
27.475
27.65
27.76
28.065
28.265
28.47
29.135
29.305
29.43
29.445
