0.205
0.43
0.48
0.695
0.71
0.92
1.165
1.4
1.64
1.885
2.145
2.37
2.62
2.855
3.11
3.335
3.575
3.82
4.07
4.085
4.305
4.555
4.79
5.03
5.27
5.48
5.515
5.755
6.005
6.235
6.5
6.72
6.985
7.205
7.465
7.695
7.94
8.175
8.44
8.66
8.93
9.14
9.155
9.405
9.625
9.87
10.12
10.315
10.365
10.595
10.84
11.08
11.31
11.56
11.82
12.045
12.29
12.535
12.815
13.005
13.255
13.495
13.76
13.98
14.23
14.465
14.72
14.945
15.185
15.425
15.69
15.89
16.15
16.17
16.395
16.645
16.88
17.135
17.355
17.615
17.845
18.095
18.335
18.47
18.585
18.81
19.05
19.3
19.54
19.77
19.8
20.005
20.035
20.17
20.26
20.485
20.515
20.745
20.975
21.005
21.23
21.48
21.71
21.97
22.195
22.455
22.675
22.885
22.92
23.17
23.425
23.645
23.74
23.915
24.14
24.395
24.615
24.86
25.1
25.355
25.49
25.595
25.82
26.07
26.52
26.555
26.805
27.015
27.06
27.255
27.515
27.54
27.785
28.01
28.25
28.485
28.72
28.975
29.195
29.45
29.7
29.935
