0.545
0.885
1.145
1.5
1.84
2.095
2.46
2.795
3.055
3.41
3.73
4.03
4.315
4.405
4.65
4.725
4.99
5.265
5.37
5.705
5.98
6.35
6.6
6.645
6.935
7.315
7.61
7.895
8.24
8.545
8.825
8.86
9.195
9.52
9.83
10.135
10.45
10.76
11.085
11.415
11.725
12.03
12.385
12.665
12.99
13.325
13.655
13.97
14.31
14.59
14.62
14.91
14.98
15.865
15.905
16.135
16.215
16.525
16.82
16.86
16.935
17.17
17.53
17.805
18.165
18.465
18.8
18.88
19.105
19.785
20.095
20.37
20.675
20.725
21.01
21.18
21.305
21.63
21.93
22.24
22.56
22.88
23.135
23.405
23.53
23.555
23.75
23.85
24.105
24.25
24.49
24.52
24.6
24.815
24.925
25.08
25.35
25.47
25.495
25.7
26.095
26.135
26.475
26.76
27.09
27.375
27.72
28.045
28.315
28.655
28.95
29.255
29.58
