0.325
0.545
0.76
0.99
1.21
1.43
1.65
1.88
2.095
2.32
2.55
2.78
2.99
3.21
3.435
3.665
3.89
4.105
4.345
4.555
4.775
4.995
5.22
5.455
5.67
5.885
6.115
6.34
6.545
6.78
7.01
7.235
7.385
7.445
7.67
7.875
8.125
8.335
8.57
8.785
9.015
9.23
9.455
9.68
9.91
10.12
10.345
10.6
10.8
11.02
11.24
11.46
11.69
11.91
12.13
12.36
12.58
12.805
13.02
13.255
13.47
13.68
13.915
14.14
14.38
14.515
14.58
14.805
15.01
15.26
15.475
15.7
15.93
16.145
16.37
16.59
16.81
17.035
17.085
17.26
17.475
17.94
18.155
18.375
18.635
18.82
18.86
19.04
19.26
19.48
19.71
19.935
20.15
20.395
20.6
20.64
20.82
21.045
21.28
21.505
21.715
21.935
22.14
22.39
22.6
22.83
23.285
23.435
23.72
24.17
24.385
24.62
24.79
25.07
25.285
25.505
25.96
26.175
26.395
26.63
26.85
27.065
27.285
27.51
27.74
27.955
28.185
28.405
28.855
29.065
29.305
29.52
29.74
29.97
