0.245
0.5
0.82
1.065
1.095
1.38
1.675
1.95
2.22
2.54
2.765
3.085
3.105
3.395
3.945
4.51
4.825
5.11
5.65
6.195
6.21
6.515
6.735
7.115
7.365
7.7
7.96
8.22
8.535
8.805
9.105
9.65
9.96
10.53
10.55
10.835
11.385
11.695
12.57
12.845
13.14
13.43
13.74
13.94
14.295
14.58
14.87
15.175
15.74
16.025
16.58
16.895
17.47
17.745
18.29
18.625
18.91
19.435
19.765
20.005
20.31
20.625
20.845
21.16
21.475
21.715
21.97
22.055
22.405
22.63
22.895
23.47
23.79
24.36
24.65
25.52
25.83
26.105
26.39
26.69
26.94
27.275
27.57
27.845
28.15
28.44
28.725
29.015
29.04
29.62
29.86
29.92
