0.225
0.25
0.545
0.73
0.835
1.005
1.11
1.5
1.67
1.925
2.26
2.55
2.855
3.29
3.4
3.705
3.845
3.98
4.54
4.565
4.815
5.11
5.405
5.99
6.255
6.365
6.51
6.635
6.9
7.04
7.065
7.335
7.6
7.775
7.91
8.33
8.455
8.91
9.025
9.305
9.605
9.735
9.875
10.455
10.585
10.745
11.015
11.19
11.29
11.59
11.735
11.865
12.145
12.415
12.665
12.715
13.005
13.145
13.275
13.43
13.56
13.985
14.125
14.4
14.655
14.96
15.26
15.515
15.8
16.15
16.865
17.17
17.445
17.735
18.0
18.285
18.555
18.87
19.13
19.405
19.685
19.925
20.11
20.265
20.42
20.52
20.8
20.84
21.095
21.37
21.665
21.94
22.215
22.345
22.485
22.515
22.765
23.065
23.345
23.475
23.6
23.88
23.895
24.16
24.43
24.57
24.715
24.74
24.935
25.005
25.27
25.55
25.81
26.1
26.385
26.63
26.775
26.91
27.185
27.205
27.475
27.755
28.02
28.3
28.56
28.865
29.14
29.165
29.435
29.685
29.97
