0.275
0.41
0.505
0.86
1.21
1.545
1.76
1.89
2.16
2.23
2.455
2.585
2.78
2.815
2.915
3.15
3.46
3.6
3.945
4.13
4.27
4.615
4.835
4.94
5.28
5.485
5.61
5.83
5.94
6.28
6.625
6.865
6.965
7.305
7.65
7.86
8.02
8.21
8.335
8.555
8.665
8.925
9.015
9.045
9.36
9.58
9.695
9.91
10.045
10.29
10.38
10.615
10.74
10.93
11.34
11.75
12.01
12.105
12.325
12.43
12.68
12.78
12.995
13.145
13.335
13.435
13.65
13.765
13.98
14.015
14.115
14.455
14.79
15.01
15.035
15.125
15.36
15.465
15.805
16.16
16.185
16.37
16.475
16.71
16.735
16.805
17.17
17.35
17.44
17.505
17.85
18.085
18.2
18.36
18.525
18.875
19.09
19.205
19.455
19.545
19.885
19.94
20.15
20.245
20.58
20.8
20.93
21.27
21.485
21.605
21.94
22.17
22.3
22.44
22.635
22.99
23.16
23.215
23.34
23.545
23.56
23.645
24.01
24.22
24.235
24.375
24.56
24.69
24.71
24.92
25.02
25.375
25.705
25.75
25.925
26.06
26.085
26.315
26.39
26.625
26.645
26.745
26.945
27.09
27.11
27.275
27.62
27.725
28.075
28.295
28.44
28.645
28.78
28.945
29.1
29.45
29.655
