0.32
0.445
0.585
0.7
0.84
1.265
1.38
1.665
1.885
2.17
2.315
2.43
2.705
2.95
3.21
3.365
3.485
3.745
4.01
4.25
4.51
4.955
5.075
5.33
5.595
5.835
6.0
6.1
6.39
6.625
6.885
6.915
7.05
7.145
7.43
7.69
7.92
8.19
8.49
8.735
9.015
9.255
9.51
9.67
9.78
10.035
10.305
10.585
10.72
10.83
11.105
11.225
11.36
11.61
11.875
12.31
12.43
12.68
12.955
13.205
13.35
13.46
13.735
13.99
14.235
14.5
14.78
15.03
15.29
15.555
15.68
15.81
15.935
16.085
16.49
16.615
17.14
17.395
17.54
17.65
17.92
18.18
18.585
18.71
18.98
19.11
19.22
19.495
19.64
19.74
20.26
20.54
20.675
20.805
21.07
21.32
21.585
21.74
21.845
22.11
22.37
22.61
22.785
22.885
23.17
23.415
23.675
23.935
24.465
24.875
24.985
25.515
25.775
25.925
26.025
26.315
26.56
26.97
27.085
27.35
27.605
27.865
28.135
28.31
28.66
29.195
29.46
29.715
