0.06
0.355
0.63
0.665
0.915
1.18
1.465
1.615
1.705
2.015
2.18
2.27
2.335
2.555
2.585
2.865
3.155
3.43
3.59
3.705
3.9
4.0
4.275
4.545
4.835
5.01
5.125
5.21
5.4
5.645
5.94
6.05
6.17
6.465
6.73
6.865
7.045
7.295
7.48
7.58
7.795
8.095
8.385
8.67
8.925
9.225
9.48
9.765
10.035
10.32
10.62
10.87
11.12
11.39
11.67
11.94
12.19
12.485
12.765
13.03
13.31
13.59
13.875
14.17
14.45
14.74
14.905
15.015
15.25
15.315
15.535
15.82
16.06
16.095
16.38
16.455
16.635
16.89
17.125
17.435
17.655
17.7
17.905
17.97
18.27
18.53
18.78
18.955
19.06
19.225
19.325
19.37
19.6
19.84
20.13
20.335
20.37
20.645
20.875
20.98
21.155
21.4
21.58
21.65
21.69
21.925
22.115
22.19
22.475
22.73
23.21
23.53
23.615
23.83
24.105
24.385
24.64
24.945
25.0
25.205
25.515
25.725
25.8
26.095
26.33
26.63
26.895
27.115
27.205
27.44
27.69
27.87
27.965
28.225
28.44
28.525
28.715
28.8
29.085
29.32
29.615
29.92
