0.81
1.205
1.29
1.6
1.625
1.875
1.995
2.22
2.435
2.945
3.22
3.27
3.49
3.63
4.055
4.33
4.85
5.65
6.01
6.185
6.5
6.995
7.3
8.11
8.425
8.585
8.925
9.45
9.755
10.55
11.36
11.67
11.95
12.18
13.03
13.295
13.325
13.49
13.825
13.98
14.02
14.165
14.575
14.675
14.925
15.04
15.395
15.855
16.195
16.57
16.94
17.48
17.665
17.77
18.07
18.275
18.445
18.59
18.705
19.36
19.875
20.175
20.675
21.0
21.52
21.795
22.295
22.585
23.02
23.205
23.4
23.45
24.22
24.585
24.965
25.465
25.675
25.775
26.105
26.135
26.555
26.575
26.665
27.28
27.365
27.795
28.005
28.18
28.77
28.935
29.29
29.785
