0.335
0.645
0.935
1.23
1.26
1.53
1.69
1.835
2.125
2.435
2.74
2.89
3.03
3.325
3.63
3.81
3.93
4.125
4.24
4.415
4.53
4.72
4.835
5.13
5.285
5.435
5.7
6.02
6.325
6.625
6.925
7.235
7.525
7.845
8.12
8.135
8.29
8.43
8.72
9.03
9.32
9.625
9.78
9.925
10.235
10.525
10.725
10.84
11.13
11.44
11.88
12.03
12.325
12.55
12.625
12.83
12.92
13.095
13.235
13.525
13.73
13.83
14.125
14.42
14.45
14.715
14.985
15.05
15.625
15.775
15.915
16.235
16.52
16.7
16.83
17.125
17.285
17.43
17.72
17.87
18.015
18.32
18.5
18.63
18.65
18.89
19.095
19.24
19.365
19.425
19.64
19.835
20.015
20.11
20.425
20.44
20.72
21.045
21.305
21.465
21.63
21.915
22.235
22.515
22.67
22.825
23.115
23.285
23.42
23.71
23.86
23.91
24.01
24.2
24.31
24.465
24.625
24.91
25.22
25.435
25.515
25.73
25.805
26.11
26.275
26.415
26.71
26.875
27.015
27.31
27.59
27.61
27.825
27.915
28.205
28.51
28.665
28.84
29.265
29.42
