0.455
0.655
1.235
1.605
1.845
2.145
2.8
3.025
3.125
3.285
3.58
3.98
4.005
4.745
4.9
5.05
5.205
5.93
6.515
6.895
7.12
7.295
7.705
8.05
8.265
8.58
8.845
9.11
9.435
9.895
10.02
10.195
10.6
11.155
11.545
11.95
12.365
12.725
13.005
13.32
13.58
14.15
14.37
14.515
14.68
14.835
15.32
15.785
15.88
16.175
16.38
16.56
16.955
17.12
17.235
17.445
17.715
17.995
18.235
18.365
18.92
18.97
19.165
19.495
19.715
19.975
20.03
20.4
20.67
20.99
21.15
21.22
21.82
22.39
23.005
23.46
23.58
24.17
24.37
24.53
24.745
25.14
25.365
25.6
25.76
25.925
26.58
27.12
27.73
28.315
28.62
28.685
28.94
29.27
29.44
29.815
29.88
