0.175
0.345
0.515
0.545
0.675
0.715
0.835
1.165
1.4
1.485
1.65
1.83
2.16
2.52
2.755
3.015
3.19
3.385
3.52
3.73
3.87
4.215
4.385
4.54
4.89
5.255
5.56
5.605
5.8
5.915
6.12
6.24
6.275
6.61
6.94
7.125
7.29
7.615
7.645
7.95
8.305
8.325
8.455
8.62
8.65
8.95
8.985
9.275
9.605
9.935
10.145
10.305
10.655
11.045
11.18
11.335
11.365
11.535
11.67
11.99
12.34
12.52
12.67
13.0
13.36
13.745
13.88
14.04
14.215
14.36
14.575
14.735
14.93
15.045
15.405
15.74
15.78
16.085
16.375
16.46
16.555
16.615
16.77
16.8
17.1
17.415
17.585
17.67
17.755
18.01
18.105
18.425
18.45
18.745
19.16
19.185
19.275
19.43
19.62
19.775
19.96
19.98
20.11
20.33
20.425
20.485
20.6
20.78
21.1
21.135
21.35
21.43
21.795
21.89
21.98
22.145
22.45
22.485
22.7
22.775
22.805
22.935
23.1
23.145
23.35
23.45
23.475
23.815
23.84
24.135
24.535
24.65
24.815
25.13
25.155
25.22
25.455
25.625
25.78
26.125
26.305
26.455
26.49
26.795
27.24
27.315
27.51
27.82
27.995
28.155
28.325
28.485
28.53
28.655
28.81
28.995
29.15
29.18
29.49
29.865
29.985
