0.175
0.3
0.425
0.54
0.805
1.06
1.215
1.305
1.565
1.85
2.075
2.25
2.375
2.62
2.89
3.155
3.405
3.685
3.95
4.365
4.465
4.735
5.005
5.27
5.525
5.57
5.685
6.06
6.475
6.615
6.84
7.11
7.375
7.63
7.9
8.16
8.44
8.55
8.565
8.805
8.92
9.19
9.455
9.715
10.005
10.265
10.545
10.665
11.035
11.215
11.3
11.565
11.68
11.82
12.115
12.225
12.355
12.635
12.775
13.135
13.31
13.4
13.655
13.91
14.205
14.305
14.45
14.845
15.09
15.27
15.49
15.755
16.005
16.315
16.54
16.825
16.975
17.29
17.57
17.835
18.08
18.6
18.87
19.0
19.145
19.37
19.645
19.91
19.96
20.165
20.545
20.695
20.94
21.21
21.325
21.455
21.715
21.98
22.03
22.225
22.63
22.77
23.305
23.835
24.23
24.36
24.89
25.195
25.325
25.555
25.66
25.73
25.925
26.195
26.445
26.73
26.93
26.96
27.27
27.36
27.615
27.72
27.985
28.245
28.495
28.76
29.015
29.43
29.55
29.795
29.985
