0.115
0.275
0.42
0.59
0.775
0.95
1.035
1.295
1.405
1.565
1.66
1.77
1.88
2.105
2.42
2.455
2.565
2.71
2.805
3.14
3.25
3.505
3.61
3.73
3.95
4.065
4.17
4.29
4.405
4.62
4.775
5.09
5.395
5.43
5.55
5.82
5.9
6.005
6.12
6.33
6.45
6.65
6.915
7.05
7.115
7.26
7.28
7.385
7.615
7.705
7.945
8.185
8.29
8.615
8.735
9.1
9.205
9.31
9.45
9.685
9.72
9.795
10.025
10.13
10.365
10.47
10.595
10.96
11.07
11.305
11.42
11.54
11.64
11.875
11.99
12.22
12.33
12.445
12.695
12.81
12.925
13.155
13.39
13.5
13.765
14.03
14.14
14.19
14.3
14.465
14.515
14.775
15.01
15.14
15.26
15.36
15.595
15.72
15.96
16.045
16.175
16.345
16.53
16.655
16.715
16.89
17.025
17.11
17.225
17.455
17.58
17.705
17.82
17.915
18.025
18.5
18.795
18.85
18.95
19.185
19.29
19.415
19.65
19.875
20.125
20.345
20.495
20.575
20.82
21.045
21.125
21.275
21.4
21.505
21.615
21.655
21.73
21.965
22.09
22.185
22.345
22.405
22.575
22.665
22.76
22.885
22.995
23.1
23.265
23.435
23.545
23.715
23.795
23.895
24.005
24.23
24.375
24.47
24.7
24.78
24.925
25.045
25.155
25.285
25.385
25.555
25.625
25.73
25.855
25.965
26.08
26.175
26.515
26.595
26.845
27.11
27.205
27.47
27.57
27.695
27.925
28.165
28.28
28.39
28.615
28.755
28.86
29.085
29.335
29.435
29.55
29.785
