0.305
0.515
0.71
0.8
0.995
1.08
1.485
1.88
2.105
2.195
2.295
2.39
2.57
3.08
3.46
3.695
3.875
3.965
4.155
4.245
4.465
4.645
4.855
5.05
5.07
5.26
5.45
5.545
5.73
5.81
6.21
6.41
6.55
6.6
6.79
6.98
7.17
7.355
7.475
7.555
7.75
7.93
8.125
8.145
8.33
8.515
8.71
8.895
9.095
9.285
9.37
9.52
9.685
9.885
10.085
10.38
10.455
10.695
10.855
11.27
11.475
11.66
11.755
11.945
12.03
12.425
12.585
12.835
13.06
13.245
13.335
13.535
13.61
14.02
14.235
14.425
14.61
14.745
14.82
15.105
15.565
15.77
15.87
15.965
16.135
16.345
16.53
16.725
16.93
17.115
17.31
17.5
17.695
17.875
18.175
18.26
18.455
18.62
18.82
19.045
19.25
19.445
19.55
19.74
19.825
19.94
20.045
20.225
20.44
20.63
20.845
21.03
21.325
21.405
21.8
22.03
22.22
22.62
22.715
22.91
22.99
23.39
23.615
23.795
24.0
24.195
24.295
24.485
24.565
24.675
24.975
25.075
25.145
25.18
25.355
25.565
25.735
25.93
26.03
26.115
26.32
26.51
26.705
26.905
27.2
27.275
27.67
27.865
28.065
28.265
28.43
28.64
28.825
29.02
29.05
29.215
29.41
29.6
