0.275
0.59
0.755
0.795
1.155
1.29
1.63
1.82
1.98
2.14
2.155
2.32
2.675
2.825
3.13
3.17
3.345
3.68
3.85
3.865
4.175
4.205
4.38
4.695
4.885
5.245
5.28
5.41
5.745
5.915
6.26
6.435
6.77
6.94
7.275
7.465
7.77
7.97
8.285
8.51
8.98
9.015
9.51
9.535
9.87
10.04
10.38
10.57
10.915
11.065
11.41
11.59
11.935
12.1
12.42
12.63
12.91
13.135
13.395
13.655
14.005
14.165
14.19
14.485
14.515
14.53
14.69
14.995
15.2
15.51
15.71
16.05
16.225
16.42
16.56
16.735
16.835
17.065
17.245
17.77
18.06
18.115
18.285
18.49
18.64
18.81
18.925
19.145
19.305
19.65
19.835
20.17
20.215
20.35
20.665
20.7
20.855
21.215
21.36
21.375
21.885
22.23
22.41
22.805
22.925
23.27
23.435
23.765
23.955
24.285
24.465
24.795
24.915
24.99
25.495
26.01
26.35
26.515
26.87
27.05
27.555
28.075
28.585
28.93
29.115
29.615
