0.055
0.32
0.4
0.47
0.74
0.88
1.14
1.305
1.34
1.43
1.69
1.84
2.12
2.25
2.415
2.535
2.66
2.815
2.945
3.075
3.235
3.345
3.62
3.785
3.89
4.035
4.31
4.44
4.605
4.73
4.855
5.005
5.135
5.275
5.435
5.535
5.82
6.08
6.23
6.505
6.64
6.8
6.925
7.05
7.2
7.335
7.465
7.63
7.74
8.01
8.08
8.18
8.29
8.43
8.71
8.84
9.12
9.215
9.385
9.535
9.665
9.815
9.925
10.21
10.36
10.485
10.755
11.02
11.44
11.85
11.88
12.055
12.12
12.27
12.67
12.955
13.09
13.215
13.635
14.045
14.075
14.31
14.465
14.865
14.915
15.145
15.195
15.28
15.4
15.7
15.825
16.24
16.27
16.505
16.66
17.06
17.215
17.505
17.625
17.905
18.315
18.455
18.705
18.855
19.01
19.14
19.265
19.535
19.795
20.09
20.22
20.625
20.83
20.895
21.045
21.445
21.73
21.99
22.41
22.545
22.82
22.85
23.09
23.24
23.64
23.92
23.97
24.055
24.185
24.605
25.015
25.045
25.285
25.435
25.81
25.85
25.99
26.405
26.685
26.935
27.235
27.37
27.48
27.635
27.92
28.045
28.185
28.475
28.59
28.75
28.875
28.965
29.05
29.13
29.285
29.425
29.565
29.675
