0.565
0.87
1.02
1.155
1.445
1.76
2.35
2.64
2.78
2.96
3.24
3.565
3.845
3.995
4.14
4.165
4.75
4.97
5.07
5.335
5.82
5.955
6.235
6.54
7.03
7.165
7.48
7.77
8.365
8.645
8.945
9.385
9.535
9.81
10.12
10.37
10.41
10.56
10.69
10.73
10.985
11.145
11.28
11.725
11.875
12.48
12.79
12.97
13.08
13.39
13.55
13.67
13.835
14.16
14.28
14.595
14.74
14.865
15.47
15.71
15.78
15.935
16.075
16.225
16.39
16.68
16.995
17.15
17.265
17.425
17.755
17.87
18.08
18.17
18.315
18.46
18.62
18.945
19.06
19.37
19.52
19.655
19.975
20.15
20.25
20.555
20.705
20.845
21.265
21.485
21.655
21.91
22.05
22.22
22.465
22.55
22.65
22.955
23.11
23.24
23.84
24.155
24.31
24.43
24.85
25.02
25.065
25.33
25.48
25.605
25.775
25.935
26.095
26.15
26.24
26.525
26.725
26.74
26.83
27.165
27.28
27.44
27.735
28.03
28.525
28.635
28.945
29.095
29.225
