0.145
0.615
0.915
1.01
1.085
1.575
1.795
1.885
2.05
2.32
2.5
2.675
2.735
2.965
3.225
3.245
3.425
3.66
3.705
3.905
4.175
4.375
4.595
4.82
5.3
5.525
5.73
5.965
6.06
6.2
6.42
6.655
6.91
7.115
7.35
7.56
7.805
8.045
8.27
8.52
8.74
8.965
9.19
9.425
9.595
9.635
9.955
10.265
10.34
10.825
11.075
11.265
11.745
11.985
12.21
12.68
12.96
13.165
13.4
13.595
13.66
13.875
14.065
14.54
14.615
14.755
14.975
15.09
15.28
15.425
15.48
15.725
15.93
16.385
16.515
16.74
16.845
16.95
17.075
17.325
17.39
17.565
17.795
18.07
18.095
18.265
18.535
18.7
18.88
18.965
19.195
19.265
19.37
19.455
19.575
19.675
20.065
20.35
20.53
20.75
20.985
21.135
21.205
21.415
21.655
21.855
22.1
22.265
22.305
22.535
22.675
22.705
22.94
23.165
23.47
23.505
23.58
23.8
24.12
24.26
24.5
24.59
24.795
24.885
25.705
25.89
26.35
26.59
26.81
27.125
27.29
27.52
27.545
27.69
27.76
27.98
28.2
28.43
28.65
28.945
29.11
29.33
29.57
