0.16
0.43
0.97
1.245
1.505
1.775
2.045
2.295
2.575
2.825
3.11
3.4
3.645
4.185
4.46
4.735
5.24
5.515
5.57
5.775
6.325
6.845
7.37
7.4
7.645
7.93
8.18
8.455
8.715
8.97
9.205
9.265
9.5
9.785
10.045
10.07
10.575
10.595
11.11
11.36
11.415
11.65
11.915
12.16
12.42
12.715
12.955
13.065
13.225
13.245
13.48
13.765
14.015
14.51
14.82
15.105
15.37
15.64
15.895
16.175
16.45
16.695
16.945
16.995
17.145
17.255
17.515
17.795
18.045
18.29
18.325
18.595
19.11
19.395
19.67
19.915
20.16
20.2
20.46
20.725
20.97
21.23
21.265
21.52
21.715
21.775
22.045
22.31
22.59
22.87
23.05
23.365
23.4
23.685
23.92
24.195
24.425
24.465
24.73
25.005
25.24
25.495
25.53
25.67
25.805
26.075
26.575
26.87
27.155
27.56
27.675
27.985
28.205
28.49
28.725
28.765
29.015
29.05
29.525
29.555
29.79
