0.26
0.285
0.485
0.715
0.935
1.175
1.2
1.39
1.415
1.62
1.85
2.085
2.295
2.535
2.765
2.995
3.23
3.46
3.685
3.905
4.135
4.35
4.58
4.815
5.035
5.275
5.48
5.725
5.965
6.17
6.405
6.635
6.855
7.09
7.315
7.535
7.76
7.98
8.205
8.425
8.66
8.88
8.91
9.105
9.345
9.575
9.795
10.02
10.25
10.485
10.665
10.705
10.93
11.115
11.155
11.38
11.6
11.825
12.05
12.275
12.49
12.725
13.195
13.38
13.445
13.645
13.85
14.11
14.335
14.535
14.585
14.805
15.245
15.475
15.675
15.935
16.08
16.15
16.38
16.83
17.04
17.26
17.485
17.705
17.93
18.145
18.63
19.34
19.57
19.795
19.825
20.015
20.725
20.95
21.165
21.6
21.86
22.12
22.315
22.52
22.76
22.98
23.195
23.41
23.67
23.87
24.095
24.305
24.33
24.54
24.78
24.805
25.005
25.22
25.46
25.67
25.905
26.1
26.32
26.555
26.775
27.015
27.235
27.5
27.685
27.91
28.135
28.39
28.605
28.815
28.845
29.065
29.28
29.51
29.74
29.94
