0.21
0.375
0.625
0.74
0.915
1.04
1.275
1.405
1.435
1.745
2.045
2.085
2.255
2.41
2.58
2.605
2.75
2.935
2.96
3.06
3.27
3.335
3.43
3.6
3.755
3.94
4.1
4.13
4.4
4.46
4.78
4.945
5.105
5.28
5.445
5.61
5.76
6.03
6.155
6.455
6.635
6.8
7.095
7.325
7.44
7.64
7.805
7.99
8.015
8.145
8.335
8.365
8.46
8.655
8.82
8.85
8.995
9.155
9.48
9.82
10.01
10.175
10.2
10.33
10.49
10.505
10.67
10.845
10.965
11.175
11.36
11.52
11.69
11.85
12.1
12.2
12.53
12.555
12.73
12.815
13.05
13.205
13.375
13.54
13.715
13.735
13.845
14.1
14.22
14.405
14.555
14.74
14.895
15.07
15.22
15.505
15.58
15.75
15.905
16.09
16.24
16.425
16.56
16.82
16.92
17.09
17.255
17.445
17.595
17.915
18.23
18.285
18.445
18.605
18.79
18.94
19.13
19.265
19.445
19.61
19.64
19.775
19.96
20.295
20.62
20.645
20.815
20.975
21.135
21.295
21.47
21.635
21.825
21.97
22.15
22.21
22.3
22.315
22.5
22.655
22.815
22.835
22.99
23.155
23.3
23.51
23.535
23.63
23.7
23.8
23.88
24.0
24.17
24.185
24.335
24.45
24.515
24.665
24.855
24.995
25.095
25.185
25.345
25.37
25.52
25.68
25.865
26.015
26.21
26.34
26.525
26.69
26.87
27.03
27.205
27.225
27.375
27.595
27.71
27.86
27.93
28.045
28.2
28.22
28.33
28.39
28.56
28.715
28.895
29.02
29.105
29.21
29.385
29.575
29.735
29.855
