0.045
0.39
0.645
0.7
1.18
1.24
1.435
1.98
2.26
2.3
2.535
2.795
2.98
3.055
3.26
3.635
3.845
3.88
4.11
4.41
4.655
5.205
5.48
5.755
6.015
6.275
6.845
7.115
7.165
7.655
7.905
8.2
8.45
8.725
8.76
8.99
9.245
9.51
10.06
10.335
10.36
10.385
10.605
10.785
10.87
11.135
11.66
11.96
11.985
12.22
12.48
12.74
13.265
13.295
13.57
13.61
14.11
14.37
14.675
14.925
15.19
15.225
15.47
15.735
16.01
16.285
16.55
16.825
17.09
17.36
17.64
17.905
17.93
18.175
18.465
18.735
18.775
19.005
19.26
19.915
19.945
20.065
20.135
20.365
20.605
20.865
21.445
21.57
21.695
21.715
22.01
22.235
22.265
22.5
22.54
22.985
23.09
23.335
23.615
23.87
23.89
24.125
24.695
24.955
25.495
25.76
26.215
26.445
26.52
26.59
26.87
27.13
27.395
27.795
28.05
28.22
28.53
28.745
29.025
29.865
