0.12
0.44
0.735
1.05
1.36
1.645
1.96
2.28
2.59
2.915
3.21
3.525
3.835
4.145
4.43
4.755
5.075
5.1
5.375
5.685
6.0
6.31
6.51
6.595
6.625
6.92
7.235
7.555
7.87
8.16
8.48
8.79
9.085
9.26
9.39
9.71
10.025
10.345
10.64
10.96
11.27
11.465
11.555
11.87
12.19
12.5
12.825
13.12
13.435
13.745
14.055
14.34
14.665
14.97
14.985
15.16
15.275
15.315
15.475
15.59
15.785
15.92
16.115
16.225
16.295
16.31
16.535
16.695
16.83
17.03
17.145
17.465
17.525
17.665
17.76
18.075
18.22
18.285
18.39
18.6
18.675
18.72
18.87
19.0
19.09
19.305
19.62
19.935
20.165
20.235
20.345
20.55
20.635
20.78
20.87
21.175
21.35
21.475
21.725
21.785
22.0
22.1
22.41
22.635
22.73
22.775
22.945
23.03
23.345
23.65
23.715
23.845
23.96
24.025
24.245
24.315
24.46
24.575
24.825
24.895
25.18
25.21
25.505
25.765
25.825
26.075
26.15
26.28
26.325
26.41
26.585
26.735
26.94
27.06
27.215
27.37
27.685
27.705
27.975
28.295
28.56
28.65
28.805
28.905
28.96
29.21
29.425
29.525
29.84
29.985
