0.175
0.5
0.655
0.965
1.22
1.48
1.55
1.955
2.01
2.52
2.765
3.08
3.31
3.575
3.62
3.835
4.105
4.355
4.65
4.885
5.155
5.415
5.675
5.935
6.065
6.49
6.76
7.025
7.27
7.43
7.53
7.87
8.02
8.05
8.32
8.365
8.575
9.115
9.62
9.915
10.435
10.595
10.69
11.215
11.48
11.51
11.75
11.935
12.28
12.785
13.055
13.575
13.85
14.375
14.48
14.64
15.43
15.71
15.96
16.23
16.25
16.5
16.76
17.0
17.28
17.535
17.805
17.835
18.075
18.32
18.575
18.85
19.115
19.385
19.545
19.685
19.925
20.155
20.375
20.685
20.96
21.52
21.745
21.8
22.02
22.29
22.595
22.63
22.855
23.11
23.35
23.81
23.87
24.165
24.715
24.94
25.415
25.47
25.775
26.08
26.545
27.08
27.245
27.375
27.635
27.89
28.16
28.43
28.675
28.94
29.46
29.955
