0.045
0.26
0.605
0.775
0.955
1.3
1.465
1.635
1.97
2.915
3.09
3.61
3.965
4.32
4.665
4.855
5.19
5.57
5.75
5.91
6.425
6.6
6.94
7.105
7.285
7.615
7.97
8.325
8.5
8.65
9.17
9.515
9.69
9.85
10.02
10.365
10.705
11.055
11.235
11.39
11.655
11.67
11.905
12.065
12.405
12.59
12.725
13.42
13.76
13.95
14.085
14.44
14.47
14.61
14.78
14.945
15.12
15.445
16.135
16.48
16.645
16.81
17.325
17.495
17.835
18.17
18.695
18.86
19.205
19.38
19.535
19.895
20.06
20.23
20.41
20.57
20.895
21.58
21.92
22.24
22.785
22.94
23.275
23.61
24.295
24.64
24.82
24.975
25.655
25.835
26.0
26.16
26.335
26.505
26.67
26.83
27.015
27.335
27.68
28.38
28.725
29.065
29.425
29.77
