0.365
0.705
1.04
1.37
1.69
2.35
2.68
2.855
3.015
3.345
3.675
4.0
4.35
4.695
5.0
5.335
5.665
5.995
6.175
6.32
6.645
6.785
6.995
7.31
7.66
7.83
7.98
8.32
8.505
8.64
8.985
9.645
9.985
10.31
10.64
10.96
11.3
11.615
11.935
12.27
12.61
12.93
13.275
13.43
13.605
13.925
14.275
14.615
14.93
15.195
15.59
15.91
16.23
16.435
16.89
17.225
17.565
17.9
18.215
18.55
18.88
19.21
19.545
19.89
20.22
20.55
20.9
21.225
21.565
21.895
22.23
22.55
22.885
23.22
23.54
23.87
24.205
24.54
24.86
25.205
25.52
25.85
26.105
26.185
26.52
26.85
27.17
27.49
27.52
27.84
28.175
28.51
28.835
29.17
29.5
29.825
