0.8
0.915
1.325
1.585
1.72
2.13
2.54
2.6
3.17
3.34
3.575
3.77
4.02
4.17
4.545
4.805
4.95
5.285
5.35
5.61
5.735
6.41
6.545
6.575
6.935
7.19
7.375
7.74
7.99
8.155
8.41
8.52
8.82
8.93
8.955
9.325
9.585
9.735
9.995
10.1
10.4
10.51
10.535
10.9
11.175
11.31
11.58
11.69
11.72
11.975
12.09
12.49
12.755
12.885
13.165
13.275
13.565
13.68
13.735
13.955
14.09
14.135
14.5
14.775
14.845
14.995
15.285
15.355
15.54
15.59
15.685
15.935
16.07
16.4
16.46
16.9
17.15
17.27
17.54
17.725
18.0
18.255
18.48
18.605
18.87
18.905
19.14
19.265
19.55
19.675
20.075
20.125
20.345
20.47
20.945
21.14
21.27
21.675
22.07
22.33
22.47
22.69
22.865
22.9
23.265
23.67
23.7
23.91
24.075
24.11
24.345
24.465
24.87
25.125
25.255
25.49
25.65
25.7
25.925
26.045
26.445
26.84
26.875
27.115
27.28
27.645
27.69
28.075
28.11
28.47
28.73
28.875
29.27
29.72
