0.395
0.455
0.68
1.015
1.435
1.45
1.555
1.83
2.13
2.69
3.11
3.465
3.555
3.625
3.82
4.085
4.1
4.18
4.245
4.32
4.38
4.595
4.76
4.95
5.18
5.295
5.48
5.565
5.705
5.785
5.86
6.06
6.385
6.585
6.605
6.825
6.905
7.005
7.085
7.155
7.34
7.405
7.59
7.61
7.72
8.22
8.285
8.455
8.58
8.765
8.815
9.115
9.21
9.285
9.355
9.53
9.71
9.925
10.45
10.975
11.025
11.225
11.305
11.385
11.46
11.545
11.735
11.81
12.125
12.33
12.35
12.65
12.915
13.0
13.085
13.2
13.25
13.405
13.575
13.76
13.96
14.12
14.275
14.315
14.485
14.64
14.845
15.015
15.085
15.18
15.375
15.75
15.94
15.98
16.46
16.52
16.595
16.755
16.835
16.935
17.035
17.11
17.21
17.495
17.58
17.645
17.925
18.07
18.145
18.675
18.72
19.08
19.23
19.27
19.46
19.59
19.65
19.765
19.83
20.015
20.04
20.21
20.325
20.63
20.75
20.905
21.1
21.115
21.455
21.715
21.8
21.89
22.0
22.55
23.12
23.45
23.675
23.85
24.005
24.21
24.755
25.31
25.865
26.385
26.605
26.765
26.955
27.325
27.5
27.71
27.87
28.08
28.275
28.425
28.62
29.185
29.57
29.755
