0.305
0.43
0.525
0.775
1.045
1.07
1.335
1.46
1.555
1.8
1.83
2.105
2.36
2.49
2.59
2.835
3.125
3.385
3.505
3.62
3.885
4.125
4.46
4.555
4.66
4.9
5.175
5.505
5.605
5.7
5.955
6.225
6.475
6.65
6.675
6.74
6.975
7.24
7.27
7.655
7.765
8.03
8.275
8.565
8.71
8.805
9.055
9.075
9.325
9.59
9.715
9.84
10.085
10.355
10.61
10.81
10.86
11.125
11.375
11.635
11.88
12.14
12.405
12.44
12.905
13.185
13.44
13.695
13.955
14.215
14.465
14.505
14.73
14.765
14.985
15.245
15.265
15.5
15.8
16.005
16.02
16.265
16.535
17.05
17.31
17.56
17.855
18.075
18.095
18.315
18.355
18.6
18.88
19.11
19.345
19.375
19.62
19.89
20.145
20.405
20.655
21.185
21.435
21.695
21.965
22.22
22.48
22.63
22.73
22.975
23.0
23.24
23.5
23.76
24.015
24.175
24.275
24.54
24.72
24.79
25.06
25.31
25.565
25.82
26.105
26.35
26.62
26.86
27.115
27.37
27.625
27.665
27.88
28.185
28.325
28.41
28.67
28.805
28.895
29.235
29.42
29.465
29.695
