0.495
0.97
1.45
1.93
2.4
2.885
3.21
3.355
3.68
3.825
4.155
4.3
4.77
5.205
5.255
5.72
6.205
6.68
6.94
6.985
7.14
7.295
7.32
7.58
7.905
8.035
8.075
8.52
8.56
8.875
8.995
9.38
9.475
9.79
9.925
10.395
10.735
10.845
11.185
11.315
11.645
11.78
12.24
12.745
13.04
13.205
13.49
13.665
14.135
14.445
14.525
14.595
14.665
14.695
14.905
14.92
15.345
15.395
15.53
15.995
16.465
16.79
16.94
17.415
17.88
18.18
18.33
18.405
18.65
18.81
19.1
19.29
19.78
20.24
20.535
20.71
21.04
21.175
21.65
21.95
22.135
22.435
22.595
22.84
22.93
23.065
23.535
23.88
24.0
24.475
24.94
25.405
25.865
26.355
26.63
26.81
27.285
27.765
28.23
28.7
29.175
29.5
29.64
