0.46
0.595
0.74
0.865
0.955
1.025
1.145
1.425
1.715
1.99
2.265
2.515
2.54
2.645
2.71
2.83
3.11
3.395
3.645
3.68
3.965
4.215
4.515
4.775
4.955
5.085
5.365
5.645
5.93
6.065
6.19
6.465
6.605
6.75
6.84
7.055
7.19
7.335
7.56
7.605
7.88
8.165
8.455
8.7
8.725
8.925
9.005
9.295
9.45
9.58
9.845
10.12
10.275
10.4
10.695
10.98
11.245
11.54
11.7
11.825
11.99
12.09
12.255
12.375
12.57
12.635
12.77
12.9
12.93
13.225
13.495
13.775
13.92
14.335
14.615
14.895
15.18
15.385
15.465
15.58
15.745
15.88
16.085
16.18
16.32
16.34
16.585
16.87
17.15
17.395
17.425
17.71
17.825
17.98
18.19
18.27
18.415
18.82
19.1
19.265
19.39
19.665
19.955
20.225
20.515
20.545
20.685
20.79
21.055
21.095
21.245
21.365
21.585
21.66
21.82
21.925
22.195
22.485
22.77
22.91
23.055
23.2
23.325
23.6
23.745
23.875
24.02
24.15
24.445
24.465
24.725
24.93
25.0
25.17
25.455
25.545
25.58
25.855
26.125
26.405
26.535
26.7
26.905
26.985
27.27
27.7
27.825
28.095
28.355
28.655
28.94
29.16
29.225
29.515
29.53
