0.325
0.485
0.8
0.95
1.265
1.565
1.72
2.04
2.19
2.38
2.495
2.665
2.81
2.985
3.115
3.285
3.445
3.755
3.92
4.06
4.38
4.545
4.695
5.02
5.325
5.475
5.805
5.94
6.255
6.545
6.705
7.04
7.17
7.36
7.485
7.645
7.785
8.115
8.27
8.425
8.73
8.88
9.03
9.215
9.34
9.505
9.66
9.975
10.17
10.275
10.425
10.75
10.9
11.22
11.52
11.975
12.145
12.465
12.745
13.055
13.23
13.35
13.51
13.53
13.675
13.83
13.97
14.14
14.165
14.27
14.465
14.49
14.58
14.775
14.905
15.055
15.115
15.2
15.385
15.525
15.81
15.975
16.0
16.14
16.29
16.435
16.765
17.065
17.24
17.39
17.585
17.695
17.895
18.01
18.19
18.31
18.63
18.805
18.925
19.09
19.26
19.415
19.565
19.89
20.19
20.41
20.515
20.805
20.995
21.135
21.425
21.615
21.755
21.93
22.06
22.24
22.37
22.55
22.67
22.85
22.995
23.155
23.305
23.48
23.62
23.81
23.925
24.09
24.245
24.395
24.54
24.71
24.835
25.015
25.155
25.335
25.475
25.64
25.775
25.94
26.055
26.095
26.39
26.575
26.71
26.875
27.01
27.33
27.505
27.62
27.8
27.945
28.12
28.245
28.41
28.56
28.735
28.865
29.04
29.18
29.485
