0.2
0.395
0.58
0.975
1.18
1.365
1.56
1.76
1.96
2.15
2.355
2.54
2.625
2.735
2.935
2.98
3.125
3.325
3.47
3.525
3.72
3.815
4.105
4.3
4.495
4.69
4.885
5.08
5.27
5.48
5.665
5.695
5.86
6.06
6.255
6.45
6.645
6.84
7.23
7.315
7.425
7.62
7.815
8.01
8.21
8.405
8.6
8.795
8.99
9.185
9.38
9.57
9.77
9.965
10.355
10.55
10.745
10.945
11.135
11.33
11.525
11.735
11.915
12.115
12.31
12.505
12.7
12.895
13.09
13.48
13.675
13.87
14.07
14.265
14.46
14.655
15.045
15.24
15.435
15.63
15.825
16.03
16.21
16.39
16.61
16.81
17.005
17.195
17.39
17.53
17.595
17.78
17.88
18.17
18.235
18.365
18.565
18.755
18.955
19.15
19.345
19.735
19.93
20.125
20.325
20.515
20.715
20.905
21.3
21.495
21.69
21.885
22.08
22.275
22.475
22.68
22.86
23.055
23.25
23.445
23.645
23.84
24.03
24.24
24.42
24.62
24.695
24.815
25.01
25.205
25.4
25.6
25.805
25.985
26.185
26.375
26.57
26.77
26.965
27.08
27.16
27.37
27.44
27.55
27.745
27.94
28.13
28.33
28.53
28.725
29.115
29.31
29.505
29.7
29.895
