0.18
0.635
0.945
1.11
1.395
1.545
1.77
2.02
2.225
2.445
2.885
3.1
3.33
3.535
3.71
3.77
4.195
4.445
4.89
5.12
5.545
5.765
5.925
5.99
6.205
6.43
6.465
6.65
6.895
7.33
7.66
7.775
7.84
8.01
8.29
8.45
8.69
8.92
9.095
9.605
9.795
9.985
10.045
10.46
10.905
11.36
11.59
11.8
11.825
12.135
12.305
12.85
12.95
13.15
13.2
13.395
13.615
13.85
13.91
14.275
14.54
14.785
14.985
15.015
15.215
15.36
15.65
15.885
15.91
16.17
16.38
16.61
16.77
16.845
17.09
17.285
17.505
17.75
17.945
18.18
18.625
19.05
19.27
19.51
19.725
19.96
20.165
20.38
20.405
20.615
20.79
21.04
21.135
21.25
21.315
21.765
22.12
22.21
22.42
22.58
22.645
22.875
22.89
22.915
23.11
23.565
23.8
23.94
23.995
24.23
24.47
24.53
24.845
25.11
25.245
25.345
25.575
25.755
26.01
26.23
26.445
26.665
26.915
27.135
27.43
27.585
27.805
27.945
28.485
28.955
29.14
29.385
29.595
29.835
