0.02
0.125
0.34
0.455
0.56
0.69
0.785
1.22
1.45
1.57
1.675
1.79
1.885
2.1
2.215
2.455
2.545
2.985
3.215
3.325
3.55
3.65
3.865
3.975
4.09
4.215
4.305
4.745
4.975
5.09
5.205
5.315
5.41
5.625
5.74
6.07
6.095
6.31
6.51
6.745
6.96
7.17
7.39
7.5
7.735
7.835
8.27
8.5
8.615
8.73
8.835
8.935
9.155
9.26
9.295
9.315
9.38
9.505
9.595
9.83
10.035
10.26
10.38
10.6
10.695
10.92
11.025
11.265
11.355
11.71
11.79
12.02
12.14
12.24
12.365
12.455
12.68
12.79
12.835
13.12
14.115
14.45
15.235
15.525
16.205
16.67
17.31
17.335
17.97
18.35
19.095
19.32
19.735
20.2
20.82
21.49
21.95
22.595
22.845
23.255
24.385
25.02
25.35
25.8
26.39
27.115
27.265
28.78
28.84
29.54
29.65
29.94
