0.215
0.505
0.785
1.335
1.625
1.86
2.2
2.45
2.755
3.035
3.105
3.58
3.865
4.155
4.44
4.695
5.005
5.215
5.275
5.535
5.6
5.815
5.86
5.98
6.12
6.41
6.675
6.945
7.23
7.51
7.81
8.07
8.335
8.595
8.655
8.93
9.09
9.2
9.525
9.755
10.33
10.605
10.89
11.17
11.43
11.715
12.0
12.285
12.545
12.565
12.85
13.405
13.68
13.995
14.265
14.555
14.815
15.1
15.38
15.665
15.93
16.215
16.365
16.485
16.79
17.045
17.325
17.64
17.89
18.17
18.455
18.725
19.295
19.58
19.87
20.14
20.4
20.715
20.97
21.255
21.425
21.53
21.815
22.12
22.385
22.65
22.935
23.235
23.795
24.075
24.35
24.645
24.89
25.13
25.185
25.455
25.73
26.01
26.285
26.325
26.56
26.86
27.115
27.445
27.62
27.7
28.575
28.865
29.135
29.395
29.685
29.835
29.965
