0.15
0.41
0.66
0.89
1.135
1.385
1.64
1.865
2.095
2.345
2.585
2.815
3.065
3.3
3.33
3.55
3.77
4.025
4.265
4.59
4.745
4.98
5.235
5.485
5.72
5.96
6.2
6.47
6.695
6.93
7.15
7.21
7.425
7.48
7.645
7.915
8.07
8.145
8.355
8.615
8.895
9.12
9.32
9.57
9.83
9.95
10.115
10.285
10.53
10.795
11.015
11.19
11.29
11.33
11.485
11.665
11.745
11.965
11.985
12.445
12.67
12.925
13.185
13.41
13.525
13.665
13.89
14.05
14.37
14.605
14.855
15.1
15.245
15.335
15.42
15.515
15.59
15.785
15.83
16.17
16.285
16.485
16.51
16.54
16.765
17.015
17.23
17.455
17.515
17.725
17.965
18.195
18.44
18.66
18.7
18.935
19.16
19.375
19.615
19.645
19.87
20.115
20.35
20.585
20.835
21.065
21.32
21.54
21.565
22.0
22.025
22.255
22.525
22.78
23.0
23.24
23.505
23.76
23.97
24.21
24.235
24.475
24.695
24.94
25.195
25.405
25.9
26.155
26.365
26.39
26.645
26.88
27.05
27.15
27.365
27.59
27.83
28.085
28.275
28.315
28.56
28.795
29.01
29.29
29.76
29.98
