0.125
0.695
0.715
1.235
1.28
1.575
2.115
2.15
2.43
2.745
3.015
3.57
3.88
4.455
4.725
5.01
5.05
5.29
5.885
6.185
6.48
6.735
6.765
7.03
7.32
7.595
7.62
7.915
8.185
8.76
9.025
9.05
9.14
9.26
9.835
10.155
10.41
10.98
11.255
11.515
11.805
12.08
12.36
12.62
12.895
13.18
13.455
13.705
14.0
14.18
14.26
14.545
14.805
15.36
15.64
15.895
16.19
16.435
16.745
16.98
17.25
17.505
17.53
17.655
17.915
18.04
18.335
18.56
18.83
19.15
19.435
19.68
19.91
20.02
20.035
20.295
20.705
20.845
21.405
21.685
22.225
22.27
22.55
22.81
22.865
23.09
23.125
23.48
23.685
23.96
24.265
24.535
24.825
25.1
25.385
25.945
26.22
26.49
26.765
27.035
27.31
27.57
28.16
28.735
28.995
29.015
29.26
