0.445
1.155
1.55
1.74
1.91
2.265
2.66
3.025
3.38
3.515
3.725
3.74
3.755
4.11
4.465
4.83
5.015
5.085
5.185
5.395
5.555
5.915
6.26
6.515
6.975
7.36
7.72
7.94
8.065
8.44
8.79
9.175
9.525
9.89
9.91
10.25
10.34
10.63
10.84
10.96
11.335
11.7
11.97
12.065
12.415
12.75
13.135
13.305
13.465
13.645
13.795
14.195
14.57
15.14
15.275
15.66
15.945
16.055
16.375
16.755
16.825
17.175
17.375
17.505
17.54
17.875
18.255
18.425
18.625
18.81
18.95
19.015
19.185
19.335
19.51
19.675
20.065
20.435
21.035
21.16
21.205
21.535
21.93
22.315
22.645
23.035
23.34
23.415
23.43
24.175
24.35
24.505
24.685
24.86
25.035
25.195
25.365
25.53
25.575
25.96
26.335
26.7
27.1
27.48
27.85
28.23
28.59
28.975
29.385
29.72
