0.14
0.435
0.67
0.925
1.06
1.315
1.455
1.72
2.1
2.235
2.535
3.02
3.41
3.555
3.82
4.195
4.335
4.625
4.855
5.115
5.255
5.505
5.645
5.91
6.29
6.43
6.695
6.73
6.955
7.21
7.345
7.615
7.75
8.01
8.39
8.525
8.815
9.05
9.31
9.7
9.845
10.105
10.485
10.62
10.895
10.92
11.145
11.405
11.545
11.795
12.205
12.58
12.715
13.01
13.24
13.495
13.635
13.9
14.025
14.295
14.67
14.81
15.11
15.34
15.59
15.725
15.995
16.13
16.39
16.775
16.905
17.17
17.21
17.43
17.69
17.825
18.08
18.23
18.49
18.865
19.005
19.27
19.53
19.785
19.925
20.18
20.325
20.58
20.97
21.1
21.4
21.88
22.27
22.405
22.67
23.065
23.195
23.485
23.975
24.375
24.5
24.77
25.155
25.285
25.555
26.07
26.465
26.6
26.865
27.145
27.25
27.385
27.66
27.685
28.17
28.46
28.565
28.695
28.97
29.225
29.35
29.485
29.78
