0.075
0.27
0.455
0.79
0.92
1.11
1.17
1.54
1.57
1.695
1.87
2.235
2.355
2.59
3.115
3.295
3.655
3.79
4.105
4.575
4.69
5.11
5.265
5.425
5.625
5.785
5.81
6.11
6.195
6.46
6.82
7.38
7.545
7.83
7.855
8.045
8.22
8.405
8.54
8.565
8.72
8.885
9.19
9.545
9.785
10.065
10.23
10.76
10.915
11.265
11.42
11.575
11.895
12.125
12.29
12.665
12.835
12.98
13.34
13.525
13.605
13.98
14.325
14.635
14.675
15.005
15.56
15.695
15.725
16.105
16.255
16.555
16.77
17.08
17.44
17.795
18.285
18.47
18.775
18.97
19.145
19.305
19.46
19.795
19.925
20.11
20.455
20.965
21.11
21.455
21.635
22.11
22.285
22.43
22.63
22.78
22.945
23.125
23.495
23.65
23.835
24.175
24.335
24.495
24.825
25.17
25.335
25.45
25.53
25.815
27.245
27.92
28.25
28.555
29.27
29.615
29.785
