0.215
0.35
0.73
0.83
0.945
0.96
1.06
1.225
1.355
1.695
1.74
2.225
2.385
2.725
2.795
2.9
3.415
3.785
3.94
4.03
4.28
4.35
4.47
4.68
4.84
4.985
5.35
5.5
5.775
5.995
6.125
6.21
6.5
6.655
6.875
7.015
7.32
7.535
7.735
8.05
8.34
8.445
8.52
8.55
8.72
8.905
9.065
9.575
9.91
9.955
10.425
10.465
10.48
10.6
10.98
11.12
11.44
11.65
12.015
12.18
12.41
12.51
13.24
13.63
14.08
14.32
14.375
14.88
15.16
15.225
15.29
15.66
16.025
16.37
16.72
17.065
17.375
17.715
18.04
18.34
18.67
18.815
18.845
19.145
19.29
19.335
19.67
19.765
20.265
20.685
20.765
21.06
21.27
21.745
22.11
22.235
22.735
23.105
23.25
23.305
23.635
23.735
23.795
24.115
24.24
24.265
24.685
24.75
25.175
25.25
25.62
25.755
26.15
26.255
26.65
26.765
27.3
27.595
27.66
27.775
28.28
28.76
29.14
29.215
29.27
29.67
29.75
