0.12
0.21
0.295
0.455
0.51
0.545
0.825
0.885
0.955
1.075
1.145
1.26
1.3
1.44
1.75
1.78
1.97
2.07
2.285
2.38
2.57
2.685
2.74
2.875
2.915
2.99
3.225
3.315
3.41
3.615
3.93
3.955
4.015
4.085
4.155
4.235
4.265
4.55
4.6
4.765
4.86
4.97
5.12
5.165
5.32
5.465
5.79
6.1
6.15
6.32
6.4
6.615
6.71
6.74
6.915
6.94
7.09
7.335
7.54
7.72
7.775
7.87
7.945
8.17
8.345
8.57
8.725
8.885
8.915
9.08
9.185
9.22
9.405
9.505
9.685
9.81
9.91
10.12
10.15
10.305
10.35
10.425
10.6
10.74
11.025
11.05
11.17
11.355
11.575
11.66
11.695
11.88
11.99
12.23
12.295
12.625
12.825
12.91
12.93
13.23
13.53
13.845
14.14
14.175
14.395
14.47
14.765
15.11
15.335
15.385
15.705
16.01
16.31
16.625
16.655
16.835
16.945
17.25
17.585
17.78
17.865
18.07
18.185
18.485
18.8
18.83
19.095
19.13
19.43
19.725
20.06
20.28
20.345
20.37
20.66
20.965
21.27
21.58
21.61
21.82
21.905
22.205
22.54
22.75
22.82
22.85
23.03
23.145
23.44
23.76
23.785
24.055
24.085
24.38
24.56
24.685
24.99
25.03
25.18
25.255
25.3
25.325
25.615
25.925
26.225
26.535
26.57
26.75
26.855
27.16
27.51
27.705
27.77
27.98
28.1
28.32
28.395
28.71
29.01
29.04
29.27
29.34
29.64
29.945
29.975
