0.1
0.405
0.57
0.75
0.925
1.065
1.405
1.495
1.655
1.75
1.91
2.085
2.28
2.41
2.61
2.755
3.09
3.27
3.46
3.765
4.1
4.13
4.45
4.625
4.65
4.8
5.125
5.475
5.685
5.825
5.995
6.155
6.4
6.49
6.655
6.83
7.02
7.145
7.32
7.39
7.5
7.72
7.85
8.055
8.175
8.395
8.53
8.7
8.915
8.99
9.075
9.22
9.245
9.53
9.555
9.745
9.88
10.06
10.225
10.44
10.56
10.79
10.905
11.12
11.26
11.415
11.46
11.605
11.805
11.92
12.235
12.44
12.565
12.77
12.94
13.12
13.27
13.47
13.6
13.795
13.945
14.12
14.17
14.28
14.465
14.625
14.795
14.93
15.29
15.46
15.625
15.645
15.83
15.975
16.165
16.3
16.505
16.635
16.8
16.98
17.31
17.64
17.985
18.16
18.32
18.535
18.66
18.85
18.915
19.205
19.33
19.355
19.51
19.66
20.0
20.325
20.53
20.68
20.86
21.035
21.22
21.35
21.555
21.695
21.715
22.035
22.205
22.39
22.585
22.705
22.885
23.045
23.26
23.39
23.57
23.715
23.745
23.93
24.075
24.275
24.415
24.61
24.755
24.94
25.1
25.26
25.395
25.595
25.785
26.1
26.25
26.285
26.445
26.65
26.78
26.955
27.13
27.455
27.645
27.81
28.085
28.15
28.485
28.835
29.01
29.18
29.395
29.52
29.715
29.865
