0.255
0.41
0.785
0.955
1.075
1.325
1.595
1.7
1.85
2.13
2.375
2.645
2.91
3.185
3.445
3.715
3.88
3.945
4.245
4.495
4.52
4.77
4.955
4.995
5.19
5.305
5.48
5.545
5.83
6.09
6.18
6.545
6.895
7.02
7.15
7.305
7.43
7.69
7.95
8.215
8.475
8.615
8.685
8.745
8.835
9.015
9.275
9.31
9.545
9.62
9.81
9.935
10.065
10.32
10.475
10.605
10.86
10.99
11.13
11.285
11.39
11.55
11.57
11.585
11.925
12.095
12.2
12.46
12.735
12.905
12.98
13.125
13.265
13.4
13.525
13.625
13.8
14.055
14.33
14.585
14.745
14.865
15.095
15.395
15.52
15.625
15.89
16.16
16.435
16.69
16.845
16.975
17.085
17.23
17.5
17.77
18.045
18.205
18.31
18.58
18.825
19.035
19.115
19.265
19.365
19.645
19.73
19.895
20.165
20.425
20.73
20.875
20.98
21.25
21.52
22.03
22.24
22.325
22.605
23.09
23.34
23.73
24.0
24.105
24.385
24.64
24.76
25.04
25.155
25.425
25.69
26.21
26.435
26.72
26.855
27.205
27.465
27.745
27.8
28.135
28.24
28.385
28.44
28.51
28.785
28.925
29.15
29.285
29.435
29.545
29.805
29.965
