0.155
0.345
0.405
0.55
0.725
0.745
1.1
1.175
1.37
1.575
1.985
2.385
2.585
2.8
2.985
3.195
3.59
4.0
4.41
4.615
4.83
5.255
5.655
6.05
6.25
6.48
6.68
6.84
7.245
7.68
7.86
8.08
8.465
8.81
8.875
9.285
9.48
9.675
9.895
10.06
10.255
10.47
10.87
11.08
11.285
11.7
12.1
12.515
12.72
12.92
13.31
13.57
13.715
14.15
14.355
14.555
14.955
15.155
15.38
15.765
15.98
16.175
16.585
17.0
17.435
17.63
17.845
18.105
18.245
18.435
18.63
19.04
19.235
19.45
19.62
19.83
20.015
20.22
20.565
20.64
20.825
20.98
21.05
21.43
21.815
22.23
22.29
22.425
22.62
22.815
22.855
23.035
23.435
23.86
24.05
24.27
24.665
25.055
25.47
25.67
25.86
26.275
26.685
27.11
27.33
27.535
27.945
28.355
28.51
28.775
28.96
29.18
29.58
29.76
29.97
