0.03
0.22
0.36
0.595
0.765
1.145
1.35
1.56
1.775
1.95
2.14
2.315
2.34
2.725
2.945
3.135
3.52
3.72
3.8
3.89
4.1
4.315
4.51
4.735
4.885
5.105
5.3
5.705
5.89
6.265
6.3
6.51
6.68
6.885
7.07
7.24
7.455
7.84
8.045
8.06
8.225
8.61
8.645
8.815
9.0
9.17
9.415
9.435
9.625
9.795
9.975
10.19
10.37
10.405
10.575
10.795
10.98
11.36
11.55
11.77
11.95
12.16
12.335
12.405
12.52
12.545
12.74
12.92
13.1
13.32
13.705
13.89
14.105
14.33
14.485
14.705
14.91
15.035
15.1
15.28
15.465
15.64
15.665
15.84
16.04
16.23
16.45
16.67
16.825
17.025
17.215
17.23
17.44
17.615
17.81
18.005
18.025
18.19
18.395
18.6
18.795
19.175
19.255
19.39
19.565
19.945
20.135
20.315
20.355
20.535
20.595
20.73
20.92
21.13
21.15
21.3
21.505
21.68
21.875
21.905
22.095
22.285
22.47
22.49
22.69
22.855
23.075
23.235
23.3
23.435
23.72
23.83
23.865
24.055
24.24
24.46
24.6
24.81
24.995
25.035
25.25
25.425
25.705
25.78
26.005
26.025
26.11
26.205
26.415
26.615
26.82
26.98
27.185
27.37
27.405
27.545
27.585
27.755
27.945
28.13
28.18
28.35
28.535
28.565
28.72
28.755
28.89
29.115
29.315
29.525
29.725
